id: 11
T_world_origin: 
   0.88323   0.459296 -0.0946145  -0.529961
 -0.455152   0.888197  0.0627895    4.39714
  0.112875 -0.0123936   0.993532 -0.0213621
         0          0          0          1
T_origin_endpoint_L: 
  0.748203  -0.663221  0.0181765   0.960966
  0.662638   0.745613 -0.0705084   0.639994
   0.03321   0.064799   0.997346 -0.0999943
         0          0          0          1
T_origin_endpoint_R: 
  0.815751  -0.578389 0.00414563 -0.0700383
  0.577346   0.813805 -0.0662851   0.122439
 0.0349648  0.0564656   0.997792 0.00495928
         0          0          0          1
T_lidar_imu: 
     1      0      0  0.006
     0      1      0 -0.012
     0      0      1  0.008
     0      0      0      1
imu_bias: -0.000310961 -0.000780147  -0.00685706 -0.000444076 -0.000684762    0.0020223
frame_id: 2
num_frames: 119
frame_0
id: 1602
stamp: 1777101639.262547493
T_odom_lidar: 
    0.96204    -0.24945   -0.110694     0.61432
   0.250092    0.968187 -0.00827557      4.5321
   0.109236  -0.0197221     0.99382  -0.0290148
          0           0           0           1
T_world_lidar: 
    0.96204    -0.24945   -0.110694     0.61432
   0.250092    0.968187 -0.00827557      4.5321
   0.109236  -0.0197221     0.99382  -0.0290148
          0           0           0           1
v_world_imu:    -0.16406   -0.115491 -0.00614149
frame_1
id: 1603
stamp: 1777101639.362667322
T_odom_lidar: 
   0.968182   -0.223265   -0.113038    0.595807
   0.224113    0.974549 -0.00531031     4.52091
   0.111346  -0.0201919    0.993577  -0.0297946
          0           0           0           1
T_world_lidar: 
   0.968182   -0.223265   -0.113038    0.595807
   0.224113    0.974549 -0.00531031     4.52091
   0.111346  -0.0201919    0.993577  -0.0297946
          0           0           0           1
v_world_imu:   -0.185066   -0.156714 -0.00657693
frame_2
id: 1604
stamp: 1777101639.462572336
T_odom_lidar: 
   0.973397   -0.200322   -0.111221    0.581413
   0.201242    0.979537 -0.00300606     4.51286
   0.109547  -0.0194563    0.993791  -0.0298817
          0           0           0           1
T_world_lidar: 
   0.973397   -0.200322   -0.111221    0.581413
   0.201242    0.979537 -0.00300606     4.51286
   0.109547  -0.0194563    0.993791  -0.0298817
          0           0           0           1
v_world_imu:    -0.153533   -0.0975609 -8.08496e-05
frame_3
id: 1605
stamp: 1777101639.562572241
T_odom_lidar: 
   0.976689   -0.182693   -0.112701    0.558848
   0.183905    0.982944 0.000359275     4.50575
   0.110713  -0.0210771    0.993629  -0.0291116
          0           0           0           1
T_world_lidar: 
   0.976689   -0.182693   -0.112701    0.558848
   0.183905    0.982944 0.000359275     4.50575
   0.110713  -0.0210771    0.993629  -0.0291116
          0           0           0           1
v_world_imu:  -0.222782 -0.0861938 0.00672852
frame_4
id: 1606
stamp: 1777101639.662603617
T_odom_lidar: 
    0.977899    -0.175892    -0.113029      0.53461
    0.177004      0.98421 -0.000200351      4.49987
    0.111279   -0.0198106     0.993592   -0.0281962
           0            0            0            1
T_world_lidar: 
    0.977899    -0.175892    -0.113029      0.53461
    0.177004      0.98421 -0.000200351      4.49987
    0.111279   -0.0198106     0.993592   -0.0281962
           0            0            0            1
v_world_imu:  -0.272394 -0.0437103 0.00901059
frame_5
id: 1607
stamp: 1777101639.762507200
T_odom_lidar: 
  0.978573  -0.171523  -0.113911    0.50869
  0.172817   0.984953 0.00151311    4.49723
  0.111937 -0.0211664    0.99349 -0.0274712
         0          0          0          1
T_world_lidar: 
  0.978573  -0.171523  -0.113911    0.50869
  0.172817   0.984953 0.00151311    4.49723
  0.111937 -0.0211664    0.99349 -0.0274712
         0          0          0          1
v_world_imu:  -0.231354 -0.0246015 0.00491594
frame_6
id: 1608
stamp: 1777101639.862564802
T_odom_lidar: 
  0.979308   -0.16761  -0.113416   0.485512
   0.16889   0.985633 0.00170727    4.49414
    0.1115 -0.0208267   0.993546 -0.0269697
         0          0          0          1
T_world_lidar: 
  0.979308   -0.16761  -0.113416   0.485512
   0.16889   0.985633 0.00170727    4.49414
    0.1115 -0.0208267   0.993546 -0.0269697
         0          0          0          1
v_world_imu:  -0.246005 -0.0331748 0.00613666
frame_7
id: 1609
stamp: 1777101639.962497711
T_odom_lidar: 
  0.979807  -0.164158  -0.114154   0.460411
  0.165521   0.986203 0.00249692    4.49104
  0.112169 -0.0213414    0.99346 -0.0264132
         0          0          0          1
T_world_lidar: 
  0.979807  -0.164158  -0.114154   0.460411
  0.165521   0.986203 0.00249692    4.49104
  0.112169 -0.0213414    0.99346 -0.0264132
         0          0          0          1
v_world_imu:  -0.242437 -0.0262243 0.00242056
frame_8
id: 1610
stamp: 1777101640.062573433
T_odom_lidar: 
  0.980134  -0.161893   -0.11458   0.436033
  0.163325   0.986567 0.00315367    4.48897
  0.112531 -0.0218048   0.993409 -0.0259853
         0          0          0          1
T_world_lidar: 
  0.980134  -0.161893   -0.11458   0.436033
  0.163325   0.986567 0.00315367    4.48897
  0.112531 -0.0218048   0.993409 -0.0259853
         0          0          0          1
v_world_imu:   -0.24296 -0.0177266 0.00492455
frame_9
id: 1611
stamp: 1777101640.162660360
T_odom_lidar: 
  0.980527  -0.159522   -0.11454   0.412077
  0.160957   0.986956  0.0033358    4.48633
  0.112514 -0.0217068   0.993413 -0.0255931
         0          0          0          1
T_world_lidar: 
  0.980527  -0.159522   -0.11454   0.412077
  0.160957   0.986956  0.0033358    4.48633
  0.112514 -0.0217068   0.993413 -0.0255931
         0          0          0          1
v_world_imu:  -0.259481 -0.0225601 0.00599071
frame_10
id: 1612
stamp: 1777101640.262591124
T_odom_lidar: 
  0.980757  -0.157628  -0.115194   0.389654
  0.159071   0.987261 0.00338101    4.48388
  0.113194   -0.02164   0.993337  -0.025228
         0          0          0          1
T_world_lidar: 
  0.980757  -0.157628  -0.115194   0.389654
  0.159071   0.987261 0.00338101    4.48388
  0.113194   -0.02164   0.993337  -0.025228
         0          0          0          1
v_world_imu:  -0.200913  -0.022379 0.00108757
frame_11
id: 1613
stamp: 1777101640.362504482
T_odom_lidar: 
  0.980869  -0.156328  -0.116007   0.366749
  0.157829   0.987459 0.00381325    4.48231
  0.113956 -0.0220495   0.993241 -0.0249846
         0          0          0          1
T_world_lidar: 
  0.980869  -0.156328  -0.116007   0.366749
  0.157829   0.987459 0.00381325    4.48231
  0.113956 -0.0220495   0.993241 -0.0249846
         0          0          0          1
v_world_imu:  -0.239483 -0.0100889 0.00127415
frame_12
id: 1614
stamp: 1777101640.462590933
T_odom_lidar: 
  0.981069  -0.155402  -0.115558   0.348043
  0.156846   0.987617 0.00344822       4.48
  0.113591 -0.0215078   0.993295 -0.0248921
         0          0          0          1
T_world_lidar: 
  0.981069  -0.155402  -0.115558   0.348043
  0.156846   0.987617 0.00344822       4.48
  0.113591 -0.0215078   0.993295 -0.0248921
         0          0          0          1
v_world_imu:  -0.167594 -0.0256535 0.00102256
frame_13
id: 1615
stamp: 1777101640.562651873
T_odom_lidar: 
  0.981596  -0.152063  -0.115525   0.326848
   0.15344   0.988153 0.00306332    4.47914
  0.113691 -0.0207331     0.9933 -0.0250387
         0          0          0          1
T_world_lidar: 
  0.981596  -0.152063  -0.115525   0.326848
   0.15344   0.988153 0.00306332    4.47914
  0.113691 -0.0207331     0.9933 -0.0250387
         0          0          0          1
v_world_imu:   -0.255161  0.00145031 -0.00169888
frame_14
id: 1616
stamp: 1777101640.662669182
T_odom_lidar: 
  0.981258  -0.153221  -0.116856   0.303024
  0.154788   0.987938   0.004399    4.47834
  0.114772 -0.0224044   0.993139 -0.0250306
         0          0          0          1
T_world_lidar: 
  0.981258  -0.153221  -0.116856   0.303024
  0.154788   0.987938   0.004399    4.47834
  0.114772 -0.0224044   0.993139 -0.0250306
         0          0          0          1
v_world_imu:  -0.186789 -0.0269174 0.00280467
frame_15
id: 1617
stamp: 1777101640.762701511
T_odom_lidar: 
  0.982035  -0.148484  -0.116449    0.28486
  0.149877   0.988699 0.00325167    4.47574
  0.114651 -0.0206464   0.993191 -0.0249166
         0          0          0          1
T_world_lidar: 
  0.982035  -0.148484  -0.116449    0.28486
  0.149877   0.988699 0.00325167    4.47574
  0.114651 -0.0206464   0.993191 -0.0249166
         0          0          0          1
v_world_imu:   -0.207739 -0.00547977  0.00120526
frame_16
id: 1618
stamp: 1777101640.862624407
T_odom_lidar: 
   0.98207  -0.148726  -0.115844   0.263331
   0.15024    0.98864 0.00440061    4.47577
  0.113874 -0.0217261   0.993258 -0.0254955
         0          0          0          1
T_world_lidar: 
   0.98207  -0.148726  -0.115844   0.263331
   0.15024    0.98864 0.00440061    4.47577
  0.113874 -0.0217261   0.993258 -0.0254955
         0          0          0          1
v_world_imu:   -0.221758  0.00193805 0.000938375
frame_17
id: 1619
stamp: 1777101640.962604284
T_odom_lidar: 
  0.982392  -0.146239  -0.116276   0.242345
  0.147786   0.989008 0.00475236    4.47402
  0.114303 -0.0218527   0.993206 -0.0255052
         0          0          0          1
T_world_lidar: 
  0.982392  -0.146239  -0.116276   0.242345
  0.147786   0.989008 0.00475236    4.47402
  0.114303 -0.0218527   0.993206 -0.0255052
         0          0          0          1
v_world_imu:  -0.184933 -0.0291342 0.00183061
frame_18
id: 1620
stamp: 1777101641.062646627
T_odom_lidar: 
  0.982851  -0.143299  -0.116059   0.221421
  0.144819   0.989447 0.00472958    4.47219
  0.114156  -0.021456   0.993231 -0.0255522
         0          0          0          1
T_world_lidar: 
  0.982851  -0.143299  -0.116059   0.221421
  0.144819   0.989447 0.00472958    4.47219
  0.114156  -0.021456   0.993231 -0.0255522
         0          0          0          1
v_world_imu:   -0.24604 -0.0070179 0.00361404
frame_19
id: 1621
stamp: 1777101641.162663221
T_odom_lidar: 
  0.983248  -0.140537  -0.116075   0.198592
  0.142021   0.989853 0.00457037    4.47064
  0.114255 -0.0209788    0.99323 -0.0257315
         0          0          0          1
T_world_lidar: 
  0.983248  -0.140537  -0.116075   0.198592
  0.142021   0.989853 0.00457037    4.47064
  0.114255 -0.0209788    0.99323 -0.0257315
         0          0          0          1
v_world_imu:  -0.218916 -0.0266734 0.00280877
frame_20
id: 1622
stamp: 1777101641.262560368
T_odom_lidar: 
  0.983481  -0.138603  -0.116421   0.176523
  0.140094   0.990127 0.00468762    4.46916
  0.114622 -0.0209201   0.993189  -0.025971
         0          0          0          1
T_world_lidar: 
  0.983481  -0.138603  -0.116421   0.176523
  0.140094   0.990127 0.00468762    4.46916
  0.114622 -0.0209201   0.993189  -0.025971
         0          0          0          1
v_world_imu:   -0.205923  -0.0126893 -0.00445078
frame_21
id: 1623
stamp: 1777101641.362681866
T_odom_lidar: 
  0.983609  -0.137319  -0.116866   0.154667
  0.138903   0.990291 0.00547566    4.46855
  0.114979 -0.0216189   0.993133 -0.0261906
         0          0          0          1
T_world_lidar: 
  0.983609  -0.137319  -0.116866   0.154667
  0.138903   0.990291 0.00547566    4.46855
  0.114979 -0.0216189   0.993133 -0.0261906
         0          0          0          1
v_world_imu:   -0.210013  -0.0131104 0.000982888
frame_22
id: 1624
stamp: 1777101641.462633133
T_odom_lidar: 
  0.984233  -0.133373   -0.11618   0.134411
  0.134846   0.990855 0.00487465    4.46652
  0.114467 -0.0204641   0.993216 -0.0294228
         0          0          0          1
T_world_lidar: 
  0.984233  -0.133373   -0.11618   0.134411
  0.134846   0.990855 0.00487465    4.46652
  0.114467 -0.0204641   0.993216 -0.0294228
         0          0          0          1
v_world_imu:   -0.22014  -0.025493 -0.0039485
frame_23
id: 1625
stamp: 1777101641.562699795
T_odom_lidar: 
  0.984439  -0.131598  -0.116454   0.113063
  0.133109   0.991087 0.00526035    4.46506
  0.114724 -0.0206796   0.993182 -0.0301554
         0          0          0          1
T_world_lidar: 
  0.984439  -0.131598  -0.116454   0.113063
  0.133109   0.991087 0.00526035    4.46506
  0.114724 -0.0206796   0.993182 -0.0301554
         0          0          0          1
v_world_imu:   -0.195101  -0.0118955 -0.00593084
frame_24
id: 1626
stamp: 1777101641.662732840
T_odom_lidar: 
  0.984906  -0.128769  -0.115665  0.0918489
  0.130328   0.991453 0.00598272    4.46418
  0.113906 -0.0209668    0.99327 -0.0307708
         0          0          0          1
T_world_lidar: 
  0.984906  -0.128769  -0.115665  0.0918489
  0.130328   0.991453 0.00598272    4.46418
  0.113906 -0.0209668    0.99327 -0.0307708
         0          0          0          1
v_world_imu:   -0.242173  -0.0106679 -0.00385223
frame_25
id: 1627
stamp: 1777101641.762664557
T_odom_lidar: 
  0.985076  -0.126916  -0.116267  0.0669918
  0.128612   0.991669 0.00716861    4.46266
  0.114389  -0.022015   0.993192 -0.0311147
         0          0          0          1
T_world_lidar: 
  0.985076  -0.126916  -0.116267  0.0669918
  0.128612   0.991669 0.00716861    4.46266
  0.114389  -0.022015   0.993192 -0.0311147
         0          0          0          1
v_world_imu:   -0.244631  -0.0190975 -0.00267745
frame_26
id: 1628
stamp: 1777101641.862762690
T_odom_lidar: 
  0.985546  -0.123805  -0.115634  0.0444585
  0.125497   0.992066 0.00744455    4.46141
  0.113795 -0.0218487   0.993264 -0.0316082
         0          0          0          1
T_world_lidar: 
  0.985546  -0.123805  -0.115634  0.0444585
  0.125497   0.992066 0.00744455    4.46141
  0.113795 -0.0218487   0.993264 -0.0316082
         0          0          0          1
v_world_imu:   -0.234089 -0.00682698 -0.00507483
frame_27
id: 1629
stamp: 1777101641.962694407
T_odom_lidar: 
  0.985555  -0.122774   -0.11665  0.0197307
  0.124534   0.992184 0.00789938    4.46045
  0.114769 -0.0223122   0.993142 -0.0319775
         0          0          0          1
T_world_lidar: 
  0.985555  -0.122774   -0.11665  0.0197307
  0.124534   0.992184 0.00789938    4.46045
  0.114769 -0.0223122   0.993142 -0.0319775
         0          0          0          1
v_world_imu:   -0.232992  -0.0238721 -0.00286217
frame_28
id: 1630
stamp: 1777101642.062664747
T_odom_lidar: 
   0.985998   -0.119216   -0.116597 -0.00408513
   0.120916    0.992634  0.00758349     4.45848
   0.114834  -0.0215757     0.99315  -0.0321829
          0           0           0           1
T_world_lidar: 
   0.985998   -0.119216   -0.116597 -0.00408513
   0.120916    0.992634  0.00758349     4.45848
   0.114834  -0.0215757     0.99315  -0.0321829
          0           0           0           1
v_world_imu:  -0.254667  -0.016833 0.00073699
frame_29
id: 1631
stamp: 1777101642.162617445
T_odom_lidar: 
  0.986457  -0.116082  -0.115873 -0.0272032
  0.117675   0.993028   0.006976    4.45672
  0.114256 -0.0205169    0.99324 -0.0323513
         0          0          0          1
T_world_lidar: 
  0.986457  -0.116082  -0.115873 -0.0272032
  0.117675   0.993028   0.006976    4.45672
  0.114256 -0.0205169    0.99324 -0.0323513
         0          0          0          1
v_world_imu:  -0.230588 -0.0195772 -0.0022138
frame_30
id: 1632
stamp: 1777101642.262688637
T_odom_lidar: 
   0.98669  -0.113352  -0.116598 -0.0502044
  0.114952   0.993346 0.00707187    4.45523
   0.11502 -0.0203809   0.993154 -0.0323652
         0          0          0          1
T_world_lidar: 
   0.98669  -0.113352  -0.116598 -0.0502044
  0.114952   0.993346 0.00707187    4.45523
   0.11502 -0.0203809   0.993154 -0.0323652
         0          0          0          1
v_world_imu:   -0.188189  -0.0199557 -0.00133335
frame_31
id: 1633
stamp: 1777101642.362700939
T_odom_lidar: 
  0.987132  -0.110235   -0.11584 -0.0683727
  0.111828   0.993701 0.00732529    4.45401
  0.114303 -0.0201852   0.993241  -0.032533
         0          0          0          1
T_world_lidar: 
  0.987132  -0.110235   -0.11584 -0.0683727
  0.111828   0.993701 0.00732529    4.45401
  0.114303 -0.0201852   0.993241  -0.032533
         0          0          0          1
v_world_imu:    -0.192761    0.0056176 -0.000197566
frame_32
id: 1634
stamp: 1777101642.462799788
T_odom_lidar: 
    0.9873  -0.109353  -0.115241 -0.0888513
  0.111048    0.99378 0.00837482    4.45432
  0.113608 -0.0210657   0.993302 -0.0326843
         0          0          0          1
T_world_lidar: 
    0.9873  -0.109353  -0.115241 -0.0888513
  0.111048    0.99378 0.00837482    4.45432
  0.113608 -0.0210657   0.993302 -0.0326843
         0          0          0          1
v_world_imu:   -0.223628 0.000148015  0.00099634
frame_33
id: 1635
stamp: 1777101642.562737703
T_odom_lidar: 
   0.98764  -0.105547  -0.115879  -0.112578
  0.107244   0.994196  0.0084907    4.45278
  0.114311 -0.0208131   0.993227 -0.0323189
         0          0          0          1
T_world_lidar: 
   0.98764  -0.105547  -0.115879  -0.112578
  0.107244   0.994196  0.0084907    4.45278
  0.114311 -0.0208131   0.993227 -0.0323189
         0          0          0          1
v_world_imu:  -0.246364 -0.0189246 0.00385827
frame_34
id: 1636
stamp: 1777101642.662680864
T_odom_lidar: 
  0.988486 -0.0967126  -0.116372  -0.137505
 0.0982187   0.995138 0.00726455    4.44965
  0.115103 -0.0186108   0.993179 -0.0317081
         0          0          0          1
T_world_lidar: 
  0.988486 -0.0967126  -0.116372  -0.137505
 0.0982187   0.995138 0.00726455    4.44965
  0.115103 -0.0186108   0.993179 -0.0317081
         0          0          0          1
v_world_imu:  -0.253575 -0.0455414  0.0148456
frame_35
id: 1637
stamp: 1777101642.762838125
T_odom_lidar: 
  0.989761 -0.0841156  -0.115318  -0.164041
 0.0858136   0.996263 0.00983123    4.44724
   0.11406 -0.0196264    0.99328 -0.0311983
         0          0          0          1
T_world_lidar: 
  0.989761 -0.0841156  -0.115318  -0.164041
 0.0858136   0.996263 0.00983123    4.44724
   0.11406 -0.0196264    0.99328 -0.0311983
         0          0          0          1
v_world_imu:  -0.294284 -0.0328305 0.00398103
frame_36
id: 1638
stamp: 1777101642.862857580
T_odom_lidar: 
  0.991674 -0.0586316  -0.114652  -0.188628
 0.0606866   0.998051   0.014514    4.44159
  0.113578  -0.021351     0.9933 -0.0307853
         0          0          0          1
T_world_lidar: 
  0.991674 -0.0586316  -0.114652  -0.188628
 0.0606866   0.998051   0.014514    4.44159
  0.113578  -0.021351     0.9933 -0.0307853
         0          0          0          1
v_world_imu:  -0.250554 -0.0685304 0.00552628
frame_37
id: 1639
stamp: 1777101642.962852478
T_odom_lidar: 
  0.993146 -0.0196149  -0.115225   -0.21251
 0.0218294     0.9996  0.0179881     4.4328
  0.114826 -0.0203801   0.993177 -0.0300055
         0          0          0          1
T_world_lidar: 
  0.993146 -0.0196149  -0.115225   -0.21251
 0.0218294     0.9996  0.0179881     4.4328
  0.114826 -0.0203801   0.993177 -0.0300055
         0          0          0          1
v_world_imu:  -0.215391 -0.0807754 0.00393409
frame_38
id: 1640
stamp: 1777101643.062833071
T_odom_lidar: 
  0.993411  0.0154797  -0.113558  -0.233945
-0.0130404   0.999669  0.0221926    4.42628
  0.113864 -0.0205656   0.993284  -0.030427
         0          0          0          1
T_world_lidar: 
  0.993411  0.0154797  -0.113558  -0.233945
-0.0130404   0.999669  0.0221926    4.42628
  0.113864 -0.0205656   0.993284  -0.030427
         0          0          0          1
v_world_imu:   -0.246067  -0.0419552 -0.00311229
frame_39
id: 1641
stamp: 1777101643.162810802
T_odom_lidar: 
  0.992492  0.0451253  -0.113683  -0.256081
-0.0423988   0.998755  0.0262897    4.42136
  0.114728 -0.0212722   0.993169 -0.0308387
         0          0          0          1
T_world_lidar: 
  0.992492  0.0451253  -0.113683  -0.256081
-0.0423988   0.998755  0.0262897    4.42136
  0.114728 -0.0212722   0.993169 -0.0308387
         0          0          0          1
v_world_imu:   -0.171624  -0.0306583 -0.00814657
frame_40
id: 1642
stamp: 1777101643.262841702
T_odom_lidar: 
  0.990923  0.0740277  -0.112215  -0.271924
-0.0714245   0.997079  0.0270488    4.41576
  0.113889 -0.0187884   0.993316 -0.0310654
         0          0          0          1
T_world_lidar: 
  0.990923  0.0740277  -0.112215  -0.271924
-0.0714245   0.997079  0.0270488    4.41576
  0.113889 -0.0187884   0.993316 -0.0310654
         0          0          0          1
v_world_imu:  -0.196795   -0.04082 0.00234157
frame_41
id: 1643
stamp: 1777101643.362648010
T_odom_lidar: 
  0.989076  0.0965523  -0.111385  -0.290623
-0.0939931   0.995179  0.0280153    4.41374
  0.113553 -0.0172398   0.993382 -0.0311159
         0          0          0          1
T_world_lidar: 
  0.989076  0.0965523  -0.111385  -0.290623
-0.0939931   0.995179  0.0280153    4.41374
  0.113553 -0.0172398   0.993382 -0.0311159
         0          0          0          1
v_world_imu:   -0.21038 -0.0163685 0.00557527
frame_42
id: 1644
stamp: 1777101643.462740421
T_odom_lidar: 
  0.987363   0.114306  -0.109761  -0.312123
 -0.111728   0.993304  0.0293811    4.41417
  0.112384 -0.0167465   0.993524 -0.0309586
         0          0          0          1
T_world_lidar: 
  0.987363   0.114306  -0.109761  -0.312123
 -0.111728   0.993304  0.0293811    4.41417
  0.112384 -0.0167465   0.993524 -0.0309586
         0          0          0          1
v_world_imu:  -0.305257  0.0332233 0.00114503
frame_43
id: 1645
stamp: 1777101643.562871695
T_odom_lidar: 
  0.983295   0.146126   -0.10853  -0.340374
 -0.142857   0.989038  0.0373519    4.41786
  0.112798 -0.0212237   0.993391 -0.0312722
         0          0          0          1
T_world_lidar: 
  0.983295   0.146126   -0.10853  -0.340374
 -0.142857   0.989038  0.0373519    4.41786
  0.112798 -0.0212237   0.993391 -0.0312722
         0          0          0          1
v_world_imu:   -0.239358  0.00434355 -0.00350658
frame_44
id: 1646
stamp: 1777101643.662884951
T_odom_lidar: 
  0.976811   0.186003  -0.106031  -0.361507
 -0.182821    0.98237  0.0390587    4.41322
  0.111427 -0.0187682   0.993595 -0.0308767
         0          0          0          1
T_world_lidar: 
  0.976811   0.186003  -0.106031  -0.361507
 -0.182821    0.98237  0.0390587    4.41322
  0.111427 -0.0187682   0.993595 -0.0308767
         0          0          0          1
v_world_imu:  -0.220783 -0.0870493  0.0100715
frame_45
id: 1647
stamp: 1777101643.762552261
T_odom_lidar: 
  0.968054    0.22791  -0.104537  -0.385046
 -0.224788   0.973549  0.0408844    4.40952
   0.11109 -0.0160795    0.99368 -0.0304291
         0          0          0          1
T_world_lidar: 
  0.968054    0.22791  -0.104537  -0.385046
 -0.224788   0.973549  0.0408844    4.40952
   0.11109 -0.0160795    0.99368 -0.0304291
         0          0          0          1
v_world_imu:   -0.267998  0.00897219 -0.00108782
frame_46
id: 1648
stamp: 1777101643.862854004
T_odom_lidar: 
  0.960135   0.259994  -0.102684  -0.410885
 -0.256626   0.965463  0.0449809    4.41159
  0.110832 -0.0168364   0.993697 -0.0306981
         0          0          0          1
T_world_lidar: 
  0.960135   0.259994  -0.102684  -0.410885
 -0.256626   0.965463  0.0449809    4.41159
  0.110832 -0.0168364   0.993697 -0.0306981
         0          0          0          1
v_world_imu:  -0.255612 -0.0154704 0.00597946
frame_47
id: 1649
stamp: 1777101643.962530613
T_odom_lidar: 
   0.94806   0.301151  -0.102426  -0.435983
 -0.297902   0.953486  0.0460215    4.40821
  0.111522  -0.013118   0.993675 -0.0300624
         0          0          0          1
T_world_lidar: 
   0.94806   0.301151  -0.102426  -0.435983
 -0.297902   0.953486  0.0460215    4.40821
  0.111522  -0.013118   0.993675 -0.0300624
         0          0          0          1
v_world_imu:  -0.229515 -0.0343533 0.00692801
frame_48
id: 1650
stamp: 1777101644.062695503
T_odom_lidar: 
  0.937271    0.33389  -0.100198  -0.457783
 -0.330456   0.942517  0.0496002    4.41018
     0.111 -0.0133776    0.99373 -0.0301841
         0          0          0          1
T_world_lidar: 
  0.937271    0.33389  -0.100198  -0.457783
 -0.330456   0.942517  0.0496002    4.41018
     0.111 -0.0133776    0.99373 -0.0301841
         0          0          0          1
v_world_imu:    -0.21358   0.0247722 -0.00445517
frame_49
id: 1651
stamp: 1777101644.162404060
T_odom_lidar: 
  0.924867   0.367203 -0.0989084  -0.480602
 -0.363472   0.930034  0.0540723    4.41364
  0.111844 -0.0140592   0.993626  -0.030291
         0          0          0          1
T_world_lidar: 
  0.924867   0.367203 -0.0989084  -0.480602
 -0.363472   0.930034  0.0540723    4.41364
  0.111844 -0.0140592   0.993626  -0.030291
         0          0          0          1
v_world_imu:  -0.256268 -0.0366408 0.00147635
frame_50
id: 1652
stamp: 1777101644.262819767
T_odom_lidar: 
  0.910256   0.402294 -0.0979472  -0.500881
  -0.39854   0.915431  0.0561411    4.41222
  0.112249 -0.0120669   0.993607 -0.0300688
         0          0          0          1
T_world_lidar: 
  0.910256   0.402294 -0.0979472  -0.500881
  -0.39854   0.915431  0.0561411    4.41222
  0.112249 -0.0120669   0.993607 -0.0300688
         0          0          0          1
v_world_imu:   -0.147438   0.0148004 -0.00163581
frame_51
id: 1653
stamp: 1777101644.362854004
T_odom_lidar: 
  0.897954   0.429586 -0.0955758  -0.514932
 -0.425279   0.902891   0.062661    4.41499
  0.113213 -0.0156203   0.993448 -0.0307661
         0          0          0          1
T_world_lidar: 
  0.897954   0.429586 -0.0955758  -0.514932
 -0.425279   0.902891   0.062661    4.41499
  0.113213 -0.0156203   0.993448 -0.0307661
         0          0          0          1
v_world_imu:   -0.122811   0.0312643 -0.00922215
frame_52
id: 1654
stamp: 1777101644.462194443
T_odom_lidar: 
  0.886319   0.453197 -0.0951347  -0.525654
 -0.449077   0.891324  0.0622247    4.41023
  0.112996 -0.0124282   0.993518 -0.0308236
         0          0          0          1
T_world_lidar: 
  0.886319   0.453197 -0.0951347  -0.525654
 -0.449077   0.891324  0.0622247    4.41023
  0.112996 -0.0124282   0.993518 -0.0308236
         0          0          0          1
v_world_imu:  -0.0482007 -0.00448017 -0.00274989
frame_53
id: 1655
stamp: 1777101644.562540054
T_odom_lidar: 
  0.883248   0.459286 -0.0944947  -0.529294
 -0.455178   0.888205  0.0624905    4.41056
  0.112632 -0.0121827   0.993562 -0.0307732
         0          0          0          1
T_world_lidar: 
  0.883248   0.459286 -0.0944947  -0.529294
 -0.455178   0.888205  0.0624905    4.41056
  0.112632 -0.0121827   0.993562 -0.0307732
         0          0          0          1
v_world_imu:   -0.0047998    0.0475452 -0.000678467
frame_54
id: 1656
stamp: 1777101644.662819862
T_odom_lidar: 
  0.884532   0.456921 -0.0939477  -0.529083
 -0.452777   0.889413  0.0627539    4.41178
  0.112232 -0.0129705   0.993597 -0.0308368
         0          0          0          1
T_world_lidar: 
  0.884532   0.456921 -0.0939477  -0.529083
 -0.452777   0.889413  0.0627539    4.41178
  0.112232 -0.0129705   0.993597 -0.0308368
         0          0          0          1
v_world_imu:     0.01518 -0.00231089  0.00181754
frame_55
id: 1657
stamp: 1777101644.762956381
T_odom_lidar: 
  0.882655   0.460399 -0.0946158  -0.527525
  -0.45643   0.887645  0.0613016    4.40906
  0.112208 -0.0109227   0.993625  -0.030572
         0          0          0          1
T_world_lidar: 
  0.882655   0.460399 -0.0946158  -0.527525
  -0.45643   0.887645  0.0613016    4.40906
  0.112208 -0.0109227   0.993625  -0.030572
         0          0          0          1
v_world_imu:  0.0117796 -0.0163969 0.00110585
frame_56
id: 1658
stamp: 1777101644.862837553
T_odom_lidar: 
  0.883449    0.45892 -0.0943899  -0.528816
 -0.454805   0.888392  0.0625431    4.41045
  0.112558 -0.0123246   0.993569 -0.0305295
         0          0          0          1
T_world_lidar: 
  0.883449    0.45892 -0.0943899  -0.528816
 -0.454805   0.888392  0.0625431    4.41045
  0.112558 -0.0123246   0.993569 -0.0305295
         0          0          0          1
v_world_imu:    -0.011674    0.0221184 -0.000146102
frame_57
id: 1659
stamp: 1777101644.962794542
T_odom_lidar: 
  0.883025   0.459682 -0.0946513  -0.528968
 -0.455573   0.888002  0.0625032     4.4102
  0.112782 -0.0120713   0.993546 -0.0303607
         0          0          0          1
T_world_lidar: 
  0.883025   0.459682 -0.0946513  -0.528968
 -0.455573   0.888002  0.0625032     4.4102
  0.112782 -0.0120713   0.993546 -0.0303607
         0          0          0          1
v_world_imu:  0.0121257 -0.0194247 0.00144738
frame_58
id: 1660
stamp: 1777101645.062962770
T_odom_lidar: 
   0.88364   0.458519 -0.0945562  -0.528458
  -0.45441   0.888601  0.0624545    4.40995
  0.112659   -0.01222   0.993559 -0.0302784
         0          0          0          1
T_world_lidar: 
   0.88364   0.458519 -0.0945562  -0.528458
  -0.45441   0.888601  0.0624545    4.40995
  0.112659   -0.01222   0.993559 -0.0302784
         0          0          0          1
v_world_imu:  -0.00204039    0.0100289 -6.20354e-05
frame_59
id: 1661
stamp: 1777101645.162800789
T_odom_lidar: 
   0.88323   0.459296 -0.0946145  -0.528992
 -0.455152   0.888197  0.0627895    4.41003
  0.112875 -0.0123936   0.993532 -0.0301364
         0          0          0          1
T_world_lidar: 
   0.88323   0.459296 -0.0946145  -0.528992
 -0.455152   0.888197  0.0627895    4.41003
  0.112875 -0.0123936   0.993532 -0.0301364
         0          0          0          1
v_world_imu: -0.00668463  -0.0125206  0.00303652
frame_60
id: 1662
stamp: 1777101645.262734413
T_odom_lidar: 
  0.883184   0.459322 -0.0949167  -0.529113
 -0.455183   0.888186  0.0627222    4.40915
  0.113113 -0.0121908   0.993507 -0.0299908
         0          0          0          1
T_world_lidar: 
  0.883184   0.459322 -0.0949167  -0.529113
 -0.455183   0.888186  0.0627222    4.40915
  0.113113 -0.0121908   0.993507 -0.0299908
         0          0          0          1
v_world_imu:   0.0024282   0.0021807 0.000227401
frame_61
id: 1663
stamp: 1777101645.362759829
T_odom_lidar: 
  0.883505   0.458769 -0.0946012  -0.528758
 -0.454592   0.888465  0.0630642    4.40962
  0.112982 -0.0127126   0.993516 -0.0300045
         0          0          0          1
T_world_lidar: 
  0.883505   0.458769 -0.0946012  -0.528758
 -0.454592   0.888465  0.0630642    4.40962
  0.112982 -0.0127126   0.993516 -0.0300045
         0          0          0          1
v_world_imu:   0.0029049  -0.0017705 7.41938e-07
frame_62
id: 1664
stamp: 1777101645.462919235
T_odom_lidar: 
  0.883264   0.459183 -0.0948425   -0.52888
 -0.455002   0.888253  0.0630879    4.40874
  0.113213 -0.0125698   0.993491 -0.0299185
         0          0          0          1
T_world_lidar: 
  0.883264   0.459183 -0.0948425   -0.52888
 -0.455002   0.888253  0.0630879    4.40874
  0.113213 -0.0125698   0.993491 -0.0299185
         0          0          0          1
v_world_imu: -0.00317996 -0.00564973   0.0005417
frame_63
id: 1665
stamp: 1777101645.562199116
T_odom_lidar: 
  0.883394   0.458951 -0.0947581   -0.52903
 -0.454753    0.88837  0.0632394    4.40907
  0.113204 -0.0127738    0.99349  -0.029962
         0          0          0          1
T_world_lidar: 
  0.883394   0.458951 -0.0947581   -0.52903
 -0.454753    0.88837  0.0632394    4.40907
  0.113204 -0.0127738    0.99349  -0.029962
         0          0          0          1
v_world_imu:   0.00199094   0.00441108 -0.000818304
frame_64
id: 1666
stamp: 1777101645.663004637
T_odom_lidar: 
  0.883356   0.459033 -0.0947171  -0.528715
  -0.45485   0.888329  0.0631111     4.4087
   0.11311 -0.0126675   0.993502 -0.0299568
         0          0          0          1
T_world_lidar: 
  0.883356   0.459033 -0.0947171  -0.528715
  -0.45485   0.888329  0.0631111     4.4087
   0.11311 -0.0126675   0.993502 -0.0299568
         0          0          0          1
v_world_imu:   0.00082782  -0.00428244 -0.000154354
frame_65
id: 1667
stamp: 1777101645.762744427
T_odom_lidar: 
  0.883399   0.458947 -0.0947317  -0.528967
 -0.454747   0.888371  0.0632602    4.40887
   0.11319 -0.0128051   0.993491 -0.0299523
         0          0          0          1
T_world_lidar: 
  0.883399   0.458947 -0.0947317  -0.528967
 -0.454747   0.888371  0.0632602    4.40887
   0.11319 -0.0128051   0.993491 -0.0299523
         0          0          0          1
v_world_imu:  -0.00281145   0.00402493 -0.000411855
frame_66
id: 1668
stamp: 1777101645.862946510
T_odom_lidar: 
  0.883279    0.45918 -0.0947254  -0.528902
 -0.455001   0.888254  0.0630793    4.40872
  0.113105 -0.0126164   0.993503 -0.0299394
         0          0          0          1
T_world_lidar: 
  0.883279    0.45918 -0.0947254  -0.528902
 -0.455001   0.888254  0.0630793    4.40872
  0.113105 -0.0126164   0.993503 -0.0299394
         0          0          0          1
v_world_imu:   0.00222176  -0.00173819 -0.000592773
frame_67
id: 1669
stamp: 1777101645.962804079
T_odom_lidar: 
  0.883458   0.458832 -0.0947392  -0.528827
 -0.454647   0.888432  0.0631184    4.40894
   0.11313 -0.0126895   0.993499  -0.029995
         0          0          0          1
T_world_lidar: 
  0.883458   0.458832 -0.0947392  -0.528827
 -0.454647   0.888432  0.0631184    4.40894
   0.11313 -0.0126895   0.993499  -0.029995
         0          0          0          1
v_world_imu: -0.000902536    0.0042278 -0.000695296
frame_68
id: 1670
stamp: 1777101646.062736988
T_odom_lidar: 
  0.883306   0.459123 -0.0947429  -0.528878
 -0.454943   0.888283   0.063091    4.40897
  0.113125  -0.012626   0.993501 -0.0300468
         0          0          0          1
T_world_lidar: 
  0.883306   0.459123 -0.0947429  -0.528878
 -0.454943   0.888283   0.063091    4.40897
  0.113125  -0.012626   0.993501 -0.0300468
         0          0          0          1
v_world_imu: -0.000186073  -0.00132363  -0.00039549
frame_69
id: 1671
stamp: 1777101646.162744284
T_odom_lidar: 
  0.883351   0.459048 -0.0946857  -0.528838
 -0.454884   0.888323  0.0629505    4.40911
  0.113009 -0.0125364   0.993515 -0.0301489
         0          0          0          1
T_world_lidar: 
  0.883351   0.459048 -0.0946857  -0.528838
 -0.454884   0.888323  0.0629505    4.40911
  0.113009 -0.0125364   0.993515 -0.0301489
         0          0          0          1
v_world_imu: 0.000572137  0.00430295 -0.00189567
frame_70
id: 1672
stamp: 1777101646.262887716
T_odom_lidar: 
  0.883428   0.458909 -0.0946494  -0.528749
 -0.454742   0.888394  0.0629708    4.40933
  0.112984 -0.0125891   0.993517 -0.0303183
         0          0          0          1
T_world_lidar: 
  0.883428   0.458909 -0.0946494  -0.528749
 -0.454742   0.888394  0.0629708    4.40933
  0.112984 -0.0125891   0.993517 -0.0303183
         0          0          0          1
v_world_imu:  0.000196411    -0.000499 -0.000561049
frame_71
id: 1673
stamp: 1777101646.362906456
T_odom_lidar: 
  0.883318   0.459109 -0.0946957  -0.528762
 -0.454956   0.888293  0.0628579    4.40938
  0.112976 -0.0124411    0.99352 -0.0304111
         0          0          0          1
T_world_lidar: 
  0.883318   0.459109 -0.0946957  -0.528762
 -0.454956   0.888293  0.0628579    4.40938
  0.112976 -0.0124411    0.99352 -0.0304111
         0          0          0          1
v_world_imu: -0.000295603   0.00356266  -0.00112115
frame_72
id: 1674
stamp: 1777101646.462256908
T_odom_lidar: 
  0.883398   0.458951 -0.0947246  -0.528634
 -0.454797   0.888375  0.0628485    4.40966
  0.112995 -0.0124397   0.993518 -0.0305717
         0          0          0          1
T_world_lidar: 
  0.883398   0.458951 -0.0947246  -0.528634
 -0.454797   0.888375  0.0628485    4.40966
  0.112995 -0.0124397   0.993518 -0.0305717
         0          0          0          1
v_world_imu:  0.00190967 0.000283891 -0.00103608
frame_73
id: 1675
stamp: 1777101646.562854052
T_odom_lidar: 
  0.883371    0.45899 -0.0947873  -0.528502
 -0.454842   0.888355  0.0627985     4.4097
  0.113029 -0.0123611   0.993515 -0.0307192
         0          0          0          1
T_world_lidar: 
  0.883371    0.45899 -0.0947873  -0.528502
 -0.454842   0.888355  0.0627985     4.4097
  0.113029 -0.0123611   0.993515 -0.0307192
         0          0          0          1
v_world_imu: -0.000417882   0.00240019  -0.00111408
frame_74
id: 1676
stamp: 1777101646.662724495
T_odom_lidar: 
  0.883326   0.459075 -0.0947889  -0.528491
 -0.454921   0.888311  0.0628543     4.4099
  0.113057 -0.0123993   0.993511 -0.0308877
         0          0          0          1
T_world_lidar: 
  0.883326   0.459075 -0.0947889  -0.528491
 -0.454921   0.888311  0.0628543     4.4099
  0.113057 -0.0123993   0.993511 -0.0308877
         0          0          0          1
v_world_imu:   0.00089211  7.43336e-06 -0.000924968
frame_75
id: 1677
stamp: 1777101646.762686968
T_odom_lidar: 
  0.883311   0.459078 -0.0949114  -0.528322
 -0.454927   0.888311  0.0628148    4.40996
  0.113148 -0.0123072   0.993502 -0.0310737
         0          0          0          1
T_world_lidar: 
  0.883311   0.459078 -0.0949114  -0.528322
 -0.454927   0.888311  0.0628148    4.40996
  0.113148 -0.0123072   0.993502 -0.0310737
         0          0          0          1
v_world_imu: 0.000910058  0.00206467 -0.00098486
frame_76
id: 1678
stamp: 1777101646.862840414
T_odom_lidar: 
  0.883329    0.45904 -0.0949268  -0.528279
  -0.45489    0.88833  0.0628067    4.41018
  0.113157 -0.0122978   0.993501 -0.0312266
         0          0          0          1
T_world_lidar: 
  0.883329    0.45904 -0.0949268  -0.528279
  -0.45489    0.88833  0.0628067    4.41018
  0.113157 -0.0122978   0.993501 -0.0312266
         0          0          0          1
v_world_imu:   0.00029712  0.000505431 -0.000760361
frame_77
id: 1679
stamp: 1777101646.962763786
T_odom_lidar: 
    0.8833   0.459089 -0.0949671  -0.528213
  -0.45494   0.888306  0.0627895    4.41021
  0.113186 -0.0122577   0.993498 -0.0313776
         0          0          0          1
T_world_lidar: 
    0.8833   0.459089 -0.0949671  -0.528213
  -0.45494   0.888306  0.0627895    4.41021
  0.113186 -0.0122577   0.993498 -0.0313776
         0          0          0          1
v_world_imu:   0.00101193   0.00110339 -0.000872049
frame_78
id: 1680
stamp: 1777101647.062721252
T_odom_lidar: 
  0.883376   0.458931 -0.0950227  -0.528078
 -0.454798   0.888389  0.0626382    4.41039
  0.113164 -0.0121169   0.993502 -0.0315225
         0          0          0          1
T_world_lidar: 
  0.883376   0.458931 -0.0950227  -0.528078
 -0.454798   0.888389  0.0626382    4.41039
  0.113164 -0.0121169   0.993502 -0.0315225
         0          0          0          1
v_world_imu:  0.00127957 0.000879692 -0.00135395
frame_79
id: 1681
stamp: 1777101647.162748575
T_odom_lidar: 
  0.883389   0.458903 -0.0950378  -0.528001
 -0.454769   0.888404  0.0626421    4.41034
  0.113179 -0.0121171   0.993501 -0.0316536
         0          0          0          1
T_world_lidar: 
  0.883389   0.458903 -0.0950378  -0.528001
 -0.454769   0.888404  0.0626421    4.41034
  0.113179 -0.0121171   0.993501 -0.0316536
         0          0          0          1
v_world_imu:  0.000514248 -0.000581111   -0.0012387
frame_80
id: 1682
stamp: 1777101647.262998819
T_odom_lidar: 
  0.883451   0.458799 -0.0949618  -0.527966
 -0.454666   0.888457  0.0626388    4.41036
  0.113108 -0.0121624   0.993508 -0.0317807
         0          0          0          1
T_world_lidar: 
  0.883451   0.458799 -0.0949618  -0.527966
 -0.454666   0.888457  0.0626388    4.41036
  0.113108 -0.0121624   0.993508 -0.0317807
         0          0          0          1
v_world_imu:  0.00117034 9.56693e-05 -0.00139925
frame_81
id: 1683
stamp: 1777101647.362789392
T_odom_lidar: 
  0.883434   0.458824 -0.0950018  -0.527834
 -0.454683   0.888443    0.06271    4.41026
  0.113177 -0.0122044     0.9935 -0.0319185
         0          0          0          1
T_world_lidar: 
  0.883434   0.458824 -0.0950018  -0.527834
 -0.454683   0.888443    0.06271    4.41026
  0.113177 -0.0122044     0.9935 -0.0319185
         0          0          0          1
v_world_imu:  0.00102372 -0.00113726  -0.0013555
frame_82
id: 1684
stamp: 1777101647.462829113
T_odom_lidar: 
  0.883459    0.45878 -0.0949835  -0.527824
 -0.454633   0.888465   0.062756    4.41019
  0.113181 -0.0122597   0.993499 -0.0320315
         0          0          0          1
T_world_lidar: 
  0.883459    0.45878 -0.0949835  -0.527824
 -0.454633   0.888465   0.062756    4.41019
  0.113181 -0.0122597   0.993499 -0.0320315
         0          0          0          1
v_world_imu:  0.000305376 -0.000634673  -0.00166732
frame_83
id: 1685
stamp: 1777101647.562835217
T_odom_lidar: 
  0.883402    0.45889 -0.0949768  -0.527766
 -0.454737   0.888408  0.0628174    4.41004
  0.113204 -0.0123036   0.993496 -0.0321679
         0          0          0          1
T_world_lidar: 
  0.883402    0.45889 -0.0949768  -0.527766
 -0.454737   0.888408  0.0628174    4.41004
  0.113204 -0.0123036   0.993496 -0.0321679
         0          0          0          1
v_world_imu: 0.000855736 -0.00109497 -0.00174415
frame_84
id: 1686
stamp: 1777101647.662114859
T_odom_lidar: 
  0.883454   0.458801 -0.0949234  -0.527715
 -0.454645   0.888453  0.0628407       4.41
  0.113166 -0.0123605   0.993499 -0.0323118
         0          0          0          1
T_world_lidar: 
  0.883454   0.458801 -0.0949234  -0.527715
 -0.454645   0.888453  0.0628407       4.41
  0.113166 -0.0123605   0.993499 -0.0323118
         0          0          0          1
v_world_imu:  0.000126729 -0.000198555  -0.00194632
frame_85
id: 1687
stamp: 1777101647.762867212
T_odom_lidar: 
  0.883395   0.458929 -0.0948559  -0.527691
 -0.454771   0.888386  0.0628741    4.40989
  0.113123 -0.0124049   0.993503 -0.0324507
         0          0          0          1
T_world_lidar: 
  0.883395   0.458929 -0.0948559  -0.527691
 -0.454771   0.888386  0.0628741    4.40989
  0.113123 -0.0124049   0.993503 -0.0324507
         0          0          0          1
v_world_imu: -8.12962e-06 -0.000987649  -0.00162537
frame_86
id: 1688
stamp: 1777101647.862756252
T_odom_lidar: 
  0.883448   0.458815 -0.0949111  -0.527671
  -0.45465   0.888445  0.0629222    4.40979
  0.113193 -0.0124372   0.993495 -0.0325986
         0          0          0          1
T_world_lidar: 
  0.883448   0.458815 -0.0949111  -0.527671
  -0.45465   0.888445  0.0629222    4.40979
  0.113193 -0.0124372   0.993495 -0.0325986
         0          0          0          1
v_world_imu:  0.000804001 -0.000152532  -0.00201725
frame_87
id: 1689
stamp: 1777101647.962897301
T_odom_lidar: 
  0.883457   0.458797 -0.0949132  -0.527604
 -0.454632   0.888454   0.062929    4.40973
  0.113198 -0.0124445   0.993495 -0.0327302
         0          0          0          1
T_world_lidar: 
  0.883457   0.458797 -0.0949132  -0.527604
 -0.454632   0.888454   0.062929    4.40973
  0.113198 -0.0124445   0.993495 -0.0327302
         0          0          0          1
v_world_imu:  0.000306279 -0.000790139  -0.00118211
frame_88
id: 1690
stamp: 1777101648.062844276
T_odom_lidar: 
  0.883425   0.458867 -0.0948783  -0.527574
 -0.454702   0.888418  0.0629282    4.40964
  0.113167  -0.012451   0.993498 -0.0328215
         0          0          0          1
T_world_lidar: 
  0.883425   0.458867 -0.0948783  -0.527574
 -0.454702   0.888418  0.0629282    4.40964
  0.113167  -0.012451   0.993498 -0.0328215
         0          0          0          1
v_world_imu:  0.000521273 -0.000210156 -0.000976803
frame_89
id: 1691
stamp: 1777101648.162827730
T_odom_lidar: 
  0.883445   0.458825 -0.0948879  -0.527478
 -0.454668    0.88844  0.0628599    4.40963
  0.113144 -0.0123908   0.993501 -0.0328624
         0          0          0          1
T_world_lidar: 
  0.883445   0.458825 -0.0948879  -0.527478
 -0.454668    0.88844  0.0628599    4.40963
  0.113144 -0.0123908   0.993501 -0.0328624
         0          0          0          1
v_world_imu:  0.000869978 -0.000331341 -0.000627223
frame_90
id: 1692
stamp: 1777101648.262820482
T_odom_lidar: 
   0.88344   0.458827 -0.0949257  -0.527381
 -0.454679    0.88844  0.0627715    4.40959
  0.113137 -0.0122941   0.993503 -0.0329062
         0          0          0          1
T_world_lidar: 
   0.88344   0.458827 -0.0949257  -0.527381
 -0.454679    0.88844  0.0627715    4.40959
  0.113137 -0.0122941   0.993503 -0.0329062
         0          0          0          1
v_world_imu:  0.000572925  4.50867e-05 -0.000185617
frame_91
id: 1693
stamp: 1777101648.362851381
T_odom_lidar: 
  0.883463   0.458781 -0.0949342  -0.527297
 -0.454631   0.888464   0.062782    4.40954
  0.113149 -0.0123055   0.993502 -0.0328873
         0          0          0          1
T_world_lidar: 
  0.883463   0.458781 -0.0949342  -0.527297
 -0.454631   0.888464   0.062782    4.40954
  0.113149 -0.0123055   0.993502 -0.0328873
         0          0          0          1
v_world_imu:  0.000728952 -0.000378015  0.000339103
frame_92
id: 1694
stamp: 1777101648.463091373
T_odom_lidar: 
  0.883543   0.458625 -0.0949438  -0.527214
 -0.454484   0.888546  0.0626955    4.40951
  0.113116 -0.0122437   0.993506 -0.0328451
         0          0          0          1
T_world_lidar: 
  0.883543   0.458625 -0.0949438  -0.527214
 -0.454484   0.888546  0.0626955    4.40951
  0.113116 -0.0122437   0.993506 -0.0328451
         0          0          0          1
v_world_imu: 0.000302032  0.00015486  0.00073452
frame_93
id: 1695
stamp: 1777101648.562160730
T_odom_lidar: 
  0.883541    0.45862 -0.0949885  -0.527166
 -0.454492    0.88855  0.0625778    4.40949
  0.113101 -0.0121186    0.99351 -0.0327421
         0          0          0          1
T_world_lidar: 
  0.883541    0.45862 -0.0949885  -0.527166
 -0.454492    0.88855  0.0625778    4.40949
  0.113101 -0.0121186    0.99351 -0.0327421
         0          0          0          1
v_world_imu: 0.000167301 -0.00048144  0.00133454
frame_94
id: 1696
stamp: 1777101648.662884235
T_odom_lidar: 
  0.883555   0.458605 -0.0949258  -0.527121
 -0.454487   0.888558  0.0625001    4.40944
   0.11301 -0.0120798    0.99352 -0.0325933
         0          0          0          1
T_world_lidar: 
  0.883555   0.458605 -0.0949258  -0.527121
 -0.454487   0.888558  0.0625001    4.40944
   0.11301 -0.0120798    0.99352 -0.0325933
         0          0          0          1
v_world_imu:  0.000117555 -0.000305447   0.00201919
frame_95
id: 1697
stamp: 1777101648.762169600
T_odom_lidar: 
  0.883686   0.458333  -0.095029   -0.52713
  -0.45425   0.888703  0.0621614    4.40945
  0.112943 -0.0117641   0.993532 -0.0323547
         0          0          0          1
T_world_lidar: 
  0.883686   0.458333  -0.095029   -0.52713
  -0.45425   0.888703  0.0621614    4.40945
  0.112943 -0.0117641   0.993532 -0.0323547
         0          0          0          1
v_world_imu: -0.00258958  0.00552446  0.00304397
frame_96
id: 1698
stamp: 1777101648.862049580
T_odom_lidar: 
  0.887178   0.451516 -0.0951236  -0.528841
  -0.44721   0.892152  0.0637723    4.41311
  0.113659 -0.0140371   0.993421 -0.0323281
         0          0          0          1
T_world_lidar: 
  0.887178   0.451516 -0.0951236  -0.528841
  -0.44721   0.892152  0.0637723    4.41311
  0.113659 -0.0140371   0.993421 -0.0323281
         0          0          0          1
v_world_imu:  -0.0184029   0.0636884 0.000342193
frame_97
id: 1699
stamp: 1777101648.962112904
T_odom_lidar: 
  0.890112   0.445906  -0.094167  -0.527648
 -0.441766   0.894974  0.0621564     4.4134
  0.111993 -0.0137264   0.993614 -0.0322327
         0          0          0          1
T_world_lidar: 
  0.890112   0.445906  -0.094167  -0.527648
 -0.441766   0.894974  0.0621564     4.4134
  0.111993 -0.0137264   0.993614 -0.0322327
         0          0          0          1
v_world_imu:  0.0172936 0.00131047 0.00230586
frame_98
id: 1700
stamp: 1777101649.062194347
T_odom_lidar: 
  0.894164   0.437607 -0.0947145  -0.528109
 -0.433514   0.899062  0.0612689    4.41435
  0.111966 -0.0137244   0.993617  -0.031896
         0          0          0          1
T_world_lidar: 
  0.894164   0.437607 -0.0947145  -0.528109
 -0.433514   0.899062  0.0612689    4.41435
  0.111966 -0.0137244   0.993617  -0.031896
         0          0          0          1
v_world_imu: -0.0031221  0.0109543 0.00317034
frame_99
id: 1701
stamp: 1777101649.163047075
T_odom_lidar: 
  0.898954   0.427572 -0.0952036  -0.528918
 -0.423397   0.903858  0.0614458    4.41772
  0.112323 -0.0149281    0.99356 -0.0316393
         0          0          0          1
T_world_lidar: 
  0.898954   0.427572 -0.0952036  -0.528918
 -0.423397   0.903858  0.0614458    4.41772
  0.112323 -0.0149281    0.99356 -0.0316393
         0          0          0          1
v_world_imu: 0.00269594  0.0221532 0.00425671
frame_100
id: 1702
stamp: 1777101649.262094259
T_odom_lidar: 
  0.903295   0.418176 -0.0958507  -0.528082
 -0.414114   0.908251  0.0599076    4.41835
  0.112108  -0.014421   0.993591 -0.0312339
         0          0          0          1
T_world_lidar: 
  0.903295   0.418176 -0.0958507  -0.528082
 -0.414114   0.908251  0.0599076    4.41835
  0.112108  -0.014421   0.993591 -0.0312339
         0          0          0          1
v_world_imu:  0.0231586 -0.0331349   0.003326
frame_101
id: 1703
stamp: 1777101649.362246990
T_odom_lidar: 
  0.908646   0.405935 -0.0978787  -0.529444
 -0.402276   0.913835  0.0554857    4.42045
  0.111969 -0.0110425    0.99365 -0.0302301
         0          0          0          1
T_world_lidar: 
  0.908646   0.405935 -0.0978787  -0.529444
 -0.402276   0.913835  0.0554857    4.42045
  0.111969 -0.0110425    0.99365 -0.0302301
         0          0          0          1
v_world_imu: -0.00546923    0.153533  0.00400233
frame_102
id: 1704
stamp: 1777101649.462132931
T_odom_lidar: 
  0.920563   0.377737 -0.0993924  -0.535243
 -0.373456   0.925747  0.0593537    4.43624
  0.114432 -0.0175201   0.993277 -0.0295521
         0          0          0          1
T_world_lidar: 
  0.920563   0.377737 -0.0993924  -0.535243
 -0.373456   0.925747  0.0593537    4.43624
  0.114432 -0.0175201   0.993277 -0.0295521
         0          0          0          1
v_world_imu: -0.0105284  0.0855449  0.0102674
frame_103
id: 1705
stamp: 1777101649.562258244
T_odom_lidar: 
  0.922371   0.372871  -0.100987  -0.536419
 -0.369307   0.927815  0.0526486     4.4333
  0.113328 -0.0112663   0.993494 -0.0287331
         0          0          0          1
T_world_lidar: 
  0.922371   0.372871  -0.100987  -0.536419
 -0.369307   0.927815  0.0526486     4.4333
  0.113328 -0.0112663   0.993494 -0.0287331
         0          0          0          1
v_world_imu:   0.0244035  0.00842956 -0.00850931
frame_104
id: 1706
stamp: 1777101649.663120508
T_odom_lidar: 
  0.932815   0.345709  -0.101691  -0.534555
 -0.342259   0.938265  0.0501722    4.44065
  0.112758 -0.0119965    0.99355 -0.0293794
         0          0          0          1
T_world_lidar: 
  0.932815   0.345709  -0.101691  -0.534555
 -0.342259   0.938265  0.0501722    4.44065
  0.112758 -0.0119965    0.99355 -0.0293794
         0          0          0          1
v_world_imu:   0.0244864    0.134298 -0.00222779
frame_105
id: 1707
stamp: 1777101649.762998581
T_odom_lidar: 
 0.945026   0.31011 -0.103722 -0.534301
-0.306736  0.950612  0.047436    4.4528
  0.11331 -0.013013  0.993475 -0.029648
        0         0         0         1
T_world_lidar: 
 0.945026   0.31011 -0.103722 -0.534301
-0.306736  0.950612  0.047436    4.4528
  0.11331 -0.013013  0.993475 -0.029648
        0         0         0         1
v_world_imu:  0.00130565   0.0839733 -0.00396404
frame_106
id: 1708
stamp: 1777101649.862134695
T_odom_lidar: 
  0.953891   0.280906   -0.10575  -0.533338
 -0.277791    0.95966   0.043415    4.45916
   0.11368 -0.0120366   0.993445 -0.0303008
         0          0          0          1
T_world_lidar: 
  0.953891   0.280906   -0.10575  -0.533338
 -0.277791    0.95966   0.043415    4.45916
   0.11368 -0.0120366   0.993445 -0.0303008
         0          0          0          1
v_world_imu:   0.0210648   0.0768629 -0.00864758
frame_107
id: 1709
stamp: 1777101649.962955713
T_odom_lidar: 
  0.962814   0.247852  -0.107505   -0.53238
 -0.244919   0.968723  0.0398911    4.46713
   0.11403 -0.0120775   0.993404 -0.0309294
         0          0          0          1
T_world_lidar: 
  0.962814   0.247852  -0.107505   -0.53238
 -0.244919   0.968723  0.0398911    4.46713
   0.11403 -0.0120775   0.993404 -0.0309294
         0          0          0          1
v_world_imu:  0.00427906    0.105553 -0.00466906
frame_108
id: 1710
stamp: 1777101650.062931299
T_odom_lidar: 
   0.97102   0.212299   -0.10977  -0.532758
 -0.209506   0.977125  0.0365143     4.4765
  0.115011 -0.0124587   0.993286 -0.0313228
         0          0          0          1
T_world_lidar: 
   0.97102   0.212299   -0.10977  -0.532758
 -0.209506   0.977125  0.0365143     4.4765
  0.115011 -0.0124587   0.993286 -0.0313228
         0          0          0          1
v_world_imu:  0.00432555    0.084733 -0.00351031
frame_109
id: 1711
stamp: 1777101650.162263870
T_odom_lidar: 
   0.97778   0.177429  -0.111645  -0.532339
 -0.174816   0.984053  0.0328594     4.4838
  0.115695 -0.0126119   0.993205 -0.0318109
         0          0          0          1
T_world_lidar: 
   0.97778   0.177429  -0.111645  -0.532339
 -0.174816   0.984053  0.0328594     4.4838
  0.115695 -0.0126119   0.993205 -0.0318109
         0          0          0          1
v_world_imu:  0.00821221   0.0680058 -0.00475361
frame_110
id: 1712
stamp: 1777101650.262252808
T_odom_lidar: 
  0.983269   0.142653   -0.11328  -0.532534
 -0.140239   0.989692  0.0290403    4.49094
  0.116255 -0.0126681   0.993139 -0.0322165
         0          0          0          1
T_world_lidar: 
  0.983269   0.142653   -0.11328  -0.532534
 -0.140239   0.989692  0.0290403    4.49094
  0.116255 -0.0126681   0.993139 -0.0322165
         0          0          0          1
v_world_imu: -0.00588566    0.082207 -0.00181362
frame_111
id: 1713
stamp: 1777101650.362965107
T_odom_lidar: 
  0.987116   0.111637  -0.114624  -0.532801
 -0.109305   0.993656  0.0264512    4.49762
  0.116849 -0.0135814   0.993057 -0.0326368
         0          0          0          1
T_world_lidar: 
  0.987116   0.111637  -0.114624  -0.532801
 -0.109305   0.993656  0.0264512    4.49762
  0.116849 -0.0135814   0.993057 -0.0326368
         0          0          0          1
v_world_imu:  0.00518444    0.048934 -0.00279237
frame_112
id: 1714
stamp: 1777101650.462184906
T_odom_lidar: 
  0.990169  0.0778676  -0.116199  -0.533275
-0.0757254   0.996869  0.0227442    4.50325
  0.117606 -0.0137214   0.992966 -0.0329623
         0          0          0          1
T_world_lidar: 
  0.990169  0.0778676  -0.116199  -0.533275
-0.0757254   0.996869  0.0227442    4.50325
  0.117606 -0.0137214   0.992966 -0.0329623
         0          0          0          1
v_world_imu: -0.00209713   0.0725274 -0.00264409
frame_113
id: 1715
stamp: 1777101650.562158346
T_odom_lidar: 
  0.992248  0.0394688  -0.117841  -0.534558
-0.0374277   0.999109  0.0194851     4.5114
  0.118505 -0.0149235   0.992841 -0.0332699
         0          0          0          1
T_world_lidar: 
  0.992248  0.0394688  -0.117841  -0.534558
-0.0374277   0.999109  0.0194851     4.5114
  0.118505 -0.0149235   0.992841 -0.0332699
         0          0          0          1
v_world_imu: -0.00748513   0.0891349 -0.00228949
frame_114
id: 1716
stamp: 1777101650.662968397
T_odom_lidar: 
    0.992882 -0.000630866      -0.1191    -0.535916
  0.00247801     0.999879    0.0153617      4.51909
    0.119076   -0.0155475     0.992763   -0.0336151
           0            0            0            1
T_world_lidar: 
    0.992882 -0.000630866      -0.1191    -0.535916
  0.00247801     0.999879    0.0153617      4.51909
    0.119076   -0.0155475     0.992763   -0.0336151
           0            0            0            1
v_world_imu:  -0.0091177   0.0780491 -0.00214694
frame_115
id: 1717
stamp: 1777101650.762336969
T_odom_lidar: 
   0.99207 -0.0369987  -0.120119  -0.537376
 0.0387224   0.999177  0.0120471    4.52651
  0.119575 -0.0166029   0.992686 -0.0339445
         0          0          0          1
T_world_lidar: 
   0.99207 -0.0369987  -0.120119  -0.537376
 0.0387224   0.999177  0.0120471    4.52651
  0.119575 -0.0166029   0.992686 -0.0339445
         0          0          0          1
v_world_imu: -0.00510463   0.0730809 -0.00221566
frame_116
id: 1718
stamp: 1777101650.862295628
T_odom_lidar: 
  0.990124 -0.0716504  -0.120504  -0.538407
 0.0732261   0.997277 0.00869314    4.53374
  0.119553 -0.0174313   0.992675 -0.0342679
         0          0          0          1
T_world_lidar: 
  0.990124 -0.0716504  -0.120504  -0.538407
 0.0732261   0.997277 0.00869314    4.53374
  0.119553 -0.0174313   0.992675 -0.0342679
         0          0          0          1
v_world_imu: -0.00957801   0.0787188 -0.00367184
frame_117
id: 1719
stamp: 1777101650.962214470
T_odom_lidar: 
  0.986764  -0.108102  -0.120878  -0.540391
  0.109521   0.993971 0.00513722    4.54147
  0.119594  -0.018308   0.992654 -0.0344947
         0          0          0          1
T_world_lidar: 
  0.986764  -0.108102  -0.120878  -0.540391
  0.109521   0.993971 0.00513722    4.54147
  0.119594  -0.018308   0.992654 -0.0344947
         0          0          0          1
v_world_imu:  -0.0194531   0.0836968 -0.00266885
frame_118
id: 1720
stamp: 1777101651.062271833
T_odom_lidar: 
   0.98236  -0.142416  -0.121188  -0.542688
  0.143702   0.989619  0.0018898    4.54908
  0.119661 -0.0192714   0.992628 -0.0347482
         0          0          0          1
T_world_lidar: 
   0.98236  -0.142416  -0.121188  -0.542688
  0.143702   0.989619  0.0018898    4.54908
  0.119661 -0.0192714   0.992628 -0.0347482
         0          0          0          1
v_world_imu:  -0.0152412    0.071894 -0.00258919
