1777955679.939580202 0.316221 0.049076 -0.008344 -0.005309 0.247741 0.026314 0.968454
1777955679.940526724 0.316481 0.049109 -0.008376 -0.005321 0.247722 0.026322 0.968459
1777955679.946607113 0.318143 0.049325 -0.008574 -0.005384 0.247627 0.026346 0.968482
1777955679.950592041 0.319230 0.049470 -0.008700 -0.005413 0.247616 0.026360 0.968485
1777955679.956657648 0.320885 0.049685 -0.008894 -0.005456 0.247624 0.026367 0.968482
1777955679.960794449 0.322015 0.049827 -0.009030 -0.005495 0.247628 0.026422 0.968479
1777955679.966455698 0.323556 0.050018 -0.009218 -0.005572 0.247655 0.026599 0.968467
1777955679.970792055 0.324732 0.050158 -0.009368 -0.005627 0.247694 0.026725 0.968453
1777955679.976479769 0.326273 0.050334 -0.009571 -0.005658 0.247708 0.026794 0.968448
1777955679.980607986 0.327391 0.050459 -0.009721 -0.005693 0.247707 0.026846 0.968446
1777955679.986436605 0.328965 0.050634 -0.009934 -0.005772 0.247699 0.026978 0.968444
1777955679.990806103 0.330143 0.050765 -0.010093 -0.005834 0.247663 0.027100 0.968449
1777955679.996201277 0.331599 0.050928 -0.010283 -0.005906 0.247642 0.027258 0.968450
1777955680.000790834 0.332838 0.051068 -0.010440 -0.005968 0.247692 0.027398 0.968433
1777955680.006356239 0.334334 0.051244 -0.010628 -0.006018 0.247838 0.027568 0.968391
1777955680.010531425 0.335446 0.051381 -0.010773 -0.006054 0.247973 0.027715 0.968352
1777955680.016431808 0.336995 0.051583 -0.010982 -0.006109 0.248135 0.027937 0.968303
1777955680.020567894 0.338058 0.051728 -0.011126 -0.006159 0.248258 0.028086 0.968267
1777955680.026500702 0.339538 0.051933 -0.011336 -0.006255 0.248439 0.028307 0.968214
1777955680.030796528 0.340572 0.052080 -0.011494 -0.006327 0.248503 0.028459 0.968192
1777955680.036462545 0.341879 0.052275 -0.011706 -0.006406 0.248536 0.028643 0.968178
1777955680.038628340 0.342361 0.052349 -0.011788 -0.006427 0.248549 0.028690 0.968173
1777955680.038459301 0.343186 0.050061 -0.007723 -0.006099 0.248649 0.028608 0.968152
1777955680.040705204 0.343682 0.050125 -0.007795 -0.006120 0.248663 0.028657 0.968147
1777955680.046519756 0.344918 0.050290 -0.007985 -0.006158 0.248668 0.028736 0.968143
1777955680.050884247 0.345799 0.050416 -0.008129 -0.006191 0.248615 0.028803 0.968154
1777955680.056432247 0.346866 0.050576 -0.008309 -0.006233 0.248540 0.028881 0.968171
1777955680.061374903 0.347772 0.050714 -0.008468 -0.006244 0.248532 0.028892 0.968173
1777955680.066313982 0.348635 0.050850 -0.008628 -0.006253 0.248524 0.028894 0.968174
1777955680.070906401 0.349398 0.050977 -0.008777 -0.006272 0.248500 0.028927 0.968180
1777955680.076501608 0.350280 0.051131 -0.008963 -0.006301 0.248433 0.028965 0.968195
1777955680.080969572 0.350953 0.051256 -0.009113 -0.006318 0.248345 0.028958 0.968218
1777955680.086743832 0.351787 0.051424 -0.009308 -0.006343 0.248214 0.028912 0.968253
1777955680.090868711 0.352361 0.051543 -0.009447 -0.006363 0.248117 0.028850 0.968279
1777955680.096434116 0.353110 0.051701 -0.009639 -0.006389 0.247988 0.028761 0.968315
1777955680.100925684 0.353698 0.051825 -0.009797 -0.006419 0.247897 0.028715 0.968340
1777955680.106458902 0.354408 0.051974 -0.009996 -0.006462 0.247781 0.028691 0.968369
1777955680.110912800 0.354971 0.052087 -0.010160 -0.006468 0.247703 0.028644 0.968391
1777955680.116587162 0.355685 0.052218 -0.010373 -0.006439 0.247634 0.028531 0.968412
1777955680.121297836 0.356276 0.052319 -0.010550 -0.006421 0.247591 0.028449 0.968425
1777955680.126646280 0.356950 0.052426 -0.010745 -0.006425 0.247550 0.028386 0.968438
1777955680.130932093 0.357494 0.052505 -0.010895 -0.006432 0.247535 0.028350 0.968443
1777955680.136595249 0.358220 0.052605 -0.011089 -0.006443 0.247523 0.028321 0.968447
1777955680.138608217 0.358479 0.052640 -0.011157 -0.006451 0.247528 0.028322 0.968445
1777955680.138384581 0.358623 0.052444 -0.007340 -0.006247 0.247594 0.028187 0.968434
1777955680.140719891 0.358926 0.052483 -0.007408 -0.006256 0.247600 0.028188 0.968432
1777955680.146376133 0.359661 0.052587 -0.007577 -0.006289 0.247605 0.028221 0.968429
1777955680.150600433 0.360211 0.052674 -0.007706 -0.006316 0.247633 0.028238 0.968422
1777955680.156659126 0.360999 0.052810 -0.007896 -0.006336 0.247714 0.028212 0.968402
1777955680.160835028 0.361537 0.052912 -0.008031 -0.006340 0.247762 0.028194 0.968390
1777955680.166644812 0.362270 0.053059 -0.008226 -0.006350 0.247831 0.028214 0.968372
1777955680.170772552 0.362778 0.053169 -0.008370 -0.006384 0.247845 0.028283 0.968366
1777955680.176499367 0.363469 0.053325 -0.008572 -0.006437 0.247870 0.028413 0.968355
1777955680.180892229 0.363989 0.053442 -0.008728 -0.006467 0.247906 0.028451 0.968345
1777955680.186680079 0.364659 0.053592 -0.008930 -0.006514 0.247934 0.028462 0.968337
1777955680.190963030 0.365140 0.053696 -0.009078 -0.006547 0.247969 0.028484 0.968327
1777955680.196473837 0.365739 0.053814 -0.009269 -0.006586 0.247994 0.028526 0.968319
1777955680.200920105 0.366203 0.053896 -0.009426 -0.006626 0.247988 0.028605 0.968318
1777955680.206544161 0.366766 0.053986 -0.009629 -0.006671 0.247984 0.028730 0.968315
1777955680.210615396 0.367159 0.054038 -0.009780 -0.006661 0.247959 0.028759 0.968321
1777955680.216507435 0.367709 0.054105 -0.010005 -0.006618 0.247918 0.028774 0.968331
1777955680.220726728 0.368088 0.054155 -0.010168 -0.006606 0.247910 0.028815 0.968332
1777955680.226566792 0.368604 0.054227 -0.010394 -0.006613 0.247913 0.028867 0.968329
1777955680.230604649 0.368956 0.054281 -0.010548 -0.006613 0.247913 0.028876 0.968329
1777955680.236554384 0.369462 0.054374 -0.010768 -0.006645 0.247940 0.028936 0.968320
1777955680.238639116 0.369635 0.054413 -0.010844 -0.006674 0.247954 0.028981 0.968315
1777955680.238522768 0.369523 0.053424 -0.007195 -0.006496 0.247946 0.028892 0.968321
1777955680.240814924 0.369710 0.053464 -0.007267 -0.006528 0.247960 0.028941 0.968316
1777955680.246611357 0.370171 0.053572 -0.007452 -0.006605 0.247997 0.029008 0.968304
1777955680.250538588 0.370473 0.053650 -0.007578 -0.006624 0.248031 0.028992 0.968295
1777955680.256448746 0.370900 0.053775 -0.007771 -0.006656 0.248110 0.028992 0.968275
1777955680.261183262 0.371215 0.053879 -0.007931 -0.006710 0.248155 0.029055 0.968261
1777955680.266672134 0.371551 0.053999 -0.008124 -0.006775 0.248167 0.029134 0.968255
1777955680.270717859 0.371781 0.054083 -0.008268 -0.006789 0.248169 0.029142 0.968254
1777955680.276315689 0.372072 0.054189 -0.008457 -0.006786 0.248210 0.029091 0.968246
1777955680.280790091 0.372278 0.054261 -0.008600 -0.006788 0.248275 0.029061 0.968230
1777955680.286611080 0.372501 0.054339 -0.008778 -0.006819 0.248358 0.029079 0.968208
1777955680.290854216 0.372629 0.054383 -0.008903 -0.006842 0.248406 0.029115 0.968194
1777955680.296628952 0.372751 0.054423 -0.009070 -0.006860 0.248453 0.029115 0.968182
1777955680.300901890 0.372795 0.054439 -0.009195 -0.006853 0.248445 0.029089 0.968185
1777955680.306418657 0.372789 0.054450 -0.009369 -0.006835 0.248329 0.029032 0.968216
1777955680.310517788 0.372737 0.054456 -0.009510 -0.006805 0.248176 0.028965 0.968258
1777955680.316401720 0.372607 0.054475 -0.009731 -0.006735 0.247856 0.028854 0.968344
1777955680.320659161 0.372483 0.054504 -0.009906 -0.006683 0.247568 0.028761 0.968420
1777955680.326542854 0.372319 0.054581 -0.010143 -0.006684 0.247009 0.028662 0.968566
1777955680.330816031 0.372222 0.054666 -0.010302 -0.006684 0.246604 0.028590 0.968672
1777955680.336493969 0.372141 0.054816 -0.010493 -0.006721 0.246292 0.028476 0.968754
1777955680.338731766 0.372129 0.054885 -0.010561 -0.006736 0.246169 0.028431 0.968786
1777955680.338462114 0.371062 0.053635 -0.006907 -0.006497 0.246131 0.028291 0.968802
1777955680.340850830 0.371058 0.053708 -0.006966 -0.006513 0.246000 0.028243 0.968836
1777955680.346387148 0.371117 0.053893 -0.007101 -0.006620 0.245920 0.028295 0.968854
1777955680.350908995 0.371239 0.054058 -0.007217 -0.006707 0.245855 0.028338 0.968869
1777955680.356447697 0.371478 0.054272 -0.007364 -0.006806 0.245858 0.028490 0.968863
1777955680.360569000 0.371719 0.054435 -0.007479 -0.006880 0.245860 0.028604 0.968859
1777955680.366411686 0.372142 0.054654 -0.007649 -0.006975 0.245942 0.028838 0.968830
1777955680.370786190 0.372516 0.054803 -0.007780 -0.007045 0.246003 0.029013 0.968809
1777955680.376334429 0.373057 0.054964 -0.007953 -0.007078 0.246148 0.029217 0.968766
1777955680.380699635 0.373532 0.055064 -0.008093 -0.007103 0.246263 0.029377 0.968732
1777955680.386690378 0.374240 0.055165 -0.008278 -0.007085 0.246400 0.029558 0.968692
1777955680.390938520 0.374771 0.055215 -0.008401 -0.007072 0.246497 0.029686 0.968663
1777955680.396639824 0.375510 0.055264 -0.008563 -0.007181 0.246682 0.030230 0.968598
1777955680.400851727 0.376069 0.055293 -0.008687 -0.007261 0.246819 0.030632 0.968550
1777955680.406455755 0.376822 0.055332 -0.008854 -0.007261 0.246914 0.030926 0.968517
1777955680.410639763 0.377387 0.055367 -0.008978 -0.007260 0.246986 0.031145 0.968491
1777955680.416290283 0.378135 0.055412 -0.009153 -0.007231 0.247083 0.031396 0.968459
1777955680.420534849 0.378676 0.055441 -0.009293 -0.007209 0.247156 0.031585 0.968434
1777955680.426496983 0.379413 0.055497 -0.009499 -0.007257 0.246954 0.032019 0.968471
1777955680.430823088 0.379937 0.055562 -0.009654 -0.007291 0.246808 0.032334 0.968497
1777955680.436411142 0.380619 0.055677 -0.009854 -0.007355 0.246526 0.032548 0.968562
1777955680.438954592 0.380938 0.055742 -0.009943 -0.007383 0.246398 0.032645 0.968591
1777955680.439634800 0.381565 0.055010 -0.006219 -0.007222 0.246389 0.032556 0.968597
1777955680.440836906 0.381719 0.055042 -0.006255 -0.007236 0.246328 0.032602 0.968611
1777955680.446611881 0.382494 0.055195 -0.006425 -0.007260 0.246107 0.032595 0.968667
1777955680.450922489 0.383110 0.055305 -0.006556 -0.007278 0.245942 0.032590 0.968709
1777955680.456541300 0.383975 0.055438 -0.006736 -0.007344 0.245844 0.032821 0.968726
1777955680.460640669 0.384655 0.055525 -0.006875 -0.007392 0.245772 0.032989 0.968738
1777955680.466460943 0.385702 0.055642 -0.007079 -0.007462 0.245716 0.033289 0.968741
1777955680.470525265 0.386494 0.055722 -0.007224 -0.007511 0.245676 0.033498 0.968744
1777955680.476350069 0.387715 0.055830 -0.007432 -0.007510 0.245863 0.033465 0.968698
1777955680.480590820 0.388668 0.055905 -0.007582 -0.007509 0.245999 0.033442 0.968664
1777955680.486435890 0.390051 0.056010 -0.007786 -0.007561 0.246227 0.033496 0.968604
1777955680.490759850 0.391114 0.056095 -0.007935 -0.007600 0.246396 0.033536 0.968559
1777955680.496429443 0.392549 0.056223 -0.008133 -0.007728 0.246702 0.033771 0.968472
1777955680.500964880 0.393723 0.056346 -0.008294 -0.007831 0.246947 0.033960 0.968402
1777955680.506519794 0.395172 0.056519 -0.008493 -0.007929 0.247239 0.034047 0.968324
1777955680.510657072 0.396250 0.056665 -0.008639 -0.008002 0.247457 0.034111 0.968265
1777955680.516302824 0.397699 0.056873 -0.008840 -0.008126 0.247820 0.034347 0.968163
1777955680.520584583 0.398772 0.057028 -0.008995 -0.008219 0.248095 0.034526 0.968085
1777955680.526609898 0.400231 0.057251 -0.009214 -0.008324 0.248384 0.034726 0.968003
1777955680.530817509 0.401210 0.057414 -0.009363 -0.008398 0.248586 0.034866 0.967946
1777955680.536419392 0.402448 0.057631 -0.009559 -0.008468 0.248936 0.034809 0.967857
1777955680.539005041 0.402990 0.057728 -0.009647 -0.008500 0.249098 0.034783 0.967816
1777955680.539568424 0.403785 0.056322 -0.005832 -0.008271 0.249161 0.034704 0.967805
1777955680.540899992 0.404056 0.056366 -0.005870 -0.008288 0.249244 0.034690 0.967784
1777955680.546609640 0.405133 0.056542 -0.006037 -0.008315 0.249438 0.034712 0.967733
1777955680.550609589 0.405797 0.056647 -0.006159 -0.008334 0.249574 0.034727 0.967697
1777955680.556466579 0.406642 0.056770 -0.006345 -0.008400 0.249487 0.035122 0.967705
1777955680.560734034 0.407166 0.056830 -0.006485 -0.008449 0.249423 0.035410 0.967710
1777955680.566560745 0.407774 0.056898 -0.006676 -0.008346 0.249208 0.035371 0.967768
1777955680.570671797 0.408137 0.056948 -0.006807 -0.008274 0.249056 0.035344 0.967809
1777955680.576571941 0.408571 0.057029 -0.006990 -0.008134 0.248845 0.035133 0.967872
1777955680.580820560 0.408826 0.057098 -0.007119 -0.008033 0.248693 0.034981 0.967917
1777955680.586637974 0.409120 0.057198 -0.007295 -0.008002 0.248436 0.035131 0.967978
1777955680.590918779 0.409313 0.057275 -0.007424 -0.008003 0.248240 0.035296 0.968022
1777955680.596516848 0.409554 0.057391 -0.007590 -0.008022 0.248005 0.035443 0.968077
1777955680.600615263 0.409734 0.057491 -0.007711 -0.007995 0.247841 0.035362 0.968122
1777955680.606501102 0.410006 0.057655 -0.007883 -0.007928 0.247692 0.035053 0.968172
1777955680.610818863 0.410214 0.057777 -0.008008 -0.007880 0.247668 0.034832 0.968187
1777955680.616525888 0.410498 0.057912 -0.008178 -0.007839 0.247670 0.034712 0.968191
1777955680.620726109 0.410709 0.057987 -0.008306 -0.007847 0.247661 0.034833 0.968189
1777955680.626350403 0.411001 0.058060 -0.008474 -0.007917 0.247644 0.035179 0.968180
1777955680.630646229 0.411236 0.058104 -0.008594 -0.007961 0.247704 0.035368 0.968157
1777955680.636464596 0.411568 0.058163 -0.008747 -0.007945 0.247864 0.035316 0.968118
1777955680.639090776 0.411719 0.058191 -0.008815 -0.007919 0.247954 0.035189 0.968100
1777955680.639642000 0.413192 0.057920 -0.005539 -0.007755 0.248074 0.035018 0.968077
1777955680.640921354 0.413268 0.057933 -0.005567 -0.007743 0.248117 0.034956 0.968068
1777955680.646474361 0.413576 0.057980 -0.005688 -0.007700 0.248303 0.034710 0.968030
1777955680.650591850 0.413772 0.058006 -0.005782 -0.007717 0.248398 0.034701 0.968005
1777955680.656490564 0.413997 0.058024 -0.005928 -0.007796 0.248450 0.034908 0.967984
1777955680.660662889 0.414117 0.058028 -0.006038 -0.007844 0.248397 0.035074 0.967991
1777955680.666475534 0.414234 0.058048 -0.006197 -0.007889 0.248275 0.035186 0.968018
1777955680.670632124 0.414284 0.058083 -0.006315 -0.007904 0.248200 0.035136 0.968039
1777955680.676478624 0.414315 0.058163 -0.006485 -0.007897 0.248068 0.034873 0.968083
1777955680.680825949 0.414311 0.058238 -0.006614 -0.007885 0.247948 0.034616 0.968123
1777955680.686659575 0.414275 0.058342 -0.006788 -0.007899 0.247725 0.034373 0.968188
1777955680.690747023 0.414232 0.058413 -0.006911 -0.007965 0.247524 0.034364 0.968239
1777955680.696443796 0.414172 0.058518 -0.007086 -0.008116 0.247181 0.034505 0.968321
1777955680.700623274 0.414141 0.058603 -0.007216 -0.008233 0.246929 0.034580 0.968381
1777955680.706403494 0.414142 0.058733 -0.007397 -0.008330 0.246651 0.034479 0.968455
1777955680.710771799 0.414185 0.058837 -0.007536 -0.008359 0.246515 0.034273 0.968497
1777955680.716532946 0.414302 0.058962 -0.007724 -0.008379 0.246393 0.034010 0.968537
1777955680.720650434 0.414431 0.059033 -0.007864 -0.008395 0.246326 0.033941 0.968556
1777955680.726377487 0.414674 0.059102 -0.008060 -0.008441 0.246292 0.034041 0.968561
1777955680.730795860 0.414918 0.059137 -0.008208 -0.008501 0.246325 0.034205 0.968546
1777955680.736339808 0.415295 0.059174 -0.008384 -0.008559 0.246429 0.034376 0.968513
1777955680.738685131 0.415477 0.059189 -0.008456 -0.008574 0.246511 0.034403 0.968491
1777955680.738571644 0.414675 0.057018 -0.005079 -0.008243 0.246401 0.034302 0.968526
1777955680.740903616 0.414862 0.057022 -0.005138 -0.008259 0.246482 0.034328 0.968504
1777955680.746381521 0.415334 0.057034 -0.005273 -0.008286 0.246753 0.034342 0.968434
1777955680.750623465 0.415722 0.057042 -0.005379 -0.008298 0.246989 0.034373 0.968373
1777955680.756411552 0.416258 0.057050 -0.005528 -0.008327 0.247284 0.034527 0.968292
1777955680.760624647 0.416641 0.057055 -0.005639 -0.008360 0.247479 0.034734 0.968234
1777955680.766660452 0.417159 0.057077 -0.005804 -0.008419 0.247739 0.035085 0.968155
1777955680.770426035 0.417457 0.057105 -0.005911 -0.008438 0.247880 0.035265 0.968112
1777955680.776642561 0.417893 0.057178 -0.006092 -0.008445 0.248070 0.035427 0.968057
1777955680.780988693 0.418151 0.057244 -0.006224 -0.008419 0.248160 0.035466 0.968033
1777955680.786601782 0.418420 0.057333 -0.006404 -0.008387 0.248182 0.035516 0.968026
1777955680.790683508 0.418572 0.057396 -0.006539 -0.008377 0.248124 0.035617 0.968037
1777955680.796634912 0.418737 0.057475 -0.006739 -0.008379 0.247961 0.035833 0.968071
1777955680.800655127 0.418821 0.057521 -0.006873 -0.008378 0.247843 0.035951 0.968097
1777955680.806478977 0.418920 0.057583 -0.007064 -0.008348 0.247688 0.036026 0.968134
1777955680.810680389 0.418981 0.057629 -0.007199 -0.008310 0.247607 0.036040 0.968154
1777955680.816564083 0.419059 0.057693 -0.007387 -0.008255 0.247521 0.036057 0.968176
1777955680.820688725 0.419113 0.057735 -0.007519 -0.008206 0.247480 0.036074 0.968186
1777955680.826502800 0.419192 0.057785 -0.007706 -0.008139 0.247468 0.036111 0.968189
1777955680.830798864 0.419254 0.057818 -0.007844 -0.008090 0.247475 0.036152 0.968186
1777955680.836422443 0.419341 0.057868 -0.008026 -0.008046 0.247505 0.036221 0.968176
1777955680.838721991 0.419378 0.057892 -0.008100 -0.008044 0.247534 0.036242 0.968168
1777955680.838577271 0.419502 0.056916 -0.005301 -0.007865 0.247603 0.036125 0.968156
1777955680.840895414 0.419541 0.056939 -0.005366 -0.007863 0.247632 0.036147 0.968148
1777955680.846597433 0.419638 0.057008 -0.005523 -0.007865 0.247727 0.036130 0.968124
1777955680.850759983 0.419706 0.057066 -0.005637 -0.007852 0.247805 0.036061 0.968107
1777955680.856458664 0.419783 0.057155 -0.005794 -0.007844 0.247903 0.035962 0.968085
1777955680.860711813 0.419822 0.057227 -0.005912 -0.007856 0.247962 0.035924 0.968072
1777955680.866582155 0.419848 0.057332 -0.006077 -0.007889 0.248043 0.035886 0.968052
1777955680.870845318 0.419843 0.057410 -0.006198 -0.007905 0.248113 0.035816 0.968037
1777955680.876618385 0.419797 0.057516 -0.006365 -0.007921 0.248211 0.035659 0.968017
1777955680.880902529 0.419729 0.057590 -0.006493 -0.007929 0.248258 0.035526 0.968010
1777955680.886671782 0.419586 0.057675 -0.006671 -0.007934 0.248264 0.035339 0.968015
1777955680.890983582 0.419442 0.057726 -0.006807 -0.007927 0.248211 0.035203 0.968034
1777955680.896434784 0.419219 0.057779 -0.006979 -0.007943 0.248082 0.035044 0.968072
1777955680.900620699 0.419022 0.057816 -0.007111 -0.007955 0.247950 0.034918 0.968111
1777955680.906569958 0.418714 0.057871 -0.007298 -0.007990 0.247752 0.034695 0.968169
1777955680.910754204 0.418484 0.057913 -0.007431 -0.008001 0.247610 0.034500 0.968212
1777955680.916617632 0.418153 0.057971 -0.007618 -0.008015 0.247419 0.034223 0.968271
1777955680.920847178 0.417911 0.058011 -0.007757 -0.008024 0.247275 0.034069 0.968313
1777955680.926657915 0.417584 0.058062 -0.007953 -0.008037 0.247065 0.033948 0.968371
1777955680.930934668 0.417354 0.058099 -0.008100 -0.008044 0.246906 0.033901 0.968413
1777955680.936483860 0.417086 0.058156 -0.008293 -0.008068 0.246719 0.033845 0.968462
1777955680.938532829 0.416999 0.058180 -0.008363 -0.008080 0.246659 0.033813 0.968478
1777955680.938419580 0.418088 0.057799 -0.005084 -0.007914 0.246733 0.033659 0.968466
1777955680.940596819 0.418007 0.057824 -0.005149 -0.007926 0.246670 0.033625 0.968484
1777955680.946498156 0.417834 0.057901 -0.005322 -0.007985 0.246540 0.033495 0.968521
1777955680.950676203 0.417752 0.057959 -0.005443 -0.008020 0.246490 0.033415 0.968536
1777955680.956544161 0.417695 0.058035 -0.005610 -0.008080 0.246485 0.033385 0.968538
1777955680.960815668 0.417691 0.058086 -0.005732 -0.008133 0.246523 0.033452 0.968525
1777955680.966687441 0.417734 0.058159 -0.005901 -0.008231 0.246602 0.033665 0.968497
1777955680.970905542 0.417799 0.058213 -0.006024 -0.008291 0.246685 0.033813 0.968470
1777955680.977469683 0.417947 0.058290 -0.006217 -0.008315 0.246861 0.033887 0.968423
1777955680.980617762 0.418035 0.058320 -0.006311 -0.008301 0.246962 0.033870 0.968397
1777955680.986678839 0.418210 0.058366 -0.006497 -0.008292 0.247163 0.033933 0.968344
1777955680.991017342 0.418332 0.058390 -0.006634 -0.008317 0.247272 0.034112 0.968310
1777955680.996317863 0.418475 0.058408 -0.006804 -0.008376 0.247352 0.034410 0.968278
1777955681.000722408 0.418590 0.058418 -0.006946 -0.008394 0.247381 0.034600 0.968264
1777955681.006512880 0.418732 0.058433 -0.007134 -0.008394 0.247379 0.034727 0.968260
1777955681.010597944 0.418825 0.058448 -0.007269 -0.008378 0.247360 0.034754 0.968264
1777955681.016556740 0.418950 0.058473 -0.007471 -0.008348 0.247309 0.034790 0.968276
1777955681.020833969 0.419032 0.058494 -0.007621 -0.008332 0.247268 0.034852 0.968284
1777955681.026298761 0.419132 0.058523 -0.007816 -0.008316 0.247196 0.034978 0.968298
1777955681.030986309 0.419219 0.058553 -0.007987 -0.008295 0.247119 0.035100 0.968314
1777955681.036407948 0.419328 0.058603 -0.008186 -0.008277 0.247047 0.035224 0.968328
1777955681.038495302 0.419375 0.058628 -0.008262 -0.008278 0.247035 0.035252 0.968330
1777955681.038145065 0.419265 0.056463 -0.004799 -0.007912 0.246982 0.035215 0.968348
1777955681.040597439 0.419321 0.056482 -0.004875 -0.007913 0.246968 0.035248 0.968350
1777955681.046416521 0.419471 0.056543 -0.005052 -0.007911 0.246978 0.035260 0.968347
1777955681.050554276 0.419591 0.056597 -0.005177 -0.007922 0.246986 0.035255 0.968345
1777955681.056673288 0.419787 0.056683 -0.005365 -0.007958 0.246982 0.035301 0.968344
1777955681.060796499 0.419932 0.056742 -0.005496 -0.007985 0.246975 0.035355 0.968344
1777955681.066531181 0.420154 0.056823 -0.005681 -0.008018 0.246994 0.035417 0.968336
1777955681.070832014 0.420336 0.056886 -0.005820 -0.008030 0.247036 0.035454 0.968324
1777955681.076408863 0.420590 0.056976 -0.006000 -0.008042 0.247148 0.035494 0.968294
1777955681.080880404 0.420806 0.057053 -0.006145 -0.008054 0.247278 0.035507 0.968260
1777955681.086597443 0.421089 0.057149 -0.006330 -0.008049 0.247473 0.035483 0.968211
1777955681.090920210 0.421300 0.057218 -0.006470 -0.008046 0.247636 0.035470 0.968170
1777955681.096341372 0.421549 0.057299 -0.006645 -0.008054 0.247824 0.035501 0.968121
1777955681.100588560 0.421725 0.057359 -0.006780 -0.008075 0.247955 0.035550 0.968085
1777955681.106346846 0.421926 0.057442 -0.006963 -0.008114 0.248117 0.035607 0.968041
1777955681.110791445 0.422045 0.057507 -0.007104 -0.008144 0.248217 0.035601 0.968016
1777955681.116368771 0.422141 0.057587 -0.007283 -0.008152 0.248292 0.035522 0.967999
1777955681.120609522 0.422172 0.057644 -0.007423 -0.008146 0.248299 0.035440 0.968001
1777955681.126468420 0.422148 0.057716 -0.007624 -0.008126 0.248246 0.035339 0.968018
1777955681.130663395 0.422085 0.057763 -0.007772 -0.008111 0.248171 0.035283 0.968040
1777955681.136467218 0.421946 0.057823 -0.007979 -0.008091 0.248028 0.035220 0.968079
1777955681.138567209 0.421883 0.057845 -0.008053 -0.008080 0.247967 0.035189 0.968096
1777955681.138457298 0.420563 0.058132 -0.004931 -0.008031 0.247873 0.035100 0.968123
1777955681.140884399 0.420476 0.058158 -0.005006 -0.008018 0.247802 0.035064 0.968143
1777955681.146269798 0.420264 0.058219 -0.005171 -0.007996 0.247636 0.034946 0.968190
1777955681.151422262 0.420043 0.058278 -0.005327 -0.007983 0.247469 0.034812 0.968237
1777955681.156734705 0.419807 0.058339 -0.005488 -0.007976 0.247278 0.034667 0.968291
1777955681.160848379 0.419624 0.058384 -0.005613 -0.007965 0.247128 0.034569 0.968333
1777955681.166679382 0.419376 0.058443 -0.005795 -0.007954 0.246939 0.034464 0.968385
1777955681.170701742 0.419217 0.058482 -0.005923 -0.007950 0.246823 0.034414 0.968417
1777955681.176559687 0.419015 0.058538 -0.006113 -0.007938 0.246678 0.034358 0.968456
1777955681.180987120 0.418891 0.058581 -0.006259 -0.007926 0.246588 0.034320 0.968480
1777955681.186508417 0.418776 0.058640 -0.006444 -0.007912 0.246520 0.034283 0.968499
1777955681.190867901 0.418720 0.058689 -0.006590 -0.007900 0.246507 0.034275 0.968502
1777955681.196650028 0.418690 0.058760 -0.006782 -0.007907 0.246540 0.034279 0.968494
1777955681.200973511 0.418700 0.058819 -0.006924 -0.007926 0.246593 0.034307 0.968479
1777955681.206285954 0.418746 0.058899 -0.007095 -0.007976 0.246690 0.034355 0.968452
1777955681.210620880 0.418807 0.058969 -0.007232 -0.008033 0.246778 0.034399 0.968428
1777955681.216460943 0.418910 0.059069 -0.007416 -0.008116 0.246899 0.034459 0.968394
1777955681.220626831 0.418992 0.059141 -0.007550 -0.008174 0.246990 0.034513 0.968369
1777955681.226443052 0.419105 0.059238 -0.007743 -0.008241 0.247108 0.034608 0.968335
1777955681.230787992 0.419185 0.059308 -0.007894 -0.008277 0.247174 0.034675 0.968315
1777955681.236500502 0.419280 0.059398 -0.008100 -0.008308 0.247223 0.034735 0.968300
1777955681.238646030 0.419312 0.059431 -0.008179 -0.008316 0.247235 0.034750 0.968296
1777955681.238425493 0.417980 0.057379 -0.005297 -0.007998 0.247169 0.034693 0.968318
1777955681.240737438 0.418007 0.057403 -0.005373 -0.008008 0.247182 0.034709 0.968314
1777955681.246497631 0.418064 0.057462 -0.005562 -0.008051 0.247204 0.034741 0.968307
1777955681.250873804 0.418097 0.057504 -0.005705 -0.008090 0.247205 0.034770 0.968305
1777955681.256408691 0.418128 0.057550 -0.005885 -0.008141 0.247181 0.034810 0.968310
1777955681.260868073 0.418144 0.057581 -0.006031 -0.008170 0.247136 0.034838 0.968320
1777955681.266419649 0.418158 0.057615 -0.006216 -0.008189 0.247061 0.034862 0.968338
1777955681.270637751 0.418165 0.057638 -0.006360 -0.008199 0.246991 0.034872 0.968355
1777955681.276560307 0.418179 0.057669 -0.006564 -0.008199 0.246897 0.034873 0.968379
1777955681.280635118 0.418194 0.057692 -0.006707 -0.008196 0.246843 0.034871 0.968393
1777955681.286507368 0.418229 0.057729 -0.006918 -0.008186 0.246782 0.034892 0.968408
1777955681.290830612 0.418270 0.057759 -0.007076 -0.008178 0.246743 0.034923 0.968417
1777955681.296481371 0.418345 0.057805 -0.007284 -0.008165 0.246720 0.034985 0.968421
1777955681.300832748 0.418421 0.057847 -0.007442 -0.008159 0.246730 0.035048 0.968416
1777955681.306523561 0.418546 0.057914 -0.007646 -0.008178 0.246776 0.035145 0.968401
1777955681.310820103 0.418660 0.057972 -0.007796 -0.008196 0.246836 0.035202 0.968383
1777955681.316352129 0.418825 0.058052 -0.007987 -0.008216 0.246941 0.035224 0.968355
1777955681.320552588 0.418959 0.058114 -0.008131 -0.008228 0.247042 0.035257 0.968328
1777955681.326505661 0.419144 0.058201 -0.008339 -0.008255 0.247195 0.035368 0.968285
1777955681.330686808 0.419267 0.058262 -0.008490 -0.008275 0.247292 0.035475 0.968256
1777955681.336443663 0.419421 0.058342 -0.008703 -0.008266 0.247414 0.035580 0.968221
1777955681.338669777 0.419474 0.058371 -0.008787 -0.008254 0.247461 0.035591 0.968209
1777955681.338229418 0.418831 0.057260 -0.005301 -0.008071 0.247419 0.035450 0.968226
1777955681.340603590 0.418882 0.057285 -0.005379 -0.008059 0.247469 0.035461 0.968213
1777955681.346668720 0.418989 0.057350 -0.005579 -0.008028 0.247574 0.035444 0.968187
1777955681.350912571 0.419040 0.057395 -0.005718 -0.008011 0.247616 0.035427 0.968177
1777955681.356629372 0.419075 0.057453 -0.005905 -0.008007 0.247649 0.035425 0.968169
1777955681.360611916 0.419075 0.057493 -0.006034 -0.008016 0.247653 0.035434 0.968167
1777955681.366443872 0.419040 0.057551 -0.006225 -0.008014 0.247614 0.035427 0.968178
1777955681.370552778 0.418992 0.057594 -0.006362 -0.008008 0.247559 0.035401 0.968193
1777955681.376503468 0.418892 0.057662 -0.006564 -0.007995 0.247456 0.035324 0.968222
1777955681.380696297 0.418803 0.057714 -0.006710 -0.007989 0.247378 0.035250 0.968245
1777955681.386501551 0.418662 0.057791 -0.006916 -0.007964 0.247254 0.035121 0.968281
1777955681.391236782 0.418538 0.057856 -0.007088 -0.007947 0.247140 0.035022 0.968314
1777955681.396321058 0.418403 0.057925 -0.007275 -0.007925 0.247012 0.034929 0.968350
1777955681.400816917 0.418288 0.057985 -0.007441 -0.007917 0.246908 0.034854 0.968379
1777955681.406559467 0.418157 0.058064 -0.007650 -0.007918 0.246793 0.034762 0.968412
1777955681.410869837 0.418075 0.058124 -0.007804 -0.007928 0.246728 0.034689 0.968431
1777955681.416469812 0.417995 0.058202 -0.008000 -0.007946 0.246679 0.034602 0.968447
1777955681.420565128 0.417954 0.058259 -0.008144 -0.007969 0.246666 0.034558 0.968451
1777955681.426496267 0.417923 0.058339 -0.008354 -0.008002 0.246671 0.034520 0.968451
1777955681.430681705 0.417919 0.058393 -0.008506 -0.008020 0.246696 0.034510 0.968445
1777955681.436659575 0.417934 0.058470 -0.008729 -0.008027 0.246761 0.034507 0.968428
1777955681.438607454 0.417944 0.058496 -0.008803 -0.008026 0.246788 0.034510 0.968422
1777955681.438179970 0.417640 0.056894 -0.005775 -0.007797 0.246838 0.034434 0.968413
1777955681.440606594 0.417653 0.056917 -0.005858 -0.007796 0.246870 0.034437 0.968405
1777955681.446702242 0.417700 0.056980 -0.006068 -0.007801 0.246959 0.034446 0.968382
1777955681.450806379 0.417738 0.057025 -0.006209 -0.007817 0.247018 0.034456 0.968367
1777955681.456603050 0.417796 0.057092 -0.006404 -0.007861 0.247100 0.034484 0.968344
1777955681.460823774 0.417838 0.057140 -0.006545 -0.007900 0.247145 0.034519 0.968331
1777955681.466403961 0.417888 0.057204 -0.006733 -0.007956 0.247183 0.034584 0.968319
1777955681.470821142 0.417920 0.057253 -0.006883 -0.007994 0.247205 0.034641 0.968311
1777955681.476475477 0.417948 0.057316 -0.007079 -0.008035 0.247221 0.034716 0.968304
1777955681.480756998 0.417960 0.057361 -0.007229 -0.008055 0.247221 0.034768 0.968302
1777955681.486671209 0.417963 0.057418 -0.007442 -0.008070 0.247199 0.034824 0.968305
1777955681.491278887 0.417954 0.057457 -0.007612 -0.008073 0.247171 0.034860 0.968311
1777955681.496481180 0.417933 0.057496 -0.007808 -0.008078 0.247128 0.034905 0.968320
1777955681.500916719 0.417910 0.057524 -0.007976 -0.008078 0.247080 0.034949 0.968331
1777955681.506510258 0.417878 0.057557 -0.008189 -0.008072 0.247008 0.035001 0.968347
1777955681.510871410 0.417854 0.057582 -0.008355 -0.008072 0.246950 0.035025 0.968361
1777955681.516550064 0.417832 0.057614 -0.008569 -0.008068 0.246871 0.035044 0.968381
1777955681.520549774 0.417823 0.057637 -0.008719 -0.008078 0.246823 0.035062 0.968392
1777955681.526402712 0.417824 0.057674 -0.008940 -0.008100 0.246762 0.035107 0.968406
1777955681.530582666 0.417837 0.057703 -0.009100 -0.008121 0.246734 0.035152 0.968412
1777955681.536484480 0.417876 0.057749 -0.009334 -0.008127 0.246709 0.035202 0.968416
1777955681.538485527 0.417895 0.057766 -0.009414 -0.008123 0.246709 0.035213 0.968415
1777955681.538737059 0.417572 0.057196 -0.005905 -0.007957 0.246745 0.035098 0.968412
1777955681.540760040 0.417594 0.057211 -0.005977 -0.007952 0.246745 0.035108 0.968412
1777955681.546554565 0.417674 0.057264 -0.006184 -0.007941 0.246781 0.035136 0.968401
1777955681.550684214 0.417746 0.057310 -0.006330 -0.007947 0.246830 0.035173 0.968388
1777955681.556547403 0.417867 0.057386 -0.006532 -0.007987 0.246923 0.035236 0.968361
1777955681.560787916 0.417966 0.057448 -0.006675 -0.008024 0.247001 0.035276 0.968340
1777955681.566525221 0.418104 0.057536 -0.006867 -0.008076 0.247121 0.035315 0.968307
1777955681.570851564 0.418207 0.057604 -0.007012 -0.008118 0.247220 0.035333 0.968281
1777955681.576456785 0.418327 0.057693 -0.007203 -0.008163 0.247337 0.035355 0.968250
1777955681.580584049 0.418402 0.057757 -0.007345 -0.008193 0.247411 0.035365 0.968230
1777955681.586421251 0.418481 0.057845 -0.007552 -0.008221 0.247492 0.035371 0.968209
1777955681.591103077 0.418518 0.057911 -0.007722 -0.008225 0.247525 0.035360 0.968201
1777955681.596497774 0.418530 0.057982 -0.007923 -0.008204 0.247529 0.035331 0.968201
1777955681.600625515 0.418517 0.058033 -0.008081 -0.008190 0.247513 0.035298 0.968207
1777955681.606570959 0.418469 0.058105 -0.008309 -0.008166 0.247462 0.035233 0.968222
1777955681.610680819 0.418417 0.058154 -0.008467 -0.008151 0.247410 0.035189 0.968237
1777955681.616580963 0.418325 0.058227 -0.008691 -0.008143 0.247313 0.035124 0.968265
1777955681.620826244 0.418248 0.058280 -0.008850 -0.008148 0.247234 0.035077 0.968286
1777955681.626422644 0.418141 0.058352 -0.009061 -0.008151 0.247130 0.035015 0.968315
1777955681.630550623 0.418060 0.058407 -0.009217 -0.008156 0.247054 0.034970 0.968336
1777955681.636445761 0.417949 0.058486 -0.009445 -0.008139 0.246945 0.034899 0.968367
1777955681.638614655 0.417911 0.058516 -0.009531 -0.008128 0.246915 0.034871 0.968375
1777955681.638257742 0.417391 0.057074 -0.005610 -0.007958 0.246880 0.034752 0.968390
1777955681.640685320 0.417347 0.057099 -0.005693 -0.007945 0.246847 0.034721 0.968400
1777955681.646545887 0.417252 0.057161 -0.005897 -0.007912 0.246788 0.034656 0.968417
1777955681.650724649 0.417196 0.057204 -0.006043 -0.007886 0.246754 0.034622 0.968427
1777955681.656579971 0.417140 0.057266 -0.006245 -0.007883 0.246721 0.034595 0.968437
1777955681.660827160 0.417115 0.057311 -0.006390 -0.007893 0.246710 0.034593 0.968439
1777955681.666356564 0.417106 0.057371 -0.006576 -0.007915 0.246715 0.034604 0.968438
1777955681.670868874 0.417115 0.057421 -0.006728 -0.007935 0.246743 0.034619 0.968430
1777955681.677464962 0.417152 0.057499 -0.006952 -0.007955 0.246804 0.034640 0.968413
1777955681.680623531 0.417177 0.057537 -0.007060 -0.007964 0.246843 0.034649 0.968403
1777955681.686664581 0.417233 0.057612 -0.007271 -0.007981 0.246927 0.034674 0.968381
1777955681.691411495 0.417281 0.057673 -0.007440 -0.007997 0.246990 0.034705 0.968363
1777955681.696495771 0.417329 0.057738 -0.007626 -0.008013 0.247050 0.034750 0.968346
1777955681.700930119 0.417368 0.057794 -0.007791 -0.008030 0.247096 0.034787 0.968333
1777955681.706529617 0.417408 0.057867 -0.008002 -0.008040 0.247139 0.034819 0.968321
1777955681.711086035 0.417433 0.057927 -0.008175 -0.008054 0.247160 0.034837 0.968315
1777955681.716206074 0.417453 0.057995 -0.008368 -0.008078 0.247159 0.034854 0.968314
1777955681.720827341 0.417462 0.058056 -0.008541 -0.008116 0.247146 0.034879 0.968316
1777955681.726428986 0.417463 0.058128 -0.008752 -0.008167 0.247110 0.034917 0.968324
1777955681.730769157 0.417457 0.058182 -0.008917 -0.008210 0.247073 0.034952 0.968332
1777955681.736451149 0.417445 0.058251 -0.009137 -0.008241 0.247013 0.034973 0.968346
1777955681.738618612 0.417439 0.058276 -0.009223 -0.008244 0.246989 0.034973 0.968352
1777955681.738173008 0.417287 0.057174 -0.006456 -0.007978 0.247099 0.034908 0.968329
1777955681.740621567 0.417282 0.057195 -0.006544 -0.007981 0.247072 0.034908 0.968335
1777955681.746465445 0.417268 0.057243 -0.006760 -0.007971 0.247021 0.034896 0.968349
1777955681.750772476 0.417261 0.057277 -0.006922 -0.007966 0.246988 0.034895 0.968357
1777955681.756510258 0.417260 0.057321 -0.007135 -0.007962 0.246956 0.034919 0.968365
1777955681.760890722 0.417269 0.057356 -0.007296 -0.007984 0.246942 0.034949 0.968367
1777955681.766467571 0.417293 0.057402 -0.007497 -0.008010 0.246933 0.034989 0.968368
1777955681.770961761 0.417323 0.057442 -0.007658 -0.008041 0.246941 0.035018 0.968364
1777955681.776506901 0.417372 0.057495 -0.007857 -0.008075 0.246969 0.035045 0.968356
1777955681.780645609 0.417414 0.057537 -0.008007 -0.008097 0.247002 0.035065 0.968346
1777955681.786649227 0.417479 0.057603 -0.008226 -0.008127 0.247064 0.035101 0.968329
1777955681.791310072 0.417530 0.057657 -0.008398 -0.008149 0.247116 0.035136 0.968314
1777955681.796496868 0.417583 0.057720 -0.008593 -0.008176 0.247171 0.035173 0.968299
1777955681.800647736 0.417619 0.057772 -0.008752 -0.008185 0.247214 0.035199 0.968287
1777955681.807292938 0.417661 0.057859 -0.009010 -0.008188 0.247280 0.035227 0.968269
1777955681.810880661 0.417675 0.057907 -0.009151 -0.008196 0.247309 0.035234 0.968261
1777955681.816557884 0.417681 0.057985 -0.009373 -0.008199 0.247336 0.035238 0.968254
1777955681.820895672 0.417673 0.058044 -0.009542 -0.008212 0.247340 0.035238 0.968253
1777955681.826525211 0.417645 0.058120 -0.009760 -0.008235 0.247319 0.035234 0.968258
1777955681.830740690 0.417611 0.058177 -0.009924 -0.008255 0.247288 0.035233 0.968266
1777955681.836424828 0.417550 0.058251 -0.010148 -0.008281 0.247234 0.035227 0.968280
1777955681.838540554 0.417524 0.058277 -0.010232 -0.008279 0.247212 0.035218 0.968286
1777955681.838407755 0.417834 0.056330 -0.006097 -0.008016 0.247247 0.035094 0.968284
1777955681.840592146 0.417806 0.056348 -0.006172 -0.008014 0.247223 0.035084 0.968290
1777955681.846389055 0.417725 0.056394 -0.006378 -0.007984 0.247147 0.035033 0.968312
1777955681.850835323 0.417659 0.056428 -0.006539 -0.007950 0.247086 0.034988 0.968329
1777955681.856342793 0.417579 0.056471 -0.006741 -0.007914 0.247011 0.034931 0.968351
1777955681.860923529 0.417517 0.056509 -0.006907 -0.007901 0.246955 0.034896 0.968366
1777955681.866637468 0.417454 0.056558 -0.007110 -0.007901 0.246893 0.034856 0.968383
1777955681.870887995 0.417417 0.056597 -0.007259 -0.007913 0.246860 0.034834 0.968393
1777955681.876425266 0.417385 0.056651 -0.007454 -0.007929 0.246828 0.034804 0.968402
1777955681.880650759 0.417373 0.056695 -0.007604 -0.007934 0.246811 0.034783 0.968407
1777955681.886399746 0.417374 0.056757 -0.007812 -0.007937 0.246799 0.034761 0.968410
1777955681.891340733 0.417392 0.056814 -0.007993 -0.007934 0.246805 0.034746 0.968410
1777955681.896397829 0.417425 0.056874 -0.008182 -0.007937 0.246831 0.034740 0.968403
1777955681.900898933 0.417467 0.056930 -0.008353 -0.007935 0.246866 0.034734 0.968394
1777955681.906374693 0.417530 0.057000 -0.008564 -0.007931 0.246926 0.034725 0.968379
1777955681.910880566 0.417589 0.057058 -0.008739 -0.007937 0.246980 0.034728 0.968366
1777955681.916468620 0.417669 0.057133 -0.008956 -0.007951 0.247051 0.034736 0.968347
1777955681.920874596 0.417734 0.057192 -0.009125 -0.007977 0.247105 0.034756 0.968332
1777955681.926427126 0.417815 0.057266 -0.009336 -0.008015 0.247167 0.034786 0.968315
1777955681.930674314 0.417873 0.057322 -0.009497 -0.008051 0.247204 0.034808 0.968305
1777955681.936431408 0.417944 0.057397 -0.009718 -0.008092 0.247238 0.034840 0.968294
1777955681.938596010 0.417967 0.057425 -0.009802 -0.008104 0.247248 0.034848 0.968292
1777955681.938420534 0.417319 0.056454 -0.006771 -0.007849 0.247268 0.034762 0.968291
1777955681.940571308 0.417338 0.056476 -0.006847 -0.007860 0.247278 0.034770 0.968289
1777955681.946561813 0.417378 0.056535 -0.007065 -0.007877 0.247293 0.034787 0.968284
1777955681.950865507 0.417395 0.056575 -0.007227 -0.007879 0.247296 0.034799 0.968283
1777955681.956678152 0.417405 0.056627 -0.007449 -0.007883 0.247281 0.034809 0.968286
1777955681.960969925 0.417403 0.056665 -0.007613 -0.007893 0.247261 0.034824 0.968291
1777955681.966470718 0.417395 0.056712 -0.007820 -0.007918 0.247226 0.034843 0.968299
1777955681.970647573 0.417386 0.056748 -0.007976 -0.007940 0.247195 0.034855 0.968306
1777955681.976436377 0.417371 0.056796 -0.008191 -0.007958 0.247156 0.034870 0.968315
1777955681.980710030 0.417358 0.056831 -0.008350 -0.007977 0.247131 0.034884 0.968321
1777955681.986378431 0.417343 0.056875 -0.008562 -0.007995 0.247099 0.034910 0.968328
1777955681.990916252 0.417333 0.056910 -0.008734 -0.008013 0.247075 0.034928 0.968334
1777955681.996550322 0.417325 0.056954 -0.008949 -0.008033 0.247054 0.034948 0.968338
1777955682.000844002 0.417322 0.056988 -0.009117 -0.008038 0.247047 0.034966 0.968339
1777955682.006333113 0.417323 0.057034 -0.009335 -0.008035 0.247050 0.034992 0.968337
1777955682.010570765 0.417328 0.057071 -0.009504 -0.008031 0.247064 0.035011 0.968333
1777955682.016405106 0.417339 0.057127 -0.009738 -0.008026 0.247085 0.035038 0.968327
1777955682.020572186 0.417350 0.057171 -0.009904 -0.008033 0.247107 0.035059 0.968320
1777955682.026443720 0.417367 0.057238 -0.010135 -0.008066 0.247139 0.035086 0.968311
1777955682.030629158 0.417379 0.057290 -0.010298 -0.008095 0.247164 0.035104 0.968304
1777955682.036452770 0.417392 0.057366 -0.010526 -0.008138 0.247190 0.035130 0.968296
1777955682.038523436 0.417394 0.057393 -0.010607 -0.008152 0.247198 0.035136 0.968293
1777955682.038469076 0.417718 0.056292 -0.006139 -0.008011 0.247203 0.035012 0.968298
1777955682.040833473 0.417720 0.056319 -0.006218 -0.008026 0.247212 0.035019 0.968295
1777955682.046342373 0.417719 0.056380 -0.006407 -0.008050 0.247223 0.035024 0.968292
1777955682.050884008 0.417707 0.056429 -0.006568 -0.008052 0.247223 0.035019 0.968292
1777955682.056603193 0.417681 0.056489 -0.006776 -0.008034 0.247209 0.035005 0.968296
1777955682.060943127 0.417654 0.056534 -0.006936 -0.008033 0.247191 0.034990 0.968301
1777955682.066402674 0.417614 0.056591 -0.007136 -0.008034 0.247158 0.034973 0.968311
1777955682.070633650 0.417581 0.056635 -0.007289 -0.008052 0.247125 0.034954 0.968320
1777955682.076479435 0.417535 0.056697 -0.007499 -0.008078 0.247079 0.034926 0.968332
1777955682.080704451 0.417502 0.056741 -0.007650 -0.008096 0.247046 0.034905 0.968341
1777955682.086536884 0.417460 0.056802 -0.007862 -0.008119 0.247009 0.034876 0.968351
1777955682.091032982 0.417432 0.056849 -0.008027 -0.008137 0.246981 0.034854 0.968359
1777955682.096003056 0.417406 0.056902 -0.008213 -0.008145 0.246947 0.034831 0.968368
1777955682.100641251 0.417389 0.056951 -0.008390 -0.008143 0.246924 0.034808 0.968375
1777955682.106472492 0.417378 0.057013 -0.008615 -0.008131 0.246897 0.034779 0.968383
1777955682.110583782 0.417378 0.057057 -0.008777 -0.008119 0.246890 0.034763 0.968386
1777955682.116349936 0.417391 0.057119 -0.009005 -0.008117 0.246899 0.034765 0.968383
1777955682.120840549 0.417412 0.057170 -0.009182 -0.008115 0.246906 0.034766 0.968382
1777955682.126525879 0.417452 0.057238 -0.009405 -0.008136 0.246938 0.034777 0.968373
1777955682.130765200 0.417492 0.057292 -0.009570 -0.008151 0.246962 0.034785 0.968366
1777955682.136492968 0.417554 0.057368 -0.009792 -0.008184 0.247011 0.034814 0.968353
1777955682.138621807 0.417579 0.057397 -0.009875 -0.008196 0.247029 0.034825 0.968347
1777955682.138468266 0.416313 0.056745 -0.006869 -0.008022 0.247013 0.034783 0.968355
1777955682.140783310 0.416336 0.056772 -0.006951 -0.008035 0.247032 0.034795 0.968349
1777955682.146300316 0.416388 0.056838 -0.007149 -0.008040 0.247084 0.034831 0.968335
1777955682.150816202 0.416429 0.056890 -0.007317 -0.008045 0.247126 0.034861 0.968323
1777955682.156351089 0.416474 0.056954 -0.007527 -0.008037 0.247164 0.034888 0.968312
1777955682.160915852 0.416506 0.057007 -0.007701 -0.008030 0.247195 0.034911 0.968303
1777955682.166484118 0.416540 0.057073 -0.007914 -0.008045 0.247214 0.034929 0.968298
1777955682.170651436 0.416561 0.057123 -0.008071 -0.008056 0.247229 0.034943 0.968293
1777955682.176624060 0.416583 0.057195 -0.008297 -0.008085 0.247232 0.034963 0.968292
1777955682.180643797 0.416592 0.057242 -0.008449 -0.008104 0.247233 0.034976 0.968291
1777955682.186531305 0.416595 0.057311 -0.008674 -0.008121 0.247215 0.034987 0.968295
1777955682.190915585 0.416591 0.057361 -0.008843 -0.008133 0.247201 0.034995 0.968298
1777955682.196296692 0.416579 0.057423 -0.009054 -0.008137 0.247182 0.034993 0.968303
1777955682.200367212 0.416566 0.057470 -0.009216 -0.008140 0.247167 0.034991 0.968307
1777955682.206403017 0.416542 0.057539 -0.009460 -0.008137 0.247146 0.034977 0.968313
1777955682.210650206 0.416523 0.057587 -0.009635 -0.008134 0.247131 0.034967 0.968317
1777955682.216361284 0.416495 0.057652 -0.009870 -0.008140 0.247110 0.034959 0.968322
1777955682.220615625 0.416475 0.057702 -0.010045 -0.008144 0.247095 0.034953 0.968326
1777955682.226418018 0.416451 0.057772 -0.010282 -0.008166 0.247076 0.034952 0.968331
1777955682.230655193 0.416437 0.057825 -0.010452 -0.008183 0.247063 0.034952 0.968334
1777955682.236439228 0.416422 0.057901 -0.010684 -0.008219 0.247062 0.034951 0.968334
1777955682.238443375 0.416417 0.057927 -0.010765 -0.008231 0.247061 0.034950 0.968334
1777955682.238234043 0.416634 0.056921 -0.006841 -0.007998 0.247138 0.034796 0.968322
1777955682.240632296 0.416632 0.056947 -0.006925 -0.008013 0.247137 0.034796 0.968322
1777955682.246604443 0.416625 0.057014 -0.007136 -0.008036 0.247152 0.034801 0.968318
1777955682.250868559 0.416619 0.057061 -0.007291 -0.008052 0.247163 0.034805 0.968315
1777955682.256398201 0.416609 0.057124 -0.007497 -0.008055 0.247183 0.034811 0.968310
1777955682.260850430 0.416598 0.057176 -0.007666 -0.008058 0.247199 0.034815 0.968306
1777955682.266449451 0.416581 0.057242 -0.007878 -0.008064 0.247211 0.034819 0.968302
1777955682.270740509 0.416566 0.057294 -0.008038 -0.008069 0.247220 0.034823 0.968300
1777955682.276450396 0.416541 0.057364 -0.008251 -0.008095 0.247213 0.034832 0.968301
1777955682.280703306 0.416518 0.057415 -0.008409 -0.008114 0.247208 0.034839 0.968302
1777955682.286380053 0.416483 0.057482 -0.008623 -0.008139 0.247187 0.034855 0.968307
1777955682.290791750 0.416452 0.057533 -0.008790 -0.008154 0.247168 0.034861 0.968311
1777955682.296531916 0.416408 0.057600 -0.009011 -0.008173 0.247141 0.034860 0.968318
1777955682.300609112 0.416374 0.057646 -0.009171 -0.008187 0.247122 0.034859 0.968323
1777955682.306547403 0.416324 0.057713 -0.009407 -0.008177 0.247086 0.034856 0.968332
1777955682.310976028 0.416286 0.057763 -0.009587 -0.008170 0.247061 0.034852 0.968338
1777955682.316316605 0.416245 0.057822 -0.009805 -0.008155 0.247029 0.034852 0.968347
1777955682.320606232 0.416215 0.057870 -0.009981 -0.008143 0.247003 0.034851 0.968354
1777955682.326568842 0.416182 0.057938 -0.010224 -0.008159 0.246972 0.034852 0.968361
1777955682.330600977 0.416167 0.057985 -0.010386 -0.008170 0.246951 0.034852 0.968367
1777955682.336433172 0.416157 0.058056 -0.010619 -0.008204 0.246935 0.034858 0.968370
1777955682.339111567 0.416157 0.058089 -0.010727 -0.008216 0.246929 0.034864 0.968371
1777955682.339764595 0.416759 0.057764 -0.006752 -0.008086 0.246992 0.034834 0.968357
1777955682.340671778 0.416761 0.057774 -0.006784 -0.008090 0.246990 0.034836 0.968358
1777955682.346512079 0.416782 0.057843 -0.006991 -0.008110 0.246996 0.034850 0.968356
1777955682.351166248 0.416806 0.057899 -0.007162 -0.008115 0.247010 0.034862 0.968352
1777955682.356316566 0.416840 0.057963 -0.007355 -0.008108 0.247037 0.034873 0.968344
1777955682.360806227 0.416876 0.058022 -0.007526 -0.008108 0.247067 0.034880 0.968336
1777955682.366609573 0.416931 0.058103 -0.007747 -0.008107 0.247116 0.034894 0.968324
1777955682.370919466 0.416976 0.058167 -0.007908 -0.008123 0.247149 0.034904 0.968315
1777955682.376533270 0.417039 0.058254 -0.008116 -0.008155 0.247191 0.034920 0.968303
1777955682.380970716 0.417089 0.058324 -0.008280 -0.008184 0.247225 0.034934 0.968294
1777955682.386606693 0.417149 0.058415 -0.008489 -0.008216 0.247265 0.034951 0.968283
1777955682.390767097 0.417189 0.058483 -0.008646 -0.008238 0.247288 0.034960 0.968276
1777955682.396607876 0.417238 0.058577 -0.008868 -0.008261 0.247314 0.034965 0.968269
1777955682.400699854 0.417265 0.058643 -0.009027 -0.008271 0.247331 0.034967 0.968265
1777955682.406682014 0.417294 0.058736 -0.009262 -0.008272 0.247341 0.034966 0.968262
1777955682.410804033 0.417305 0.058799 -0.009428 -0.008268 0.247345 0.034965 0.968261
1777955682.416371584 0.417311 0.058881 -0.009654 -0.008257 0.247337 0.034962 0.968263
1777955682.420777082 0.417309 0.058946 -0.009834 -0.008249 0.247326 0.034955 0.968266
1777955682.426387548 0.417300 0.059028 -0.010062 -0.008244 0.247307 0.034951 0.968272
1777955682.430644274 0.417290 0.059090 -0.010234 -0.008253 0.247289 0.034943 0.968276
1777955682.436470032 0.417272 0.059176 -0.010466 -0.008267 0.247256 0.034938 0.968285
1777955682.438580275 0.417264 0.059208 -0.010550 -0.008273 0.247241 0.034937 0.968289
1777955682.438506842 0.416875 0.058088 -0.007070 -0.008016 0.247265 0.034871 0.968287
1777955682.440715075 0.416866 0.058114 -0.007148 -0.008022 0.247250 0.034871 0.968291
1777955682.446597576 0.416840 0.058185 -0.007357 -0.008033 0.247213 0.034864 0.968300
1777955682.450642586 0.416821 0.058232 -0.007504 -0.008033 0.247195 0.034862 0.968305
1777955682.456606150 0.416792 0.058302 -0.007728 -0.008012 0.247177 0.034853 0.968310
1777955682.460879087 0.416772 0.058353 -0.007892 -0.007997 0.247167 0.034849 0.968313
1777955682.466469765 0.416749 0.058421 -0.008107 -0.007983 0.247159 0.034845 0.968315
1777955682.470882893 0.416735 0.058477 -0.008275 -0.007991 0.247159 0.034847 0.968315
1777955682.476500034 0.416723 0.058552 -0.008485 -0.008018 0.247167 0.034853 0.968313
1777955682.480740309 0.416718 0.058610 -0.008642 -0.008041 0.247175 0.034866 0.968310
1777955682.486601114 0.416713 0.058692 -0.008860 -0.008067 0.247190 0.034881 0.968306
1777955682.491000175 0.416710 0.058755 -0.009025 -0.008082 0.247198 0.034892 0.968303
1777955682.496543407 0.416706 0.058836 -0.009236 -0.008108 0.247209 0.034901 0.968299
1777955682.500903606 0.416701 0.058901 -0.009404 -0.008123 0.247216 0.034911 0.968297
1777955682.506446362 0.416691 0.058984 -0.009622 -0.008149 0.247223 0.034921 0.968295
1777955682.511053562 0.416680 0.059053 -0.009807 -0.008158 0.247226 0.034928 0.968294
1777955682.516364098 0.416663 0.059133 -0.010025 -0.008162 0.247223 0.034928 0.968294
1777955682.520740032 0.416647 0.059198 -0.010206 -0.008164 0.247214 0.034929 0.968297
1777955682.526201487 0.416627 0.059281 -0.010432 -0.008163 0.247195 0.034931 0.968302
1777955682.530545950 0.416611 0.059347 -0.010610 -0.008183 0.247181 0.034931 0.968305
1777955682.536570549 0.416593 0.059439 -0.010855 -0.008217 0.247155 0.034937 0.968311
1777955682.538659096 0.416587 0.059472 -0.010940 -0.008232 0.247146 0.034939 0.968313
1777955682.538718939 0.417300 0.057306 -0.006354 -0.007909 0.247197 0.034853 0.968306
1777955682.540700436 0.417298 0.057326 -0.006421 -0.007922 0.247188 0.034856 0.968308
1777955682.546557426 0.417296 0.057386 -0.006622 -0.007962 0.247166 0.034863 0.968313
1777955682.550613165 0.417297 0.057426 -0.006763 -0.007980 0.247153 0.034865 0.968316
1777955682.556440353 0.417301 0.057481 -0.006973 -0.007982 0.247138 0.034868 0.968320
1777955682.560913801 0.417306 0.057522 -0.007139 -0.007972 0.247132 0.034871 0.968321
1777955682.566872597 0.417319 0.057577 -0.007361 -0.007952 0.247130 0.034875 0.968322
1777955682.570877552 0.417333 0.057615 -0.007511 -0.007942 0.247126 0.034881 0.968323
1777955682.576593161 0.417361 0.057673 -0.007721 -0.007959 0.247132 0.034894 0.968321
1777955682.580620289 0.417386 0.057715 -0.007867 -0.007978 0.247138 0.034907 0.968319
1777955682.586472034 0.417429 0.057779 -0.008079 -0.008009 0.247155 0.034927 0.968313
1777955682.591063261 0.417466 0.057831 -0.008247 -0.008034 0.247171 0.034946 0.968308
1777955682.596475363 0.417511 0.057894 -0.008446 -0.008048 0.247190 0.034966 0.968302
1777955682.600596666 0.417546 0.057944 -0.008600 -0.008063 0.247211 0.034981 0.968296
1777955682.606397629 0.417594 0.058016 -0.008819 -0.008073 0.247238 0.034998 0.968289
1777955682.610556126 0.417625 0.058068 -0.008980 -0.008073 0.247255 0.035002 0.968284
1777955682.616499186 0.417664 0.058143 -0.009214 -0.008066 0.247280 0.035010 0.968278
1777955682.620954275 0.417688 0.058200 -0.009392 -0.008064 0.247294 0.035013 0.968274
1777955682.626297951 0.417711 0.058269 -0.009606 -0.008065 0.247303 0.035013 0.968272
1777955682.630917311 0.417727 0.058330 -0.009791 -0.008070 0.247303 0.035016 0.968272
1777955682.636436462 0.417740 0.058403 -0.010009 -0.008091 0.247300 0.035018 0.968272
1777955682.638532877 0.417744 0.058431 -0.010092 -0.008103 0.247296 0.035019 0.968273
1777955682.638171673 0.417549 0.058358 -0.006859 -0.007963 0.247326 0.034959 0.968269
1777955682.640743732 0.417552 0.058392 -0.006949 -0.007977 0.247322 0.034959 0.968270
1777955682.646548510 0.417555 0.058467 -0.007154 -0.008003 0.247303 0.034959 0.968274
1777955682.650831461 0.417553 0.058522 -0.007307 -0.008019 0.247290 0.034954 0.968278
1777955682.656570911 0.417547 0.058595 -0.007518 -0.008015 0.247270 0.034943 0.968283
1777955682.660892010 0.417539 0.058649 -0.007681 -0.008005 0.247252 0.034934 0.968288
1777955682.666749716 0.417526 0.058721 -0.007907 -0.007980 0.247229 0.034921 0.968295
1777955682.670633554 0.417519 0.058769 -0.008057 -0.007970 0.247218 0.034910 0.968298
1777955682.676453829 0.417512 0.058843 -0.008280 -0.007969 0.247206 0.034900 0.968301
1777955682.680647373 0.417511 0.058898 -0.008438 -0.007978 0.247195 0.034893 0.968304
1777955682.686544657 0.417515 0.058977 -0.008659 -0.007988 0.247186 0.034882 0.968307
1777955682.691374063 0.417523 0.059043 -0.008840 -0.008000 0.247183 0.034879 0.968308
1777955682.696560621 0.417535 0.059114 -0.009036 -0.008006 0.247178 0.034880 0.968309
1777955682.700613022 0.417546 0.059171 -0.009190 -0.008019 0.247180 0.034881 0.968308
1777955682.706664562 0.417565 0.059258 -0.009425 -0.008030 0.247186 0.034883 0.968307
1777955682.711198330 0.417581 0.059324 -0.009605 -0.008043 0.247195 0.034884 0.968304
1777955682.716108322 0.417598 0.059397 -0.009803 -0.008049 0.247208 0.034885 0.968301
1777955682.720960617 0.417614 0.059471 -0.010002 -0.008050 0.247218 0.034884 0.968298
1777955682.726651669 0.417633 0.059558 -0.010237 -0.008051 0.247236 0.034884 0.968294
1777955682.730636835 0.417645 0.059620 -0.010402 -0.008062 0.247246 0.034888 0.968291
1777955682.736487627 0.417663 0.059713 -0.010642 -0.008092 0.247254 0.034902 0.968288
1777955682.738612175 0.417670 0.059747 -0.010728 -0.008102 0.247255 0.034905 0.968288
1777955682.738184214 0.418488 0.057109 -0.006933 -0.007742 0.247361 0.034834 0.968266
1777955682.740581512 0.418500 0.057133 -0.007017 -0.007753 0.247362 0.034838 0.968265
1777955682.746541023 0.418529 0.057192 -0.007226 -0.007800 0.247358 0.034850 0.968266
1777955682.750736713 0.418547 0.057234 -0.007374 -0.007829 0.247353 0.034864 0.968266
1777955682.756413937 0.418570 0.057288 -0.007579 -0.007863 0.247346 0.034878 0.968267
1777955682.761254787 0.418585 0.057332 -0.007760 -0.007876 0.247338 0.034890 0.968269
1777955682.766477823 0.418597 0.057377 -0.007961 -0.007874 0.247330 0.034900 0.968270
1777955682.771022320 0.418607 0.057415 -0.008139 -0.007867 0.247322 0.034908 0.968272
1777955682.776432276 0.418620 0.057460 -0.008349 -0.007864 0.247311 0.034922 0.968275
1777955682.780609369 0.418632 0.057496 -0.008510 -0.007876 0.247302 0.034929 0.968277
1777955682.786606312 0.418653 0.057547 -0.008737 -0.007913 0.247292 0.034942 0.968279
1777955682.791081190 0.418672 0.057586 -0.008906 -0.007936 0.247284 0.034957 0.968280
1777955682.796495199 0.418697 0.057633 -0.009112 -0.007974 0.247280 0.034976 0.968280
1777955682.800660133 0.418718 0.057670 -0.009271 -0.007994 0.247277 0.034990 0.968280
1777955682.806699991 0.418751 0.057724 -0.009505 -0.008011 0.247277 0.035003 0.968279
1777955682.810851812 0.418775 0.057763 -0.009669 -0.008021 0.247277 0.035017 0.968279
1777955682.816111088 0.418806 0.057813 -0.009881 -0.008026 0.247280 0.035035 0.968277
1777955682.820710421 0.418834 0.057859 -0.010069 -0.008023 0.247285 0.035052 0.968275
1777955682.826328516 0.418869 0.057917 -0.010303 -0.008014 0.247300 0.035064 0.968271
1777955682.830792189 0.418898 0.057966 -0.010489 -0.008008 0.247310 0.035072 0.968268
1777955682.836376190 0.418934 0.058029 -0.010721 -0.008017 0.247324 0.035080 0.968264
1777955682.838837385 0.418951 0.058058 -0.010822 -0.008026 0.247328 0.035084 0.968263
1777955682.839536190 0.417397 0.056126 -0.007224 -0.007738 0.247227 0.034984 0.968295
1777955682.840573311 0.417401 0.056134 -0.007261 -0.007742 0.247228 0.034986 0.968294
1777955682.846474648 0.417421 0.056181 -0.007471 -0.007783 0.247239 0.034996 0.968291
1777955682.850571632 0.417434 0.056215 -0.007616 -0.007809 0.247243 0.035000 0.968290
1777955682.856693029 0.417449 0.056265 -0.007837 -0.007838 0.247242 0.035010 0.968289
1777955682.860851526 0.417454 0.056298 -0.007992 -0.007841 0.247238 0.035008 0.968290
1777955682.866307259 0.417457 0.056341 -0.008201 -0.007830 0.247230 0.035002 0.968293
1777955682.870963812 0.417454 0.056376 -0.008383 -0.007813 0.247221 0.034990 0.968296
1777955682.876534700 0.417450 0.056420 -0.008602 -0.007801 0.247208 0.034978 0.968300
1777955682.880720139 0.417446 0.056453 -0.008766 -0.007806 0.247195 0.034970 0.968303
1777955682.886510849 0.417443 0.056501 -0.008989 -0.007827 0.247180 0.034962 0.968307
1777955682.890875340 0.417442 0.056537 -0.009156 -0.007841 0.247166 0.034954 0.968311
1777955682.896496296 0.417443 0.056585 -0.009371 -0.007867 0.247153 0.034951 0.968314
1777955682.900642395 0.417445 0.056620 -0.009531 -0.007880 0.247145 0.034945 0.968316
1777955682.906518698 0.417450 0.056672 -0.009759 -0.007900 0.247138 0.034933 0.968318
1777955682.910830736 0.417455 0.056710 -0.009928 -0.007911 0.247136 0.034929 0.968319
1777955682.916101933 0.417462 0.056759 -0.010138 -0.007917 0.247136 0.034930 0.968319
1777955682.920901537 0.417468 0.056807 -0.010333 -0.007922 0.247146 0.034933 0.968316
1777955682.926562786 0.417475 0.056869 -0.010567 -0.007930 0.247152 0.034944 0.968314
1777955682.930783510 0.417480 0.056921 -0.010744 -0.007936 0.247154 0.034959 0.968313
1777955682.936458588 0.417488 0.057002 -0.010978 -0.007959 0.247139 0.034990 0.968315
1777955682.938669443 0.417492 0.057037 -0.011067 -0.007979 0.247146 0.035004 0.968313
1777955682.938271523 0.417143 0.056270 -0.007145 -0.007835 0.247190 0.034873 0.968308
1777955682.940636873 0.417147 0.056305 -0.007228 -0.007856 0.247198 0.034888 0.968305
1777955682.946377993 0.417158 0.056398 -0.007423 -0.007919 0.247190 0.034929 0.968305
1777955682.950573444 0.417165 0.056470 -0.007559 -0.007955 0.247182 0.034959 0.968305
1777955682.956660509 0.417168 0.056577 -0.007750 -0.008017 0.247221 0.035064 0.968291
1777955682.960890055 0.417159 0.056653 -0.007887 -0.008072 0.247272 0.035179 0.968274
1777955682.966448307 0.417132 0.056736 -0.008083 -0.008098 0.247274 0.035259 0.968270
1777955682.970641375 0.417100 0.056775 -0.008240 -0.008046 0.247185 0.035217 0.968295
1777955682.976494074 0.417035 0.056800 -0.008470 -0.007966 0.246983 0.035203 0.968347
1777955682.980776072 0.416979 0.056811 -0.008656 -0.007950 0.246769 0.035303 0.968398
1777955682.986457825 0.416931 0.056835 -0.008933 -0.007928 0.246359 0.035435 0.968498
1777955682.990906000 0.416938 0.056869 -0.009162 -0.007884 0.245989 0.035484 0.968591
1777955682.996475935 0.417028 0.056938 -0.009442 -0.007846 0.245639 0.035587 0.968676
1777955683.000578403 0.417164 0.057011 -0.009644 -0.007861 0.245507 0.035753 0.968703
1777955683.006584167 0.417489 0.057158 -0.009931 -0.007983 0.245431 0.036177 0.968706
1777955683.010862827 0.417822 0.057291 -0.010123 -0.008110 0.245499 0.036541 0.968674
1777955683.016573191 0.418396 0.057480 -0.010351 -0.008260 0.245933 0.036941 0.968547
1777955683.020864964 0.418900 0.057614 -0.010506 -0.008350 0.246482 0.037215 0.968397
1777955683.026544333 0.419605 0.057777 -0.010700 -0.008504 0.247247 0.037726 0.968180
1777955683.031006575 0.420153 0.057888 -0.010844 -0.008697 0.247877 0.038300 0.967995
1777955683.036618233 0.420785 0.057997 -0.011016 -0.008917 0.248682 0.039019 0.967758
1777955683.038854361 0.421011 0.058029 -0.011084 -0.008973 0.248979 0.039212 0.967673
1777955683.038532734 0.420450 0.057051 -0.007373 -0.008736 0.248955 0.039135 0.967685
1777955683.040784359 0.420657 0.057073 -0.007432 -0.008792 0.249254 0.039330 0.967599
1777955683.046798944 0.421079 0.057103 -0.007604 -0.008845 0.249805 0.039557 0.967448
1777955683.050661325 0.421235 0.057102 -0.007728 -0.008834 0.249969 0.039591 0.967404
1777955683.056795835 0.421274 0.057078 -0.007945 -0.008801 0.250065 0.039657 0.967376
1777955683.060842514 0.421160 0.057056 -0.008104 -0.008789 0.249991 0.039754 0.967392
1777955683.066642523 0.420822 0.057037 -0.008355 -0.008769 0.249599 0.039912 0.967487
1777955683.070907116 0.420461 0.057044 -0.008555 -0.008733 0.249194 0.039990 0.967588
1777955683.076633453 0.419867 0.057105 -0.008831 -0.008680 0.248602 0.039987 0.967741
1777955683.080722809 0.419389 0.057191 -0.009029 -0.008653 0.248181 0.039919 0.967852
1777955683.086452484 0.418687 0.057368 -0.009297 -0.008643 0.247575 0.039767 0.968014
1777955683.090981960 0.418130 0.057541 -0.009501 -0.008664 0.247114 0.039669 0.968135
1777955683.096587658 0.417465 0.057780 -0.009734 -0.008743 0.246529 0.039706 0.968282
1777955683.100634098 0.417019 0.057963 -0.009886 -0.008846 0.246140 0.039866 0.968374
1777955683.106782675 0.416445 0.058245 -0.010110 -0.008988 0.245740 0.040061 0.968466
1777955683.110870123 0.416144 0.058430 -0.010257 -0.009021 0.245581 0.040050 0.968506
1777955683.116693735 0.415816 0.058694 -0.010460 -0.009058 0.245562 0.040082 0.968510
1777955683.121401072 0.415627 0.058899 -0.010622 -0.009143 0.245682 0.040276 0.968470
1777955683.126487255 0.415491 0.059102 -0.010803 -0.009233 0.245804 0.040615 0.968424
1777955683.131327391 0.415423 0.059278 -0.010981 -0.009319 0.245868 0.040988 0.968391
1777955683.136638165 0.415411 0.059456 -0.011185 -0.009388 0.246055 0.041337 0.968329
1777955683.138506651 0.415419 0.059516 -0.011260 -0.009397 0.246149 0.041436 0.968300
1777955683.138212204 0.416144 0.058770 -0.007729 -0.009240 0.246239 0.041327 0.968284
1777955683.140737534 0.416166 0.058848 -0.007819 -0.009253 0.246366 0.041461 0.968245
1777955683.146498203 0.416232 0.059043 -0.008026 -0.009330 0.246619 0.041823 0.968165
1777955683.150706768 0.416286 0.059205 -0.008178 -0.009436 0.246820 0.042150 0.968098
1777955683.156445265 0.416356 0.059457 -0.008383 -0.009560 0.247040 0.042542 0.968024
1777955683.160839319 0.416397 0.059674 -0.008534 -0.009649 0.247159 0.042830 0.967980
1777955683.166495085 0.416415 0.059978 -0.008718 -0.009771 0.247293 0.043240 0.967926
1777955683.170642614 0.416397 0.060209 -0.008851 -0.009865 0.247420 0.043564 0.967878
1777955683.176537752 0.416317 0.060530 -0.009044 -0.009963 0.247552 0.044006 0.967823
1777955683.180695295 0.416219 0.060744 -0.009182 -0.010024 0.247605 0.044321 0.967795
1777955683.186557770 0.416014 0.061022 -0.009375 -0.010092 0.247620 0.044818 0.967768
1777955683.190872908 0.415811 0.061206 -0.009518 -0.010142 0.247535 0.045232 0.967770
1777955683.196371555 0.415491 0.061421 -0.009705 -0.010199 0.247341 0.045816 0.967791
1777955683.200593233 0.415203 0.061584 -0.009854 -0.010251 0.247146 0.046287 0.967818
1777955683.206691504 0.414739 0.061841 -0.010083 -0.010329 0.246798 0.046934 0.967875
1777955683.210858822 0.414403 0.062036 -0.010249 -0.010357 0.246514 0.047243 0.967932
1777955683.216531992 0.413944 0.062332 -0.010488 -0.010342 0.246072 0.047507 0.968031
1777955683.221032381 0.413588 0.062593 -0.010688 -0.010365 0.245713 0.047731 0.968111
1777955683.226687908 0.413173 0.062948 -0.010947 -0.010441 0.245226 0.048130 0.968214
1777955683.230932713 0.412906 0.063230 -0.011141 -0.010525 0.244864 0.048497 0.968287
1777955683.236742973 0.412637 0.063628 -0.011399 -0.010653 0.244479 0.049019 0.968356
1777955683.238725185 0.412576 0.063766 -0.011484 -0.010695 0.244390 0.049183 0.968370
1777955683.238586903 0.412176 0.062640 -0.007736 -0.010497 0.244391 0.049118 0.968375
1777955683.240904093 0.412124 0.062796 -0.007819 -0.010546 0.244287 0.049309 0.968391
1777955683.246573925 0.412099 0.063181 -0.008008 -0.010689 0.244197 0.049763 0.968389
1777955683.250911474 0.412183 0.063475 -0.008142 -0.010829 0.244239 0.050137 0.968357
1777955683.256432772 0.412413 0.063838 -0.008307 -0.011030 0.244425 0.050640 0.968282
1777955683.260858774 0.412689 0.064111 -0.008442 -0.011196 0.244679 0.051076 0.968193
1777955683.266681433 0.413149 0.064432 -0.008634 -0.011406 0.245068 0.051690 0.968060
1777955683.270914078 0.413535 0.064636 -0.008787 -0.011551 0.245338 0.052186 0.967963
1777955683.276617527 0.414096 0.064879 -0.009007 -0.011725 0.245711 0.052912 0.967827
1777955683.280730247 0.414515 0.065037 -0.009174 -0.011847 0.245984 0.053441 0.967727
1777955683.286660671 0.415121 0.065254 -0.009414 -0.012003 0.246324 0.054144 0.967599
1777955683.291128635 0.415567 0.065414 -0.009590 -0.012117 0.246548 0.054631 0.967514
1777955683.296541214 0.416077 0.065607 -0.009795 -0.012263 0.246822 0.055194 0.967410
1777955683.300638437 0.416432 0.065756 -0.009947 -0.012384 0.247026 0.055653 0.967330
1777955683.306343317 0.416859 0.065977 -0.010160 -0.012603 0.247293 0.056390 0.967216
1777955683.310905695 0.417136 0.066167 -0.010333 -0.012800 0.247424 0.057004 0.967144
1777955683.316530943 0.417390 0.066415 -0.010546 -0.013011 0.247472 0.057658 0.967090
1777955683.320858479 0.417514 0.066615 -0.010709 -0.013138 0.247491 0.058088 0.967058
1777955683.326480150 0.417574 0.066890 -0.010927 -0.013303 0.247506 0.058645 0.967018
1777955683.330617905 0.417549 0.067109 -0.011098 -0.013442 0.247397 0.059101 0.967017
1777955683.336468458 0.417429 0.067445 -0.011360 -0.013629 0.247070 0.059745 0.967058
1777955683.338591814 0.417365 0.067574 -0.011459 -0.013686 0.246938 0.059945 0.967079
1777955683.339535713 0.416974 0.067756 -0.007253 -0.013636 0.246895 0.059877 0.967094
1777955683.340617657 0.416936 0.067825 -0.007298 -0.013665 0.246827 0.059979 0.967105
1777955683.346527576 0.416701 0.068221 -0.007550 -0.013809 0.246470 0.060483 0.967163
1777955683.350721121 0.416516 0.068528 -0.007735 -0.013929 0.246189 0.060843 0.967210
1777955683.356570959 0.416265 0.068999 -0.007997 -0.014122 0.245746 0.061351 0.967288
1777955683.360679865 0.416107 0.069355 -0.008177 -0.014246 0.245483 0.061676 0.967332
1777955683.366686344 0.415926 0.069904 -0.008424 -0.014423 0.245229 0.062156 0.967363
1777955683.370858192 0.415842 0.070297 -0.008585 -0.014562 0.245108 0.062566 0.967365
1777955683.376576424 0.415791 0.070841 -0.008795 -0.014765 0.244988 0.063266 0.967347
1777955683.380667210 0.415805 0.071230 -0.008936 -0.014917 0.244986 0.063813 0.967309
1777955683.386527777 0.415903 0.071775 -0.009129 -0.015121 0.245169 0.064593 0.967208
1777955683.390914202 0.416030 0.072172 -0.009272 -0.015285 0.245384 0.065180 0.967111
1777955683.396542549 0.416241 0.072660 -0.009457 -0.015500 0.245649 0.065972 0.966987
1777955683.400737762 0.416420 0.073003 -0.009599 -0.015653 0.245861 0.066580 0.966889
1777955683.406587601 0.416674 0.073451 -0.009805 -0.015848 0.246162 0.067472 0.966748
1777955683.410947561 0.416852 0.073766 -0.009966 -0.015983 0.246327 0.068172 0.966654
1777955683.416558266 0.417053 0.074156 -0.010187 -0.016146 0.246472 0.069094 0.966549
1777955683.421185493 0.417186 0.074471 -0.010379 -0.016291 0.246537 0.069853 0.966475
1777955683.426614523 0.417301 0.074843 -0.010614 -0.016457 0.246572 0.070688 0.966403
1777955683.431026220 0.417363 0.075145 -0.010811 -0.016556 0.246566 0.071286 0.966359
1777955683.436398268 0.417402 0.075514 -0.011054 -0.016678 0.246509 0.071964 0.966321
1777955683.438643217 0.417407 0.075668 -0.011155 -0.016730 0.246471 0.072241 0.966309
1777955683.438767910 0.418855 0.074196 -0.007517 -0.016447 0.246645 0.072192 0.966273
1777955683.440733910 0.418862 0.074322 -0.007594 -0.016492 0.246611 0.072435 0.966263
1777955683.446595192 0.418858 0.074697 -0.007815 -0.016650 0.246541 0.073203 0.966220
1777955683.450725079 0.418838 0.074968 -0.007965 -0.016807 0.246468 0.073786 0.966192
1777955683.456574678 0.418793 0.075373 -0.008174 -0.017079 0.246379 0.074615 0.966146
1777955683.460812569 0.418755 0.075680 -0.008325 -0.017282 0.246332 0.075169 0.966111
1777955683.466362715 0.418703 0.076087 -0.008528 -0.017525 0.246287 0.075809 0.966069
1777955683.470860243 0.418657 0.076419 -0.008698 -0.017721 0.246217 0.076324 0.966042
1777955683.476544142 0.418592 0.076842 -0.008924 -0.018006 0.246088 0.077070 0.966011
1777955683.480924606 0.418543 0.077168 -0.009104 -0.018208 0.246008 0.077620 0.965983
1777955683.486588955 0.418492 0.077576 -0.009343 -0.018422 0.245984 0.078255 0.965934
1777955683.491019487 0.418461 0.077886 -0.009535 -0.018595 0.245978 0.078760 0.965891
1777955683.496535063 0.418437 0.078258 -0.009779 -0.018841 0.245901 0.079455 0.965849
1777955683.500846386 0.418435 0.078532 -0.009967 -0.019024 0.245852 0.080008 0.965812
1777955683.506596565 0.418461 0.078861 -0.010210 -0.019212 0.245883 0.080709 0.965742
1777955683.510652065 0.418497 0.079064 -0.010378 -0.019318 0.245951 0.081192 0.965682
1777955683.516561031 0.418567 0.079324 -0.010625 -0.019443 0.246020 0.081949 0.965599
1777955683.520881653 0.418627 0.079500 -0.010809 -0.019552 0.246088 0.082569 0.965526
1777955683.526606560 0.418702 0.079753 -0.011056 -0.019728 0.246200 0.083495 0.965414
1777955683.530943871 0.418751 0.079983 -0.011245 -0.019885 0.246246 0.084231 0.965336
1777955683.536440134 0.418802 0.080347 -0.011486 -0.020086 0.246244 0.085091 0.965256
1777955683.538677454 0.418817 0.080521 -0.011583 -0.020170 0.246248 0.085390 0.965227
1777955683.538622618 0.418976 0.080336 -0.007672 -0.020033 0.246278 0.085228 0.965237
1777955683.540914536 0.418990 0.080527 -0.007758 -0.020119 0.246282 0.085534 0.965207
1777955683.546477079 0.419008 0.081048 -0.007964 -0.020357 0.246370 0.086230 0.965118
1777955683.550593138 0.419006 0.081474 -0.008116 -0.020563 0.246438 0.086760 0.965048
1777955683.556549072 0.418974 0.082115 -0.008336 -0.020920 0.246473 0.087644 0.964952
1777955683.560934544 0.418926 0.082588 -0.008501 -0.021233 0.246464 0.088440 0.964875
1777955683.566604137 0.418837 0.083178 -0.008718 -0.021660 0.246397 0.089593 0.964776
1777955683.570922375 0.418755 0.083602 -0.008887 -0.021957 0.246304 0.090458 0.964712
1777955683.576411247 0.418639 0.084103 -0.009104 -0.022265 0.246186 0.091448 0.964642
1777955683.580652237 0.418541 0.084465 -0.009272 -0.022475 0.246146 0.092164 0.964579
1777955683.586469889 0.418401 0.084932 -0.009503 -0.022747 0.246086 0.093122 0.964496
1777955683.590837955 0.418298 0.085258 -0.009676 -0.022937 0.246015 0.093823 0.964442
1777955683.596508026 0.418174 0.085645 -0.009902 -0.023192 0.245910 0.094791 0.964368
1777955683.600634575 0.418094 0.085903 -0.010068 -0.023401 0.245827 0.095572 0.964307
1777955683.606414795 0.418006 0.086227 -0.010299 -0.023686 0.245720 0.096697 0.964215
1777955683.611027241 0.417961 0.086457 -0.010483 -0.023861 0.245644 0.097509 0.964148
1777955683.616306782 0.417938 0.086704 -0.010694 -0.024025 0.245589 0.098360 0.964072
1777955683.620865583 0.417940 0.086917 -0.010881 -0.024185 0.245536 0.099083 0.964007
1777955683.626423120 0.417979 0.087183 -0.011115 -0.024344 0.245427 0.099915 0.963945
1777955683.630698204 0.418039 0.087397 -0.011301 -0.024458 0.245359 0.100550 0.963893
1777955683.636459589 0.418152 0.087719 -0.011556 -0.024679 0.245341 0.101543 0.963788
1777955683.638993740 0.418214 0.087878 -0.011669 -0.024804 0.245351 0.102025 0.963731
1777955683.639603853 0.419000 0.088005 -0.008728 -0.024686 0.245490 0.102045 0.963697
1777955683.640913963 0.419039 0.088093 -0.008782 -0.024751 0.245495 0.102294 0.963668
1777955683.646572590 0.419241 0.088508 -0.009016 -0.025000 0.245567 0.103214 0.963545
1777955683.650733948 0.419420 0.088851 -0.009187 -0.025150 0.245672 0.103744 0.963457
1777955683.656608105 0.419690 0.089402 -0.009425 -0.025453 0.245910 0.104542 0.963302
1777955683.660900831 0.419890 0.089850 -0.009597 -0.025742 0.246058 0.105220 0.963183
1777955683.666763306 0.420164 0.090495 -0.009829 -0.026134 0.246231 0.106157 0.963025
1777955683.670970201 0.420350 0.090973 -0.009994 -0.026425 0.246412 0.106859 0.962894
1777955683.676446438 0.420565 0.091606 -0.010209 -0.026816 0.246638 0.107838 0.962716
1777955683.680600882 0.420705 0.092085 -0.010377 -0.027076 0.246734 0.108535 0.962606
1777955683.686471939 0.420866 0.092745 -0.010624 -0.027381 0.246870 0.109380 0.962466
1777955683.690888882 0.420952 0.093223 -0.010816 -0.027586 0.246996 0.109952 0.962363
1777955683.696589231 0.421016 0.093798 -0.011061 -0.027829 0.247074 0.110693 0.962251
1777955683.700614929 0.421028 0.094169 -0.011231 -0.027989 0.247074 0.111249 0.962182
1777955683.706645250 0.420995 0.094667 -0.011481 -0.028256 0.247015 0.112205 0.962079
1777955683.710896492 0.420936 0.094982 -0.011655 -0.028436 0.246939 0.112918 0.962009
1777955683.716475010 0.420828 0.095356 -0.011887 -0.028617 0.246801 0.113748 0.961942
1777955683.721066952 0.420722 0.095636 -0.012084 -0.028708 0.246631 0.114314 0.961916
1777955683.726553917 0.420578 0.095950 -0.012323 -0.028817 0.246392 0.115008 0.961891
1777955683.730619431 0.420467 0.096170 -0.012504 -0.028917 0.246236 0.115571 0.961860
1777955683.736386538 0.420322 0.096468 -0.012764 -0.029056 0.245998 0.116375 0.961820
1777955683.738590956 0.420272 0.096580 -0.012863 -0.029104 0.245915 0.116681 0.961803
1777955683.738661289 0.419529 0.094778 -0.009010 -0.028846 0.245901 0.116536 0.961831
1777955683.740859032 0.419480 0.094881 -0.009096 -0.028894 0.245819 0.116842 0.961814
1777955683.746647596 0.419377 0.095164 -0.009322 -0.029041 0.245677 0.117648 0.961748
1777955683.750914812 0.419326 0.095386 -0.009489 -0.029149 0.245621 0.118211 0.961690
1777955683.756627321 0.419296 0.095706 -0.009712 -0.029294 0.245585 0.118921 0.961607
1777955683.760888100 0.419298 0.095964 -0.009877 -0.029442 0.245595 0.119485 0.961530
1777955683.766690016 0.419330 0.096343 -0.010103 -0.029705 0.245656 0.120334 0.961400
1777955683.770959616 0.419377 0.096639 -0.010274 -0.029903 0.245690 0.120953 0.961308
1777955683.776569605 0.419462 0.097046 -0.010503 -0.030152 0.245732 0.121740 0.961190
1777955683.780614138 0.419534 0.097353 -0.010672 -0.030336 0.245807 0.122335 0.961090
1777955683.786608219 0.419645 0.097832 -0.010927 -0.030645 0.245973 0.123257 0.960919
1777955683.790976763 0.419730 0.098195 -0.011117 -0.030856 0.246095 0.123918 0.960796
1777955683.796545267 0.419838 0.098667 -0.011362 -0.031104 0.246265 0.124706 0.960643
1777955683.800511599 0.419910 0.099009 -0.011536 -0.031295 0.246399 0.125276 0.960528
1777955683.806544781 0.419994 0.099534 -0.011799 -0.031634 0.246565 0.126201 0.960353
1777955683.810757160 0.420031 0.099903 -0.011981 -0.031875 0.246623 0.126844 0.960246
1777955683.816536427 0.420046 0.100400 -0.012232 -0.032155 0.246706 0.127626 0.960111
1777955683.820848227 0.420027 0.100759 -0.012424 -0.032365 0.246768 0.128210 0.960011
1777955683.826421738 0.419960 0.101205 -0.012676 -0.032633 0.246682 0.129050 0.959911
1777955683.830431700 0.419882 0.101510 -0.012859 -0.032825 0.246621 0.129655 0.959839
1777955683.836325884 0.419726 0.101930 -0.013132 -0.033120 0.246507 0.130599 0.959730
1777955683.838590384 0.419655 0.102080 -0.013238 -0.033210 0.246450 0.130940 0.959695
1777955683.838490248 0.418933 0.102403 -0.009189 -0.033165 0.246478 0.130730 0.959718
1777955683.840912104 0.418849 0.102560 -0.009290 -0.033261 0.246417 0.131094 0.959681
1777955683.846542358 0.418640 0.102897 -0.009526 -0.033436 0.246243 0.131873 0.959612
1777955683.850857496 0.418468 0.103131 -0.009708 -0.033542 0.246089 0.132443 0.959570
1777955683.856646538 0.418238 0.103422 -0.009950 -0.033712 0.245897 0.133277 0.959498
1777955683.860616922 0.418089 0.103609 -0.010116 -0.033828 0.245765 0.133848 0.959448
1777955683.866603851 0.417886 0.103887 -0.010363 -0.034017 0.245545 0.134721 0.959375
1777955683.870948076 0.417761 0.104092 -0.010540 -0.034154 0.245385 0.135355 0.959322
1777955683.876516581 0.417635 0.104368 -0.010770 -0.034346 0.245280 0.136146 0.959230
1777955683.880966902 0.417566 0.104604 -0.010960 -0.034499 0.245195 0.136777 0.959156
1777955683.886675119 0.417520 0.104929 -0.011211 -0.034644 0.245171 0.137439 0.959063
1777955683.891005754 0.417518 0.105192 -0.011404 -0.034754 0.245153 0.137940 0.958991
1777955683.896455765 0.417557 0.105542 -0.011649 -0.034964 0.245186 0.138707 0.958865
1777955683.900608063 0.417617 0.105826 -0.011838 -0.035124 0.245210 0.139291 0.958768
1777955683.906554222 0.417742 0.106258 -0.012104 -0.035401 0.245343 0.140112 0.958604
1777955683.910808802 0.417856 0.106588 -0.012290 -0.035598 0.245438 0.140699 0.958487
1777955683.916604519 0.418032 0.107063 -0.012543 -0.035899 0.245612 0.141488 0.958315
1777955683.920846224 0.418172 0.107427 -0.012732 -0.036119 0.245739 0.142066 0.958189
1777955683.926426411 0.418350 0.107920 -0.012984 -0.036369 0.245940 0.142758 0.958024
1777955683.930425644 0.418465 0.108278 -0.013165 -0.036548 0.246085 0.143254 0.957906
1777955683.936640263 0.418612 0.108843 -0.013454 -0.036857 0.246191 0.144163 0.957731
1777955683.939053297 0.418657 0.109065 -0.013570 -0.036977 0.246232 0.144516 0.957663
1777955683.939661026 0.419382 0.109001 -0.009897 -0.036896 0.246413 0.144463 0.957627
1777955683.941016674 0.419406 0.109126 -0.009956 -0.036964 0.246436 0.144661 0.957589
1777955683.946410179 0.419473 0.109630 -0.010194 -0.037179 0.246469 0.145368 0.957465
1777955683.950708628 0.419492 0.110037 -0.010383 -0.037350 0.246494 0.145931 0.957366
1777955683.956463337 0.419482 0.110578 -0.010634 -0.037587 0.246413 0.146702 0.957260
1777955683.960702896 0.419453 0.110968 -0.010815 -0.037761 0.246353 0.147270 0.957181
1777955683.966655731 0.419384 0.111495 -0.011065 -0.037984 0.246300 0.148057 0.957065
1777955683.970890045 0.419315 0.111855 -0.011239 -0.038143 0.246263 0.148616 0.956981
1777955683.976704597 0.419204 0.112325 -0.011480 -0.038368 0.246107 0.149508 0.956874
1777955683.980995893 0.419117 0.112655 -0.011660 -0.038534 0.245991 0.150166 0.956794
1777955683.986631393 0.418998 0.113072 -0.011902 -0.038671 0.245896 0.150914 0.956695
1777955683.990828514 0.418906 0.113375 -0.012089 -0.038774 0.245825 0.151471 0.956621
1777955683.996458054 0.418794 0.113768 -0.012345 -0.038868 0.245649 0.152171 0.956551
1777955684.000733852 0.418725 0.114055 -0.012542 -0.038939 0.245515 0.152702 0.956498
1777955684.006685019 0.418654 0.114457 -0.012813 -0.039128 0.245407 0.153638 0.956368
1777955684.010869265 0.418622 0.114747 -0.012999 -0.039260 0.245331 0.154297 0.956276
1777955684.016606569 0.418613 0.115162 -0.013248 -0.039483 0.245250 0.155226 0.956137
1777955684.020878553 0.418637 0.115486 -0.013427 -0.039649 0.245189 0.155918 0.956033
1777955684.026622534 0.418701 0.115943 -0.013667 -0.039920 0.245340 0.156788 0.955841
1777955684.030895710 0.418766 0.116301 -0.013849 -0.040122 0.245452 0.157435 0.955698
1777955684.036598206 0.418862 0.116792 -0.014097 -0.040398 0.245559 0.158341 0.955509
1777955684.038677454 0.418897 0.116973 -0.014190 -0.040499 0.245597 0.158671 0.955440
1777955684.038624763 0.418173 0.115804 -0.010209 -0.040236 0.245633 0.158551 0.955462
1777955684.040992737 0.418210 0.116004 -0.010302 -0.040351 0.245677 0.158927 0.955383
1777955684.046736717 0.418294 0.116492 -0.010536 -0.040673 0.245770 0.159970 0.955172
1777955684.050627232 0.418345 0.116823 -0.010701 -0.040891 0.245833 0.160675 0.955028
1777955684.056571007 0.418402 0.117334 -0.010958 -0.041170 0.245882 0.161632 0.954842
1777955684.060841084 0.418423 0.117705 -0.011145 -0.041370 0.245917 0.162318 0.954707
1777955684.066595793 0.418435 0.118204 -0.011394 -0.041663 0.245888 0.163253 0.954543
1777955684.070964336 0.418434 0.118578 -0.011578 -0.041886 0.245866 0.163962 0.954417
1777955684.076535463 0.418413 0.119054 -0.011811 -0.042215 0.245871 0.164953 0.954231
1777955684.080630064 0.418377 0.119406 -0.011980 -0.042457 0.245874 0.165681 0.954093
1777955684.086719513 0.418298 0.119925 -0.012234 -0.042765 0.245820 0.166740 0.953908
1777955684.091903448 0.418208 0.120365 -0.012454 -0.043006 0.245773 0.167603 0.953759
1777955684.096339464 0.418113 0.120744 -0.012647 -0.043214 0.245734 0.168356 0.953627
1777955684.100675344 0.418006 0.121113 -0.012839 -0.043416 0.245696 0.169091 0.953497
1777955684.106641531 0.417844 0.121618 -0.013104 -0.043663 0.245543 0.170075 0.953350
1777955684.110838652 0.417724 0.121971 -0.013289 -0.043860 0.245440 0.170813 0.953236
1777955684.116433144 0.417568 0.122440 -0.013534 -0.044119 0.245308 0.171802 0.953080
1777955684.120634317 0.417456 0.122792 -0.013719 -0.044296 0.245195 0.172516 0.952972
1777955684.126480341 0.417314 0.123292 -0.013978 -0.044563 0.245052 0.173520 0.952814
1777955684.130621433 0.417225 0.123651 -0.014160 -0.044742 0.244978 0.174212 0.952698
1777955684.136551142 0.417125 0.124161 -0.014418 -0.044985 0.244921 0.175183 0.952523
1777955684.138705492 0.417096 0.124346 -0.014512 -0.045076 0.244913 0.175561 0.952452
1777955684.138476133 0.417321 0.124002 -0.010331 -0.044938 0.245021 0.175327 0.952474
1777955684.140779257 0.417295 0.124198 -0.010419 -0.045035 0.245012 0.175731 0.952397
1777955684.146384001 0.417249 0.124678 -0.010638 -0.045294 0.245000 0.176779 0.952194
1777955684.150926828 0.417231 0.125072 -0.010818 -0.045497 0.245000 0.177601 0.952031
1777955684.156376123 0.417228 0.125552 -0.011035 -0.045739 0.245047 0.178529 0.951834
1777955684.160705328 0.417237 0.125941 -0.011207 -0.045938 0.245089 0.179249 0.951678
1777955684.166566372 0.417262 0.126469 -0.011437 -0.046206 0.245128 0.180177 0.951480
1777955684.170974970 0.417286 0.126863 -0.011609 -0.046428 0.245160 0.180880 0.951327
1777955684.176518917 0.417317 0.127356 -0.011828 -0.046728 0.245178 0.181803 0.951132
1777955684.180614710 0.417341 0.127716 -0.011993 -0.046939 0.245159 0.182477 0.950997
1777955684.186635256 0.417377 0.128235 -0.012242 -0.047205 0.245121 0.183389 0.950818
1777955684.191109896 0.417401 0.128612 -0.012433 -0.047386 0.245110 0.184055 0.950684
1777955684.196309566 0.417428 0.129042 -0.012660 -0.047591 0.245095 0.184812 0.950530
1777955684.200842142 0.417456 0.129408 -0.012858 -0.047751 0.245071 0.185425 0.950409
1777955684.206547022 0.417497 0.129854 -0.013104 -0.047962 0.245057 0.186191 0.950252
1777955684.210717678 0.417531 0.130172 -0.013280 -0.048134 0.245043 0.186778 0.950132
1777955684.216545105 0.417582 0.130608 -0.013521 -0.048376 0.245008 0.187609 0.949965
1777955684.220842123 0.417625 0.130923 -0.013697 -0.048533 0.244991 0.188162 0.949852
1777955684.226404190 0.417681 0.131327 -0.013924 -0.048719 0.244998 0.188821 0.949710
1777955684.230647087 0.417721 0.131637 -0.014099 -0.048874 0.245003 0.189333 0.949599
1777955684.236546278 0.417772 0.132070 -0.014349 -0.049091 0.244973 0.190056 0.949451
1777955684.238679171 0.417789 0.132227 -0.014443 -0.049159 0.244964 0.190290 0.949403
1777955684.238442898 0.417368 0.131381 -0.010906 -0.048917 0.245063 0.190126 0.949423
1777955684.240867138 0.417386 0.131555 -0.011003 -0.048995 0.245053 0.190392 0.949368
1777955684.246553659 0.417422 0.131969 -0.011242 -0.049158 0.245041 0.190978 0.949245
1777955684.250905275 0.417443 0.132296 -0.011431 -0.049261 0.244989 0.191423 0.949164
1777955684.256598711 0.417472 0.132731 -0.011675 -0.049369 0.244916 0.191992 0.949062
1777955684.260878563 0.417497 0.133060 -0.011849 -0.049448 0.244911 0.192466 0.948963
1777955684.266604185 0.417523 0.133503 -0.012061 -0.049644 0.244998 0.193269 0.948767
1777955684.270883560 0.417532 0.133845 -0.012210 -0.049876 0.245093 0.193981 0.948585
1777955684.276463270 0.417541 0.134300 -0.012401 -0.050156 0.245197 0.194728 0.948390
1777955684.280751228 0.417548 0.134640 -0.012547 -0.050302 0.245344 0.194988 0.948291
1777955684.286681175 0.417536 0.135059 -0.012753 -0.050404 0.245588 0.195031 0.948213
1777955684.290832996 0.417504 0.135294 -0.012909 -0.050423 0.245707 0.194994 0.948189
1777955684.296619177 0.417416 0.135518 -0.013155 -0.050375 0.245696 0.195012 0.948191
1777955684.300816536 0.417318 0.135614 -0.013355 -0.050306 0.245562 0.195147 0.948202
1777955684.306291342 0.417142 0.135701 -0.013630 -0.050245 0.245229 0.195493 0.948220
1777955684.310807943 0.416966 0.135777 -0.013855 -0.050212 0.244843 0.195794 0.948259
1777955684.316530228 0.416734 0.135914 -0.014122 -0.050152 0.244365 0.195915 0.948361
1777955684.320846558 0.416570 0.136059 -0.014303 -0.050099 0.244122 0.195824 0.948445
1777955684.326426506 0.416380 0.136314 -0.014511 -0.050137 0.243958 0.195708 0.948509
1777955684.330921412 0.416249 0.136575 -0.014663 -0.050285 0.243895 0.195834 0.948491
1777955684.336454153 0.416119 0.136965 -0.014842 -0.050570 0.243856 0.196271 0.948396
1777955684.338634968 0.416077 0.137138 -0.014911 -0.050720 0.243881 0.196510 0.948332
