1777101506.763078690 -0.037021 -0.103135 -0.009067 0.023965 -0.048462 0.581222 0.811947
1777101506.766016960 -0.037268 -0.103042 -0.009184 0.024001 -0.048437 0.581620 0.811663
1777101506.770219326 -0.037637 -0.102918 -0.009352 0.024069 -0.048426 0.582222 0.811230
1777101506.775815964 -0.038150 -0.102764 -0.009575 0.024153 -0.048438 0.583043 0.810636
1777101506.780036211 -0.038549 -0.102650 -0.009739 0.024199 -0.048448 0.583660 0.810190
1777101506.785978079 -0.039122 -0.102489 -0.009967 0.024287 -0.048450 0.584566 0.809534
1777101506.790219784 -0.039536 -0.102374 -0.010132 0.024336 -0.048450 0.585187 0.809084
1777101506.795846701 -0.040090 -0.102220 -0.010357 0.024389 -0.048448 0.586011 0.808486
1777101506.800044060 -0.040506 -0.102109 -0.010527 0.024456 -0.048440 0.586632 0.808034
1777101506.805828810 -0.041092 -0.101961 -0.010767 0.024541 -0.048427 0.587489 0.807409
1777101506.810006142 -0.041526 -0.101856 -0.010942 0.024584 -0.048422 0.588118 0.806950
1777101506.815895319 -0.042153 -0.101716 -0.011185 0.024664 -0.048401 0.589033 0.806281
1777101506.820423603 -0.042648 -0.101614 -0.011370 0.024732 -0.048386 0.589749 0.805756
1777101506.825790882 -0.043243 -0.101496 -0.011589 0.024801 -0.048386 0.590583 0.805143
1777101506.830147982 -0.043724 -0.101402 -0.011765 0.024873 -0.048370 0.591275 0.804633
1777101506.835712671 -0.044343 -0.101284 -0.011991 0.024951 -0.048359 0.592135 0.804000
1777101506.839963913 -0.044821 -0.101194 -0.012165 0.024994 -0.048357 0.592781 0.803522
1777101506.845976591 -0.045512 -0.101072 -0.012412 0.025084 -0.048341 0.593711 0.802833
1777101506.850493670 -0.046049 -0.100982 -0.012604 0.025142 -0.048356 0.594413 0.802311
1777101506.855885029 -0.046714 -0.100874 -0.012840 0.025213 -0.048392 0.595243 0.801691
1777101506.860235453 -0.047264 -0.100778 -0.013034 0.025266 -0.048412 0.595918 0.801186
1777101506.862259388 -0.047522 -0.100730 -0.013126 0.025279 -0.048419 0.596228 0.800955
1777101506.862981796 -0.047420 -0.102704 -0.009323 0.025177 -0.048348 0.596247 0.800948
1777101506.865903378 -0.047793 -0.102637 -0.009441 0.025196 -0.048358 0.596693 0.800614
1777101506.870013952 -0.048318 -0.102539 -0.009608 0.025214 -0.048387 0.597317 0.800147
1777101506.875980139 -0.049079 -0.102391 -0.009849 0.025280 -0.048419 0.598228 0.799462
1777101506.880182981 -0.049615 -0.102277 -0.010018 0.025301 -0.048461 0.598869 0.798979
1777101506.885736942 -0.050325 -0.102109 -0.010239 0.025324 -0.048494 0.599717 0.798340
1777101506.889993429 -0.050871 -0.101969 -0.010408 0.025316 -0.048515 0.600379 0.797841
1777101506.895923138 -0.051638 -0.101765 -0.010649 0.025323 -0.048547 0.601311 0.797137
1777101506.900193691 -0.052188 -0.101611 -0.010823 0.025336 -0.048561 0.601991 0.796622
1777101506.905823231 -0.052907 -0.101396 -0.011059 0.025339 -0.048578 0.602898 0.795934
1777101506.910206556 -0.053461 -0.101218 -0.011246 0.025332 -0.048593 0.603595 0.795406
1777101506.915817499 -0.054162 -0.100977 -0.011493 0.025351 -0.048583 0.604507 0.794713
1777101506.919792891 -0.054654 -0.100796 -0.011674 0.025354 -0.048578 0.605142 0.794229
1777101506.925853968 -0.055400 -0.100508 -0.011958 0.025345 -0.048579 0.606109 0.793492
1777101506.930085182 -0.055917 -0.100300 -0.012161 0.025360 -0.048561 0.606798 0.792966
1777101506.935968637 -0.056633 -0.100007 -0.012447 0.025371 -0.048554 0.607758 0.792230
1777101506.940037727 -0.057126 -0.099800 -0.012645 0.025379 -0.048550 0.608419 0.791723
1777101506.945812941 -0.057819 -0.099511 -0.012921 0.025389 -0.048543 0.609367 0.790993
1777101506.950379610 -0.058367 -0.099290 -0.013134 0.025421 -0.048554 0.610126 0.790406
1777101506.956017256 -0.059044 -0.099025 -0.013392 0.025466 -0.048584 0.611062 0.789680
1777101506.960088968 -0.059533 -0.098835 -0.013579 0.025493 -0.048606 0.611731 0.789159
1777101506.962324142 -0.059801 -0.098733 -0.013683 0.025518 -0.048616 0.612103 0.788870
1777101506.963055611 -0.060552 -0.102973 -0.009662 0.025561 -0.048702 0.612295 0.788714
1777101506.965863705 -0.060892 -0.102868 -0.009779 0.025592 -0.048714 0.612762 0.788349
1777101506.970334530 -0.061431 -0.102699 -0.009970 0.025643 -0.048746 0.613507 0.787766
1777101506.975941896 -0.062096 -0.102472 -0.010221 0.025697 -0.048787 0.614425 0.787046
1777101506.979984045 -0.062563 -0.102290 -0.010405 0.025725 -0.048798 0.615066 0.786543
1777101506.985831022 -0.063223 -0.101991 -0.010674 0.025722 -0.048788 0.615959 0.785845
1777101506.992331982 -0.063938 -0.101626 -0.010972 0.025669 -0.048775 0.616895 0.785113
1777101506.995962381 -0.064330 -0.101418 -0.011136 0.025666 -0.048743 0.617425 0.784698
1777101506.999993563 -0.064766 -0.101192 -0.011318 0.025664 -0.048723 0.618011 0.784238
1777101507.005853415 -0.065402 -0.100881 -0.011585 0.025666 -0.048723 0.618856 0.783572
1777101507.010368109 -0.065892 -0.100657 -0.011793 0.025685 -0.048711 0.619529 0.783040
1777101507.015925407 -0.066497 -0.100395 -0.012052 0.025707 -0.048721 0.620350 0.782388
1777101507.019826889 -0.066920 -0.100220 -0.012236 0.025740 -0.048729 0.620924 0.781931
1777101507.025454998 -0.067528 -0.099975 -0.012505 0.025786 -0.048746 0.621760 0.781264
1777101507.030328512 -0.068048 -0.099767 -0.012737 0.025832 -0.048767 0.622472 0.780694
1777101507.036050558 -0.068650 -0.099526 -0.013002 0.025930 -0.048759 0.623310 0.780022
1777101507.040226460 -0.069086 -0.099349 -0.013197 0.025979 -0.048760 0.623926 0.779528
1777101507.046052694 -0.069684 -0.099097 -0.013468 0.026031 -0.048755 0.624765 0.778855
1777101507.050225973 -0.070104 -0.098918 -0.013660 0.026107 -0.048720 0.625375 0.778365
1777101507.055815220 -0.070666 -0.098676 -0.013925 0.026171 -0.048707 0.626218 0.777685
1777101507.060036421 -0.071084 -0.098486 -0.014130 0.026217 -0.048670 0.626820 0.777201
1777101507.062490702 -0.071325 -0.098377 -0.014248 0.026250 -0.048632 0.627195 0.776900
1777101507.063034296 -0.070996 -0.099479 -0.009805 0.026147 -0.048359 0.627155 0.776952
1777101507.066001415 -0.071286 -0.099351 -0.009932 0.026187 -0.048312 0.627608 0.776588
1777101507.070186853 -0.071702 -0.099175 -0.010113 0.026225 -0.048305 0.628238 0.776077
1777101507.075963736 -0.072274 -0.098944 -0.010360 0.026331 -0.048255 0.629113 0.775368
1777101507.080251932 -0.072700 -0.098778 -0.010544 0.026405 -0.048226 0.629798 0.774811
1777101507.085859776 -0.073265 -0.098561 -0.010785 0.026460 -0.048228 0.630649 0.774116
1777101507.090120077 -0.073695 -0.098400 -0.010965 0.026531 -0.048196 0.631304 0.773581
1777101507.095965624 -0.074296 -0.098189 -0.011220 0.026607 -0.048195 0.632229 0.772823
1777101507.100313425 -0.074749 -0.098035 -0.011412 0.026665 -0.048221 0.632906 0.772265
1777101507.105983973 -0.075340 -0.097827 -0.011666 0.026765 -0.048198 0.633792 0.771537
1777101507.110033512 -0.075765 -0.097673 -0.011855 0.026782 -0.048200 0.634421 0.771018
1777101507.115990162 -0.076386 -0.097441 -0.012132 0.026828 -0.048200 0.635309 0.770286
1777101507.120679140 -0.076871 -0.097263 -0.012349 0.026880 -0.048189 0.636028 0.769690
1777101507.125675917 -0.077391 -0.097075 -0.012587 0.026897 -0.048220 0.636784 0.769063
1777101507.130053759 -0.077842 -0.096909 -0.012796 0.026947 -0.048221 0.637416 0.768537
1777101507.135881186 -0.078439 -0.096682 -0.013077 0.026999 -0.048215 0.638279 0.767819
1777101507.140028000 -0.078862 -0.096515 -0.013283 0.026998 -0.048231 0.638866 0.767330
1777101507.145880938 -0.079449 -0.096280 -0.013571 0.027076 -0.048207 0.639689 0.766642
1777101507.150537491 -0.079913 -0.096092 -0.013800 0.027110 -0.048212 0.640352 0.766087
1777101507.155695915 -0.080420 -0.095877 -0.014055 0.027112 -0.048215 0.641051 0.765502
1777101507.160245180 -0.080859 -0.095691 -0.014277 0.027162 -0.048171 0.641682 0.764975
1777101507.162397385 -0.081066 -0.095607 -0.014382 0.027175 -0.048172 0.641987 0.764718
1777101507.162975073 -0.079965 -0.099670 -0.010391 0.027267 -0.048120 0.641964 0.764738
1777101507.165807247 -0.080231 -0.099580 -0.010516 0.027284 -0.048122 0.642366 0.764399
1777101507.170072556 -0.080623 -0.099446 -0.010703 0.027339 -0.048103 0.642953 0.763904
1777101507.175992966 -0.081157 -0.099263 -0.010966 0.027450 -0.048048 0.643785 0.763203
1777101507.180044651 -0.081520 -0.099137 -0.011150 0.027500 -0.048037 0.644355 0.762720
1777101507.186067581 -0.082047 -0.098942 -0.011423 0.027585 -0.047980 0.645177 0.762026
1777101507.190384865 -0.082419 -0.098805 -0.011617 0.027665 -0.047930 0.645801 0.761498
1777101507.195900917 -0.082900 -0.098630 -0.011867 0.027740 -0.047925 0.646597 0.760819
1777101507.200019121 -0.083260 -0.098496 -0.012054 0.027818 -0.047889 0.647183 0.760320
1777101507.205822945 -0.083773 -0.098306 -0.012323 0.027916 -0.047826 0.648030 0.759599
1777101507.210404158 -0.084184 -0.098154 -0.012536 0.027980 -0.047801 0.648697 0.759029
1777101507.215924263 -0.084678 -0.097974 -0.012795 0.028094 -0.047743 0.649501 0.758340
1777101507.220034361 -0.085048 -0.097843 -0.012992 0.028148 -0.047726 0.650113 0.757815
1777101507.225877285 -0.085580 -0.097655 -0.013272 0.028254 -0.047710 0.650965 0.757080
1777101507.230522394 -0.086008 -0.097502 -0.013498 0.028333 -0.047681 0.651664 0.756477
1777101507.235897541 -0.086513 -0.097313 -0.013773 0.028390 -0.047658 0.652475 0.755777
1777101507.240023375 -0.086900 -0.097158 -0.013988 0.028449 -0.047632 0.653084 0.755251
1777101507.245842457 -0.087448 -0.096914 -0.014297 0.028515 -0.047575 0.653976 0.754479
1777101507.250316381 -0.087870 -0.096703 -0.014539 0.028511 -0.047554 0.654612 0.753929
1777101507.255875826 -0.088390 -0.096426 -0.014833 0.028523 -0.047482 0.655391 0.753256
1777101507.260003090 -0.088779 -0.096223 -0.015046 0.028519 -0.047443 0.655986 0.752740
1777101507.263462782 -0.089108 -0.096059 -0.015221 0.028515 -0.047435 0.656471 0.752318
1777101507.263222694 -0.089076 -0.098522 -0.010683 0.028472 -0.047336 0.656350 0.752432
1777101507.265882730 -0.089329 -0.098412 -0.010797 0.028469 -0.047330 0.656722 0.752107
1777101507.270075560 -0.089729 -0.098251 -0.010974 0.028530 -0.047300 0.657323 0.751582
1777101507.276013613 -0.090302 -0.098040 -0.011232 0.028574 -0.047310 0.658175 0.750834
1777101507.280218363 -0.090709 -0.097897 -0.011421 0.028606 -0.047321 0.658744 0.750333
1777101507.286017895 -0.091263 -0.097713 -0.011685 0.028725 -0.047316 0.659551 0.749619
1777101507.289998770 -0.091639 -0.097587 -0.011869 0.028780 -0.047348 0.660091 0.749140
1777101507.295878887 -0.092176 -0.097371 -0.012147 0.028866 -0.047350 0.660855 0.748462
1777101507.300180674 -0.092557 -0.097185 -0.012354 0.028915 -0.047321 0.661403 0.747978
1777101507.306066036 -0.093080 -0.096887 -0.012648 0.028910 -0.047266 0.662116 0.747350
1777101507.310085297 -0.093438 -0.096663 -0.012853 0.028895 -0.047207 0.662580 0.746943
1777101507.315888405 -0.093958 -0.096344 -0.013148 0.028894 -0.047116 0.663294 0.746315
1777101507.320064306 -0.094340 -0.096128 -0.013360 0.028890 -0.047083 0.663819 0.745850
1777101507.325978756 -0.094882 -0.095846 -0.013655 0.028899 -0.047032 0.664560 0.745193
1777101507.330733299 -0.095319 -0.095648 -0.013891 0.028930 -0.046995 0.665195 0.744627
1777101507.335519791 -0.095766 -0.095476 -0.014129 0.028983 -0.047004 0.665843 0.744045
1777101507.340342283 -0.096218 -0.095321 -0.014368 0.029076 -0.047015 0.666504 0.743449
1777101507.346042633 -0.096754 -0.095136 -0.014651 0.029195 -0.047022 0.667307 0.742723
1777101507.350075245 -0.097132 -0.094993 -0.014852 0.029249 -0.047033 0.667845 0.742236
1777101507.356037140 -0.097681 -0.094756 -0.015147 0.029335 -0.047001 0.668631 0.741527
1777101507.360325098 -0.098072 -0.094573 -0.015360 0.029394 -0.046976 0.669210 0.741004
1777101507.362440348 -0.098266 -0.094479 -0.015466 0.029414 -0.046964 0.669490 0.740751
1777101507.362988710 -0.095261 -0.096295 -0.011096 0.029290 -0.046854 0.669428 0.740820
1777101507.365854263 -0.095507 -0.096168 -0.011223 0.029317 -0.046837 0.669807 0.740477
1777101507.370036364 -0.095866 -0.095978 -0.011410 0.029366 -0.046767 0.670369 0.739970
1777101507.376089334 -0.096402 -0.095706 -0.011695 0.029388 -0.046713 0.671229 0.739192
1777101507.380338192 -0.096788 -0.095519 -0.011902 0.029414 -0.046681 0.671827 0.738650
1777101507.385967970 -0.097303 -0.095279 -0.012176 0.029494 -0.046613 0.672637 0.737914
1777101507.390396833 -0.097716 -0.095098 -0.012392 0.029518 -0.046611 0.673280 0.737326
1777101507.395989180 -0.098239 -0.094876 -0.012661 0.029569 -0.046605 0.674077 0.736596
1777101507.400223494 -0.098634 -0.094714 -0.012860 0.029632 -0.046588 0.674690 0.736033
1777101507.405818939 -0.099160 -0.094496 -0.013130 0.029687 -0.046607 0.675482 0.735303
1777101507.410382032 -0.099588 -0.094311 -0.013354 0.029729 -0.046612 0.676100 0.734733
1777101507.415957689 -0.100109 -0.094078 -0.013632 0.029794 -0.046602 0.676846 0.734044
1777101507.420346737 -0.100517 -0.093884 -0.013854 0.029819 -0.046610 0.677416 0.733516
1777101507.426103830 -0.101042 -0.093613 -0.014149 0.029843 -0.046569 0.678131 0.732856
1777101507.430561066 -0.101442 -0.093398 -0.014378 0.029859 -0.046544 0.678673 0.732356
1777101507.435773373 -0.101906 -0.093147 -0.014644 0.029895 -0.046528 0.679315 0.731760
1777101507.440031767 -0.102283 -0.092936 -0.014864 0.029909 -0.046508 0.679814 0.731297
1777101507.445855618 -0.102798 -0.092646 -0.015167 0.029908 -0.046474 0.680485 0.730675
1777101507.450366020 -0.103199 -0.092426 -0.015399 0.029932 -0.046464 0.681027 0.730169
1777101507.455883026 -0.103692 -0.092162 -0.015683 0.029958 -0.046463 0.681663 0.729575
1777101507.460076332 -0.104066 -0.091965 -0.015901 0.029984 -0.046453 0.682151 0.729118
1777101507.462536812 -0.104284 -0.091850 -0.016028 0.030005 -0.046454 0.682449 0.728838
1777101507.463137388 -0.105292 -0.094141 -0.012004 0.029861 -0.046450 0.682350 0.728937
1777101507.466082573 -0.105559 -0.094013 -0.012139 0.029886 -0.046451 0.682706 0.728603
1777101507.470347404 -0.105943 -0.093826 -0.012335 0.029930 -0.046431 0.683214 0.728125
1777101507.475960255 -0.106444 -0.093571 -0.012595 0.029944 -0.046404 0.683871 0.727509
1777101507.480146646 -0.106814 -0.093381 -0.012790 0.029977 -0.046371 0.684380 0.727032
1777101507.486043453 -0.107332 -0.093119 -0.013065 0.030045 -0.046331 0.685107 0.726346
1777101507.490328550 -0.107706 -0.092931 -0.013265 0.030084 -0.046306 0.685625 0.725858
1777101507.495932817 -0.108188 -0.092691 -0.013526 0.030180 -0.046250 0.686340 0.725181
1777101507.500085831 -0.108544 -0.092516 -0.013723 0.030237 -0.046213 0.686863 0.724686
1777101507.506051302 -0.109053 -0.092268 -0.014010 0.030305 -0.046168 0.687615 0.723972
1777101507.510027409 -0.109392 -0.092110 -0.014203 0.030389 -0.046133 0.688146 0.723467
1777101507.515959501 -0.109905 -0.091874 -0.014497 0.030498 -0.046109 0.688933 0.722714
1777101507.520257235 -0.110281 -0.091696 -0.014712 0.030559 -0.046070 0.689508 0.722165
1777101507.526052952 -0.110796 -0.091453 -0.015005 0.030646 -0.046015 0.690298 0.721410
1777101507.530424595 -0.111193 -0.091271 -0.015230 0.030705 -0.045994 0.690900 0.720833
1777101507.536315203 -0.111734 -0.091018 -0.015537 0.030779 -0.045959 0.691699 0.720065
1777101507.540051699 -0.112082 -0.090856 -0.015735 0.030826 -0.045939 0.692217 0.719566
1777101507.546137333 -0.112661 -0.090582 -0.016065 0.030874 -0.045930 0.693044 0.718768
1777101507.550667286 -0.113100 -0.090371 -0.016312 0.030890 -0.045916 0.693658 0.718176
1777101507.555958509 -0.113625 -0.090129 -0.016603 0.030925 -0.045934 0.694378 0.717477
1777101507.560375214 -0.114070 -0.089927 -0.016848 0.030958 -0.045969 0.694969 0.716900
1777101507.562599182 -0.114294 -0.089822 -0.016971 0.030968 -0.045974 0.695256 0.716622
1777101507.562349319 -0.114009 -0.093835 -0.012418 0.031017 -0.045940 0.695102 0.716771
1777101507.565809488 -0.114354 -0.093687 -0.012586 0.031033 -0.045948 0.695547 0.716338
1777101507.570116282 -0.114782 -0.093491 -0.012797 0.031039 -0.045944 0.696083 0.715817
1777101507.575887442 -0.115347 -0.093221 -0.013085 0.031029 -0.045948 0.696776 0.715142
1777101507.580359459 -0.115782 -0.093012 -0.013307 0.031027 -0.045942 0.697302 0.714631
1777101507.585985422 -0.116332 -0.092758 -0.013584 0.031043 -0.045963 0.697969 0.713977
1777101507.590199947 -0.116746 -0.092572 -0.013792 0.031058 -0.045976 0.698472 0.713483
1777101507.595972776 -0.117310 -0.092310 -0.014074 0.031046 -0.045977 0.699150 0.712820
1777101507.600315332 -0.117730 -0.092107 -0.014283 0.031036 -0.045986 0.699657 0.712321
1777101507.605924368 -0.118257 -0.091836 -0.014553 0.031041 -0.045992 0.700291 0.711697
1777101507.610148430 -0.118641 -0.091622 -0.014759 0.031037 -0.045986 0.700737 0.711259
1777101507.616039991 -0.119167 -0.091314 -0.015049 0.031029 -0.045963 0.701341 0.710666
1777101507.620376587 -0.119551 -0.091083 -0.015264 0.031026 -0.045950 0.701783 0.710230
1777101507.626052618 -0.120051 -0.090774 -0.015551 0.031013 -0.045911 0.702335 0.709687
1777101507.630991697 -0.120488 -0.090506 -0.015810 0.031004 -0.045891 0.702821 0.709207
1777101507.635972023 -0.120929 -0.090244 -0.016073 0.031003 -0.045904 0.703291 0.708741
1777101507.640295267 -0.121304 -0.090017 -0.016303 0.031020 -0.045894 0.703700 0.708335
1777101507.645946741 -0.121782 -0.089720 -0.016608 0.031025 -0.045885 0.704227 0.707811
1777101507.650419712 -0.122151 -0.089486 -0.016850 0.031035 -0.045872 0.704642 0.707398
1777101507.655992746 -0.122606 -0.089200 -0.017149 0.031067 -0.045879 0.705174 0.706866
1777101507.660012245 -0.122931 -0.088993 -0.017363 0.031096 -0.045886 0.705549 0.706490
1777101507.662300110 -0.123113 -0.088873 -0.017486 0.031115 -0.045879 0.705759 0.706279
1777101507.662095547 -0.122663 -0.093654 -0.013080 0.031154 -0.045939 0.705545 0.706488
1777101507.666095018 -0.122971 -0.093469 -0.013270 0.031187 -0.045928 0.705913 0.706119
1777101507.670392752 -0.123296 -0.093260 -0.013480 0.031213 -0.045900 0.706305 0.705729
1777101507.675920963 -0.123702 -0.092979 -0.013752 0.031236 -0.045849 0.706769 0.705266
1777101507.680213213 -0.124009 -0.092761 -0.013964 0.031284 -0.045792 0.707163 0.704873
1777101507.686012506 -0.124431 -0.092487 -0.014260 0.031356 -0.045794 0.707721 0.704309
1777101507.690306425 -0.124759 -0.092300 -0.014485 0.031404 -0.045842 0.708197 0.703825
1777101507.695912838 -0.125206 -0.092054 -0.014786 0.031421 -0.045970 0.708865 0.703143
1777101507.700156212 -0.125541 -0.091851 -0.015012 0.031402 -0.046071 0.709344 0.702654
1777101507.705992699 -0.125945 -0.091514 -0.015305 0.031391 -0.046195 0.709967 0.702017
1777101507.710176229 -0.126175 -0.091208 -0.015507 0.031429 -0.046209 0.710313 0.701664
1777101507.716084003 -0.126416 -0.090668 -0.015812 0.031393 -0.046084 0.710673 0.701310
1777101507.719999075 -0.126530 -0.090260 -0.016028 0.031350 -0.045921 0.710861 0.701132
1777101507.725992441 -0.126671 -0.089640 -0.016367 0.031416 -0.045607 0.711124 0.700882
1777101507.730670214 -0.126781 -0.089189 -0.016632 0.031517 -0.045414 0.711369 0.700642
1777101507.735389948 -0.126902 -0.088757 -0.016893 0.031647 -0.045228 0.711672 0.700340
1777101507.740590096 -0.127055 -0.088295 -0.017164 0.031807 -0.044934 0.712069 0.699947
1777101507.745878458 -0.127238 -0.087842 -0.017418 0.031903 -0.044667 0.712493 0.699529
1777101507.750286102 -0.127408 -0.087502 -0.017616 0.032013 -0.044462 0.712914 0.699108
1777101507.755755424 -0.127637 -0.087145 -0.017855 0.032244 -0.044276 0.713553 0.698457
1777101507.760049582 -0.127842 -0.086889 -0.018045 0.032424 -0.044186 0.714082 0.697913
1777101507.762425423 -0.127969 -0.086743 -0.018155 0.032483 -0.044132 0.714366 0.697623
1777101507.763070822 -0.127435 -0.089605 -0.012959 0.032439 -0.043946 0.714277 0.697728
1777101507.765980721 -0.127603 -0.089423 -0.013080 0.032511 -0.043881 0.714625 0.697372
1777101507.770067692 -0.127865 -0.089151 -0.013262 0.032537 -0.043786 0.715082 0.696909
1777101507.776146412 -0.128308 -0.088732 -0.013556 0.032610 -0.043657 0.715748 0.696229
1777101507.780418158 -0.128657 -0.088425 -0.013776 0.032660 -0.043593 0.716232 0.695733
1777101507.785945892 -0.129162 -0.087990 -0.014074 0.032705 -0.043497 0.716811 0.695141
1777101507.790122747 -0.129584 -0.087627 -0.014308 0.032648 -0.043411 0.717213 0.694734
1777101507.796086550 -0.130242 -0.087101 -0.014652 0.032498 -0.043312 0.717771 0.694171
1777101507.800363779 -0.130750 -0.086747 -0.014899 0.032433 -0.043260 0.718219 0.693713
1777101507.805985689 -0.131464 -0.086330 -0.015230 0.032383 -0.043256 0.718865 0.693046
1777101507.810089350 -0.132022 -0.086059 -0.015480 0.032289 -0.043289 0.719368 0.692527
1777101507.816070795 -0.132872 -0.085716 -0.015851 0.032124 -0.043340 0.720125 0.691744
1777101507.820068359 -0.133452 -0.085531 -0.016096 0.032048 -0.043365 0.720682 0.691166
1777101507.825806618 -0.134285 -0.085325 -0.016434 0.031962 -0.043442 0.721497 0.690314
1777101507.830127716 -0.134905 -0.085199 -0.016678 0.031907 -0.043474 0.722114 0.689669
1777101507.836034060 -0.135728 -0.085048 -0.016986 0.031840 -0.043418 0.722884 0.688868
1777101507.840634584 -0.136356 -0.084961 -0.017208 0.031825 -0.043339 0.723480 0.688249
1777101507.846011877 -0.137090 -0.084928 -0.017459 0.031894 -0.043206 0.724154 0.687545
1777101507.850570202 -0.137729 -0.084967 -0.017679 0.031973 -0.043085 0.724795 0.686872
1777101507.855815887 -0.138501 -0.085087 -0.017938 0.032063 -0.042959 0.725528 0.686101
1777101507.860331774 -0.139213 -0.085260 -0.018167 0.032152 -0.042814 0.726270 0.685321
1777101507.863478422 -0.139746 -0.085430 -0.018332 0.032188 -0.042811 0.726797 0.684761
1777101507.863265276 -0.142172 -0.094766 -0.012299 0.032487 -0.043118 0.726805 0.684719
1777101507.865948915 -0.142662 -0.094992 -0.012418 0.032518 -0.043116 0.727254 0.684241
1777101507.870399952 -0.143512 -0.095435 -0.012609 0.032633 -0.043201 0.728067 0.683365
1777101507.876005173 -0.144645 -0.096086 -0.012839 0.032687 -0.043537 0.729262 0.682066
1777101507.880105257 -0.145520 -0.096594 -0.013010 0.032726 -0.043783 0.730134 0.681114
1777101507.885946512 -0.146773 -0.097245 -0.013257 0.032779 -0.044296 0.731095 0.680047
1777101507.890395641 -0.147700 -0.097636 -0.013445 0.032819 -0.044687 0.731825 0.679233
1777101507.895979643 -0.148836 -0.097982 -0.013684 0.032610 -0.044978 0.732542 0.678451
1777101507.900135040 -0.149663 -0.098125 -0.013865 0.032453 -0.045194 0.733074 0.677869
1777101507.906092644 -0.150804 -0.098217 -0.014136 0.032165 -0.045283 0.733752 0.677144
1777101507.910396338 -0.151587 -0.098231 -0.014343 0.031956 -0.045347 0.734240 0.676619
1777101507.916020155 -0.152532 -0.098198 -0.014616 0.031664 -0.045451 0.734782 0.676038
1777101507.920055628 -0.153140 -0.098147 -0.014810 0.031454 -0.045525 0.735170 0.675621
1777101507.926101923 -0.153901 -0.098045 -0.015091 0.031373 -0.045503 0.735693 0.675057
1777101507.930045843 -0.154283 -0.097969 -0.015267 0.031320 -0.045488 0.736033 0.674689
1777101507.935791492 -0.154685 -0.097842 -0.015503 0.031345 -0.045421 0.736456 0.674231
1777101507.940019608 -0.154882 -0.097732 -0.015659 0.031439 -0.045339 0.736801 0.673854
1777101507.945979834 -0.155096 -0.097537 -0.015879 0.031609 -0.045143 0.737251 0.673367
1777101507.950669765 -0.155240 -0.097340 -0.016061 0.031744 -0.044989 0.737605 0.672983
1777101507.956003666 -0.155360 -0.097091 -0.016280 0.031942 -0.044758 0.737996 0.672561
1777101507.960137129 -0.155411 -0.096895 -0.016458 0.032095 -0.044578 0.738298 0.672234
1777101507.962448120 -0.155428 -0.096783 -0.016561 0.032185 -0.044525 0.738474 0.672040
1777101507.963174582 -0.152563 -0.096702 -0.011969 0.032078 -0.044002 0.738420 0.672139
1777101507.966089487 -0.152559 -0.096547 -0.012082 0.032192 -0.043935 0.738642 0.671894
1777101507.970120430 -0.152545 -0.096326 -0.012241 0.032351 -0.043842 0.738950 0.671554
1777101507.976006031 -0.152545 -0.095980 -0.012487 0.032560 -0.043627 0.739406 0.671055
1777101507.980141878 -0.152578 -0.095715 -0.012673 0.032707 -0.043477 0.739727 0.670704
1777101507.986129761 -0.152675 -0.095300 -0.012956 0.032804 -0.043339 0.740194 0.670192
1777101507.990324736 -0.152776 -0.094986 -0.013162 0.032872 -0.043243 0.740522 0.669834
1777101507.996106148 -0.152963 -0.094530 -0.013437 0.032816 -0.043147 0.740953 0.669365
1777101508.000070095 -0.153125 -0.094204 -0.013611 0.032778 -0.043081 0.741249 0.669044
1777101508.006061316 -0.153401 -0.093735 -0.013854 0.032631 -0.043083 0.741780 0.668462
1777101508.010284185 -0.153606 -0.093443 -0.014012 0.032527 -0.043085 0.742153 0.668052
1777101508.015794039 -0.153890 -0.093099 -0.014205 0.032521 -0.043095 0.742712 0.667431
1777101508.020347118 -0.154137 -0.092840 -0.014355 0.032515 -0.043104 0.743172 0.666918
1777101508.026168346 -0.154452 -0.092537 -0.014542 0.032526 -0.043071 0.743788 0.666232
1777101508.030203819 -0.154658 -0.092342 -0.014675 0.032534 -0.043049 0.744215 0.665757
1777101508.036003351 -0.154920 -0.092088 -0.014868 0.032698 -0.042974 0.744849 0.665044
1777101508.040011883 -0.155071 -0.091931 -0.015003 0.032812 -0.042922 0.745287 0.664551
1777101508.046057701 -0.155288 -0.091688 -0.015219 0.032936 -0.042805 0.745947 0.663812
1777101508.052027702 -0.155518 -0.091413 -0.015460 0.033058 -0.042690 0.746597 0.663082
1777101508.056042910 -0.155684 -0.091225 -0.015628 0.033159 -0.042524 0.747048 0.662580
1777101508.060421705 -0.155876 -0.091041 -0.015809 0.033269 -0.042394 0.747576 0.661986
1777101508.062610626 -0.155976 -0.090954 -0.015899 0.033328 -0.042326 0.747851 0.661677
1777101508.062370777 -0.156263 -0.095619 -0.011253 0.033350 -0.042297 0.747828 0.661704
1777101508.068331480 -0.156543 -0.095441 -0.011456 0.033511 -0.042112 0.748576 0.660862
1777101508.070208073 -0.156633 -0.095388 -0.011519 0.033562 -0.042054 0.748811 0.660596
1777101508.076130390 -0.156949 -0.095246 -0.011717 0.033648 -0.041915 0.749557 0.659754
1777101508.080440044 -0.157216 -0.095168 -0.011859 0.033711 -0.041814 0.750098 0.659141
1777101508.086156368 -0.157618 -0.095104 -0.012046 0.033814 -0.041789 0.750875 0.658253
1777101508.090144396 -0.157931 -0.095087 -0.012174 0.033886 -0.041772 0.751416 0.657633
1777101508.096081972 -0.158438 -0.095076 -0.012365 0.033959 -0.041795 0.752206 0.656724
1777101508.100129843 -0.158807 -0.095065 -0.012497 0.034009 -0.041811 0.752743 0.656104
1777101508.106199265 -0.159382 -0.095049 -0.012699 0.034017 -0.041887 0.753503 0.655226
1777101508.110480070 -0.159794 -0.095042 -0.012846 0.034028 -0.041948 0.754030 0.654615
1777101508.115993500 -0.160331 -0.095037 -0.013045 0.034064 -0.041998 0.754701 0.653837
1777101508.120157957 -0.160739 -0.095033 -0.013206 0.034092 -0.042035 0.755207 0.653249
1777101508.126146078 -0.161325 -0.095041 -0.013450 0.034071 -0.042086 0.755917 0.652425
1777101508.130283594 -0.161724 -0.095064 -0.013621 0.034088 -0.042121 0.756423 0.651835
1777101508.136133432 -0.162281 -0.095125 -0.013863 0.034141 -0.042198 0.757170 0.650958
1777101508.140512228 -0.162691 -0.095179 -0.014040 0.034177 -0.042250 0.757723 0.650309
1777101508.146182537 -0.163205 -0.095245 -0.014257 0.034244 -0.042255 0.758454 0.649453
1777101508.150700569 -0.163600 -0.095289 -0.014420 0.034309 -0.042246 0.759019 0.648790
1777101508.155507565 -0.164009 -0.095325 -0.014587 0.034386 -0.042235 0.759613 0.648091
1777101508.160154581 -0.164396 -0.095347 -0.014743 0.034468 -0.042218 0.760157 0.647450
1777101508.162234545 -0.164568 -0.095353 -0.014812 0.034495 -0.042201 0.760403 0.647160
1777101508.162199736 -0.164791 -0.096761 -0.010221 0.034379 -0.041938 0.760371 0.647221
1777101508.166127443 -0.165120 -0.096767 -0.010327 0.034431 -0.041907 0.760836 0.646674
1777101508.170463800 -0.165490 -0.096770 -0.010449 0.034483 -0.041862 0.761328 0.646094
1777101508.176179886 -0.165988 -0.096785 -0.010616 0.034565 -0.041819 0.761986 0.645317
1777101508.180146933 -0.166344 -0.096807 -0.010739 0.034639 -0.041815 0.762466 0.644745
1777101508.186163664 -0.166908 -0.096847 -0.010940 0.034737 -0.041859 0.763183 0.643888
1777101508.190376520 -0.167317 -0.096868 -0.011090 0.034797 -0.041876 0.763686 0.643288
1777101508.196163416 -0.167890 -0.096881 -0.011303 0.034859 -0.041900 0.764382 0.642455
1777101508.200448990 -0.168318 -0.096879 -0.011464 0.034893 -0.041930 0.764909 0.641824
1777101508.205960751 -0.168873 -0.096865 -0.011671 0.034935 -0.041986 0.765588 0.641008
1777101508.210105419 -0.169292 -0.096844 -0.011825 0.034961 -0.042021 0.766106 0.640385
1777101508.216181993 -0.169910 -0.096799 -0.012054 0.034996 -0.042050 0.766870 0.639467
1777101508.220437050 -0.170344 -0.096761 -0.012216 0.035005 -0.042077 0.767418 0.638807
1777101508.226018190 -0.170908 -0.096700 -0.012433 0.035038 -0.042097 0.768154 0.637918
1777101508.230203629 -0.171326 -0.096641 -0.012597 0.035068 -0.042095 0.768702 0.637256
1777101508.236087322 -0.171908 -0.096533 -0.012831 0.035088 -0.042090 0.769469 0.636329
1777101508.240458727 -0.172334 -0.096438 -0.013007 0.035103 -0.042079 0.770026 0.635655
1777101508.246007681 -0.172864 -0.096305 -0.013234 0.035135 -0.042035 0.770739 0.634792
1777101508.250486851 -0.173285 -0.096196 -0.013419 0.035166 -0.042001 0.771317 0.634090
1777101508.256057262 -0.173803 -0.096063 -0.013650 0.035218 -0.041983 0.772025 0.633225
1777101508.260077953 -0.174166 -0.095968 -0.013818 0.035268 -0.041950 0.772534 0.632603
1777101508.262591124 -0.174389 -0.095909 -0.013923 0.035303 -0.041928 0.772850 0.632217
1777101508.263213873 -0.173322 -0.100845 -0.010010 0.035389 -0.041905 0.772814 0.632258
1777101508.266121864 -0.173567 -0.100805 -0.010116 0.035430 -0.041880 0.773179 0.631811
1777101508.270689011 -0.173943 -0.100746 -0.010283 0.035500 -0.041875 0.773745 0.631114
1777101508.276225090 -0.174387 -0.100672 -0.010483 0.035616 -0.041835 0.774421 0.630280
1777101508.280469894 -0.174722 -0.100610 -0.010634 0.035705 -0.041788 0.774921 0.629663
1777101508.286050081 -0.175159 -0.100521 -0.010832 0.035825 -0.041726 0.775554 0.628882
1777101508.290223837 -0.175483 -0.100450 -0.010982 0.035912 -0.041684 0.776030 0.628292
1777101508.296158791 -0.175945 -0.100340 -0.011195 0.036031 -0.041624 0.776718 0.627437
1777101508.300410271 -0.176279 -0.100251 -0.011347 0.036113 -0.041577 0.777190 0.626852
1777101508.305990219 -0.176721 -0.100118 -0.011549 0.036186 -0.041518 0.777816 0.626075
1777101508.310166836 -0.177056 -0.100009 -0.011703 0.036227 -0.041472 0.778278 0.625501
1777101508.316107512 -0.177540 -0.099845 -0.011931 0.036256 -0.041439 0.778945 0.624671
1777101508.320409298 -0.177895 -0.099719 -0.012102 0.036278 -0.041399 0.779427 0.624071
1777101508.325959682 -0.178358 -0.099543 -0.012324 0.036297 -0.041349 0.780027 0.623322
1777101508.330455065 -0.178734 -0.099389 -0.012505 0.036294 -0.041306 0.780495 0.622739
1777101508.336121559 -0.179213 -0.099187 -0.012732 0.036285 -0.041254 0.781062 0.622032
1777101508.340215921 -0.179562 -0.099043 -0.012895 0.036282 -0.041232 0.781462 0.621530
1777101508.346216917 -0.180081 -0.098840 -0.013133 0.036312 -0.041194 0.782041 0.620804
1777101508.350387812 -0.180448 -0.098704 -0.013301 0.036327 -0.041174 0.782447 0.620291
1777101508.355863571 -0.180945 -0.098532 -0.013526 0.036322 -0.041185 0.782980 0.619618
1777101508.360036612 -0.181329 -0.098405 -0.013697 0.036322 -0.041194 0.783389 0.619101
1777101508.362483978 -0.181552 -0.098331 -0.013797 0.036324 -0.041200 0.783632 0.618792
1777101508.363098383 -0.182162 -0.102685 -0.009433 0.036322 -0.041149 0.783581 0.618860
1777101508.365944624 -0.182421 -0.102619 -0.009531 0.036324 -0.041155 0.783864 0.618501
1777101508.370161057 -0.182801 -0.102523 -0.009676 0.036331 -0.041174 0.784295 0.617953
1777101508.376117229 -0.183321 -0.102376 -0.009881 0.036343 -0.041194 0.784888 0.617197
1777101508.380373001 -0.183678 -0.102258 -0.010029 0.036354 -0.041178 0.785313 0.616657
1777101508.386188507 -0.184157 -0.102087 -0.010235 0.036385 -0.041142 0.785869 0.615949
1777101508.390109301 -0.184477 -0.101966 -0.010378 0.036416 -0.041123 0.786238 0.615478
1777101508.396086693 -0.184963 -0.101770 -0.010605 0.036464 -0.041055 0.786812 0.614746
1777101508.400242805 -0.185303 -0.101625 -0.010770 0.036483 -0.041006 0.787204 0.614246
1777101508.406141996 -0.185782 -0.101418 -0.011007 0.036526 -0.040930 0.787752 0.613545
1777101508.410404682 -0.186124 -0.101271 -0.011179 0.036579 -0.040876 0.788168 0.613010
1777101508.415997982 -0.186580 -0.101083 -0.011407 0.036623 -0.040837 0.788724 0.612296
1777101508.420162201 -0.186928 -0.100945 -0.011576 0.036646 -0.040813 0.789130 0.611772
1777101508.426164865 -0.187433 -0.100748 -0.011818 0.036707 -0.040728 0.789754 0.610968
1777101508.430340052 -0.187791 -0.100614 -0.011987 0.036736 -0.040681 0.790193 0.610402
1777101508.436115980 -0.188294 -0.100434 -0.012221 0.036743 -0.040680 0.790794 0.609623
1777101508.440553188 -0.188679 -0.100294 -0.012399 0.036773 -0.040651 0.791260 0.609018
1777101508.445971966 -0.189147 -0.100119 -0.012620 0.036797 -0.040590 0.791824 0.608287
1777101508.450550556 -0.189550 -0.099975 -0.012811 0.036800 -0.040572 0.792300 0.607668
1777101508.456097364 -0.190043 -0.099810 -0.013047 0.036820 -0.040569 0.792865 0.606929
1777101508.460361719 -0.190421 -0.099683 -0.013226 0.036855 -0.040521 0.793317 0.606339
1777101508.462230444 -0.190589 -0.099627 -0.013305 0.036856 -0.040520 0.793505 0.606093
1777101508.462249756 -0.190174 -0.104907 -0.008847 0.036918 -0.040437 0.793391 0.606245
1777101508.466173172 -0.190524 -0.104824 -0.008988 0.036920 -0.040436 0.793785 0.605728
1777101508.470223904 -0.190885 -0.104742 -0.009134 0.036924 -0.040444 0.794193 0.605193
1777101508.476003408 -0.191383 -0.104627 -0.009339 0.036982 -0.040401 0.794795 0.604402
1777101508.480533838 -0.191769 -0.104539 -0.009498 0.037011 -0.040385 0.795258 0.603791
1777101508.486099005 -0.192239 -0.104432 -0.009693 0.037020 -0.040391 0.795813 0.603059
1777101508.490191460 -0.192577 -0.104355 -0.009836 0.037061 -0.040350 0.796242 0.602492
1777101508.495957375 -0.193053 -0.104253 -0.010045 0.037127 -0.040290 0.796846 0.601693
1777101508.500444889 -0.193426 -0.104178 -0.010214 0.037150 -0.040286 0.797313 0.601074
1777101508.506223917 -0.193899 -0.104081 -0.010432 0.037220 -0.040231 0.797931 0.600251
1777101508.510197878 -0.194218 -0.104009 -0.010582 0.037268 -0.040179 0.798357 0.599685
1777101508.516054392 -0.194695 -0.103898 -0.010808 0.037295 -0.040151 0.798963 0.598878
1777101508.520266771 -0.195037 -0.103818 -0.010971 0.037341 -0.040122 0.799394 0.598301
1777101508.526186705 -0.195515 -0.103705 -0.011201 0.037439 -0.040026 0.800024 0.597460
1777101508.530494928 -0.195871 -0.103622 -0.011371 0.037474 -0.039993 0.800465 0.596868
1777101508.536173582 -0.196338 -0.103515 -0.011598 0.037525 -0.039946 0.801049 0.596084
1777101508.540230036 -0.196665 -0.103441 -0.011762 0.037574 -0.039875 0.801484 0.595501
1777101508.546059608 -0.197138 -0.103347 -0.012003 0.037619 -0.039843 0.802098 0.594673
1777101508.550710678 -0.197513 -0.103285 -0.012196 0.037678 -0.039836 0.802577 0.594023
1777101508.555994749 -0.197938 -0.103220 -0.012418 0.037784 -0.039766 0.803175 0.593212
1777101508.560713768 -0.198328 -0.103158 -0.012625 0.037809 -0.039769 0.803652 0.592564
1777101508.562693357 -0.198493 -0.103130 -0.012712 0.037822 -0.039765 0.803850 0.592295
1777101508.563143730 -0.198098 -0.107574 -0.008654 0.037850 -0.039702 0.803784 0.592387
1777101508.565882206 -0.198320 -0.107555 -0.008757 0.037868 -0.039696 0.804057 0.592015
1777101508.570195436 -0.198664 -0.107525 -0.008916 0.037940 -0.039659 0.804497 0.591416
1777101508.576089621 -0.199122 -0.107479 -0.009133 0.038019 -0.039668 0.805057 0.590648
1777101508.580304384 -0.199442 -0.107441 -0.009288 0.038075 -0.039658 0.805439 0.590124
1777101508.586103439 -0.199872 -0.107380 -0.009502 0.038162 -0.039618 0.805965 0.589401
1777101508.590543747 -0.200201 -0.107331 -0.009669 0.038231 -0.039572 0.806355 0.588867
1777101508.596183777 -0.200627 -0.107275 -0.009888 0.038273 -0.039572 0.806832 0.588210
1777101508.600297451 -0.200939 -0.107239 -0.010051 0.038321 -0.039568 0.807204 0.587696
1777101508.606167078 -0.201385 -0.107180 -0.010286 0.038402 -0.039526 0.807746 0.586949
1777101508.610267401 -0.201701 -0.107129 -0.010453 0.038408 -0.039525 0.808109 0.586449
1777101508.616049528 -0.202151 -0.107049 -0.010688 0.038416 -0.039509 0.808626 0.585736
1777101508.620473623 -0.202503 -0.106983 -0.010863 0.038424 -0.039527 0.809008 0.585207
1777101508.626027584 -0.202955 -0.106888 -0.011083 0.038428 -0.039531 0.809485 0.584546
1777101508.630298376 -0.203309 -0.106804 -0.011259 0.038409 -0.039531 0.809831 0.584068
1777101508.636098623 -0.203787 -0.106683 -0.011500 0.038398 -0.039505 0.810300 0.583420
1777101508.640539646 -0.204140 -0.106589 -0.011682 0.038420 -0.039479 0.810649 0.582935
1777101508.646023750 -0.204558 -0.106474 -0.011908 0.038480 -0.039447 0.811089 0.582321
1777101508.650042295 -0.204861 -0.106391 -0.012075 0.038522 -0.039430 0.811409 0.581873
1777101508.656052113 -0.205321 -0.106264 -0.012328 0.038576 -0.039394 0.811893 0.581197
1777101508.660498381 -0.205669 -0.106168 -0.012516 0.038619 -0.039335 0.812278 0.580659
1777101508.662672997 -0.205841 -0.106123 -0.012609 0.038636 -0.039319 0.812468 0.580394
1777101508.662437439 -0.206587 -0.110915 -0.007844 0.038631 -0.039291 0.812326 0.580594
1777101508.666240454 -0.206896 -0.110868 -0.007982 0.038661 -0.039263 0.812658 0.580130
1777101508.670181751 -0.207218 -0.110822 -0.008123 0.038705 -0.039244 0.813022 0.579618
1777101508.676075935 -0.207698 -0.110748 -0.008335 0.038795 -0.039181 0.813592 0.578816
1777101508.680224180 -0.208042 -0.110688 -0.008491 0.038827 -0.039147 0.813990 0.578256
1777101508.686169147 -0.208550 -0.110606 -0.008720 0.038840 -0.039111 0.814573 0.577437
1777101508.690424681 -0.208919 -0.110557 -0.008886 0.038885 -0.039077 0.815017 0.576809
1777101508.696097612 -0.209418 -0.110497 -0.009114 0.038964 -0.039035 0.815607 0.575971
1777101508.700531721 -0.209813 -0.110448 -0.009300 0.039007 -0.039005 0.816065 0.575322
1777101508.706052542 -0.210302 -0.110381 -0.009531 0.039069 -0.038952 0.816625 0.574525
1777101508.710243702 -0.210670 -0.110328 -0.009706 0.039130 -0.038905 0.817053 0.573916
1777101508.716181993 -0.211200 -0.110248 -0.009961 0.039185 -0.038881 0.817640 0.573077
1777101508.720472097 -0.211590 -0.110189 -0.010147 0.039219 -0.038862 0.818066 0.572469
1777101508.725997210 -0.212097 -0.110116 -0.010385 0.039270 -0.038854 0.818618 0.571675
1777101508.730537891 -0.212513 -0.110056 -0.010581 0.039301 -0.038851 0.819063 0.571035
1777101508.736032963 -0.213014 -0.109983 -0.010822 0.039349 -0.038847 0.819600 0.570262
1777101508.740413904 -0.213406 -0.109919 -0.011015 0.039383 -0.038838 0.820017 0.569661
1777101508.746057272 -0.213899 -0.109827 -0.011266 0.039419 -0.038810 0.820538 0.568909
1777101508.750594854 -0.214289 -0.109751 -0.011472 0.039443 -0.038801 0.820946 0.568320
1777101508.756058455 -0.214744 -0.109660 -0.011718 0.039494 -0.038783 0.821431 0.567616
1777101508.760289669 -0.215085 -0.109586 -0.011908 0.039544 -0.038746 0.821817 0.567055
1777101508.762711287 -0.215277 -0.109543 -0.012016 0.039568 -0.038727 0.822027 0.566750
1777101508.763176203 -0.214542 -0.112759 -0.008097 0.039551 -0.038552 0.821998 0.566806
1777101508.766166449 -0.214773 -0.112717 -0.008214 0.039581 -0.038529 0.822257 0.566430
1777101508.770457983 -0.215100 -0.112654 -0.008379 0.039619 -0.038507 0.822619 0.565903
1777101508.776248693 -0.215533 -0.112561 -0.008597 0.039689 -0.038437 0.823116 0.565179
1777101508.780094147 -0.215817 -0.112498 -0.008743 0.039733 -0.038400 0.823438 0.564709
1777101508.786048889 -0.216260 -0.112406 -0.008968 0.039791 -0.038354 0.823947 0.563966
1777101508.790332556 -0.216580 -0.112346 -0.009130 0.039842 -0.038313 0.824316 0.563424
1777101508.796198606 -0.217018 -0.112267 -0.009353 0.039913 -0.038254 0.824817 0.562690
1777101508.800310373 -0.217324 -0.112214 -0.009512 0.039956 -0.038222 0.825172 0.562169
1777101508.806066513 -0.217751 -0.112142 -0.009736 0.040041 -0.038180 0.825678 0.561422
1777101508.810531139 -0.218084 -0.112082 -0.009914 0.040109 -0.038138 0.826072 0.560840
1777101508.816132784 -0.218512 -0.111997 -0.010142 0.040158 -0.038077 0.826555 0.560128
1777101508.820168018 -0.218829 -0.111933 -0.010309 0.040187 -0.038039 0.826909 0.559607
1777101508.826171875 -0.219313 -0.111843 -0.010557 0.040241 -0.037999 0.827469 0.558778
1777101508.830268383 -0.219651 -0.111784 -0.010729 0.040279 -0.037969 0.827844 0.558221
1777101508.835986853 -0.220129 -0.111700 -0.010979 0.040327 -0.037918 0.828380 0.557425
1777101508.840471029 -0.220508 -0.111638 -0.011183 0.040372 -0.037877 0.828805 0.556792
1777101508.846064329 -0.220982 -0.111568 -0.011441 0.040415 -0.037844 0.829342 0.555991
1777101508.850483179 -0.221358 -0.111524 -0.011646 0.040462 -0.037831 0.829775 0.555343
1777101508.855840683 -0.221817 -0.111485 -0.011899 0.040564 -0.037790 0.830333 0.554502
1777101508.860487700 -0.222224 -0.111456 -0.012122 0.040626 -0.037771 0.830820 0.553770
1777101508.862196207 -0.222376 -0.111444 -0.012205 0.040643 -0.037765 0.830997 0.553503
1777101508.863213539 -0.220437 -0.118204 -0.008414 0.040832 -0.037807 0.830998 0.553485
1777101508.866156101 -0.220688 -0.118216 -0.008541 0.040862 -0.037798 0.831303 0.553025
1777101508.870404959 -0.221052 -0.118232 -0.008723 0.040930 -0.037763 0.831754 0.552344
1777101508.876188993 -0.221551 -0.118246 -0.008970 0.041000 -0.037750 0.832360 0.551427
1777101508.880418777 -0.221918 -0.118248 -0.009150 0.041049 -0.037727 0.832797 0.550765
1777101508.886142731 -0.222419 -0.118248 -0.009393 0.041129 -0.037681 0.833403 0.549844
1777101508.890462160 -0.222803 -0.118246 -0.009577 0.041184 -0.037650 0.833853 0.549159
1777101508.896070004 -0.223309 -0.118237 -0.009819 0.041231 -0.037603 0.834429 0.548283
1777101508.900154591 -0.223679 -0.118229 -0.009995 0.041281 -0.037553 0.834863 0.547621
1777101508.906256437 -0.224240 -0.118213 -0.010263 0.041340 -0.037513 0.835500 0.546648
1777101508.910486221 -0.224634 -0.118193 -0.010453 0.041362 -0.037470 0.835939 0.545977
1777101508.916013718 -0.225151 -0.118168 -0.010702 0.041414 -0.037384 0.836516 0.545095
1777101508.920199156 -0.225545 -0.118152 -0.010887 0.041454 -0.037348 0.836951 0.544426
1777101508.926192760 -0.226113 -0.118126 -0.011150 0.041501 -0.037309 0.837568 0.543475
1777101508.930248737 -0.226501 -0.118105 -0.011326 0.041546 -0.037266 0.837994 0.542818
1777101508.936038494 -0.227066 -0.118069 -0.011581 0.041587 -0.037223 0.838577 0.541917
1777101508.940491676 -0.227508 -0.118037 -0.011781 0.041600 -0.037181 0.839018 0.541235
1777101508.946278334 -0.228088 -0.118004 -0.012046 0.041644 -0.037116 0.839614 0.540312
1777101508.950769901 -0.228544 -0.117985 -0.012254 0.041684 -0.037092 0.840067 0.539606
1777101508.956090689 -0.229090 -0.117962 -0.012503 0.041722 -0.037047 0.840606 0.538766
1777101508.960481644 -0.229545 -0.117945 -0.012714 0.041752 -0.037011 0.841060 0.538057
1777101508.962626457 -0.229770 -0.117937 -0.012819 0.041760 -0.037003 0.841282 0.537709
1777101508.962418079 -0.228327 -0.121370 -0.008462 0.041641 -0.036904 0.841194 0.537864
1777101508.965852022 -0.228685 -0.121373 -0.008611 0.041654 -0.036893 0.841549 0.537307
1777101508.970243931 -0.229146 -0.121375 -0.008801 0.041665 -0.036878 0.841991 0.536614
1777101508.976070881 -0.229764 -0.121379 -0.009053 0.041708 -0.036831 0.842613 0.535637
1777101508.980317831 -0.230224 -0.121380 -0.009239 0.041703 -0.036845 0.843046 0.534954
1777101508.986233234 -0.230868 -0.121372 -0.009495 0.041702 -0.036827 0.843634 0.534029
1777101508.990190744 -0.231298 -0.121365 -0.009666 0.041727 -0.036805 0.844038 0.533389
1777101508.996073246 -0.231943 -0.121348 -0.009927 0.041743 -0.036807 0.844608 0.532485
1777101509.000243425 -0.232405 -0.121328 -0.010116 0.041736 -0.036801 0.845000 0.531864
1777101509.006124020 -0.233062 -0.121294 -0.010386 0.041741 -0.036773 0.845568 0.530962
1777101509.010351896 -0.233539 -0.121268 -0.010583 0.041734 -0.036763 0.845961 0.530337
1777101509.016196728 -0.234197 -0.121225 -0.010858 0.041713 -0.036753 0.846493 0.529489
1777101509.020481586 -0.234673 -0.121193 -0.011060 0.041725 -0.036733 0.846900 0.528838
1777101509.026293278 -0.235319 -0.121143 -0.011335 0.041740 -0.036713 0.847440 0.527973
1777101509.030270338 -0.235763 -0.121104 -0.011523 0.041724 -0.036703 0.847791 0.527412
1777101509.036214352 -0.236422 -0.121049 -0.011804 0.041734 -0.036660 0.848354 0.526507
1777101509.040291071 -0.236874 -0.121015 -0.011999 0.041742 -0.036650 0.848734 0.525894
1777101509.046027422 -0.237508 -0.120965 -0.012274 0.041753 -0.036625 0.849264 0.525039
1777101509.050843954 -0.238037 -0.120919 -0.012507 0.041773 -0.036585 0.849722 0.524298
1777101509.056225061 -0.238627 -0.120862 -0.012770 0.041790 -0.036539 0.850227 0.523482
1777101509.060764551 -0.239123 -0.120810 -0.012993 0.041803 -0.036499 0.850644 0.522805
1777101509.062518597 -0.239313 -0.120791 -0.013079 0.041815 -0.036480 0.850814 0.522529
1777101509.062369108 -0.237993 -0.126883 -0.009068 0.041896 -0.036518 0.850687 0.522726
1777101509.066048622 -0.238383 -0.126882 -0.009229 0.041921 -0.036478 0.851043 0.522147
1777101509.070351362 -0.238840 -0.126881 -0.009420 0.041948 -0.036436 0.851462 0.521465
1777101509.076090336 -0.239452 -0.126878 -0.009676 0.041972 -0.036382 0.852009 0.520571
1777101509.080613136 -0.239933 -0.126878 -0.009878 0.041999 -0.036328 0.852465 0.519827
1777101509.086077213 -0.240513 -0.126879 -0.010124 0.042029 -0.036274 0.853010 0.518933
1777101509.090631247 -0.240995 -0.126881 -0.010331 0.042055 -0.036234 0.853462 0.518191
1777101509.096143961 -0.241573 -0.126886 -0.010585 0.042096 -0.036191 0.854022 0.517267
1777101509.100522995 -0.242032 -0.126889 -0.010791 0.042126 -0.036147 0.854458 0.516546
1777101509.106117249 -0.242614 -0.126892 -0.011058 0.042159 -0.036078 0.855008 0.515638
1777101509.110236645 -0.243037 -0.126896 -0.011257 0.042195 -0.036033 0.855418 0.514958
1777101509.116226196 -0.243642 -0.126903 -0.011548 0.042258 -0.035962 0.856017 0.513961
1777101509.120425701 -0.244061 -0.126907 -0.011753 0.042299 -0.035921 0.856424 0.513281
1777101509.126302481 -0.244638 -0.126913 -0.012040 0.042352 -0.035859 0.856997 0.512324
1777101509.130263090 -0.245019 -0.126917 -0.012233 0.042397 -0.035811 0.857380 0.511684
1777101509.136307716 -0.245587 -0.126927 -0.012528 0.042488 -0.035732 0.857962 0.510705
1777101509.140259266 -0.245950 -0.126934 -0.012722 0.042548 -0.035690 0.858342 0.510064
1777101509.146080732 -0.246480 -0.126936 -0.013011 0.042621 -0.035608 0.858897 0.509129
1777101509.150863886 -0.246910 -0.126933 -0.013253 0.042667 -0.035537 0.859342 0.508378
1777101509.156053066 -0.247364 -0.126937 -0.013518 0.042727 -0.035455 0.859841 0.507534
1777101509.160784006 -0.247767 -0.126949 -0.013757 0.042804 -0.035392 0.860299 0.506756
1777101509.162572145 -0.247917 -0.126955 -0.013847 0.042838 -0.035367 0.860470 0.506464
1777101509.162510157 -0.247290 -0.128128 -0.009593 0.042598 -0.035029 0.860399 0.506628
1777101509.166259289 -0.247600 -0.128140 -0.009758 0.042668 -0.034976 0.860758 0.506016
1777101509.170282364 -0.247932 -0.128151 -0.009934 0.042735 -0.034911 0.861143 0.505359
1777101509.176137447 -0.248428 -0.128160 -0.010191 0.042798 -0.034832 0.861688 0.504430
1777101509.180231333 -0.248785 -0.128164 -0.010373 0.042834 -0.034784 0.862064 0.503787
1777101509.186067581 -0.249296 -0.128171 -0.010633 0.042874 -0.034738 0.862599 0.502869
1777101509.190547228 -0.249688 -0.128175 -0.010833 0.042903 -0.034702 0.863009 0.502166
1777101509.196145773 -0.250168 -0.128184 -0.011089 0.042953 -0.034663 0.863513 0.501297
1777101509.200420141 -0.250522 -0.128191 -0.011288 0.042997 -0.034632 0.863901 0.500627
1777101509.206214905 -0.250991 -0.128198 -0.011559 0.043049 -0.034585 0.864415 0.499737
1777101509.210201263 -0.251311 -0.128207 -0.011750 0.043094 -0.034558 0.864771 0.499119
1777101509.216193438 -0.251801 -0.128226 -0.012040 0.043150 -0.034536 0.865303 0.498192
1777101509.220310450 -0.252143 -0.128235 -0.012238 0.043186 -0.034509 0.865663 0.497565
1777101509.226235628 -0.252632 -0.128245 -0.012522 0.043253 -0.034454 0.866196 0.496636
1777101509.230489254 -0.252977 -0.128247 -0.012726 0.043301 -0.034428 0.866567 0.495984
1777101509.236309052 -0.253433 -0.128238 -0.013004 0.043392 -0.034351 0.867071 0.495101
1777101509.240174770 -0.253729 -0.128228 -0.013191 0.043451 -0.034314 0.867411 0.494503
1777101509.246121168 -0.254179 -0.128215 -0.013484 0.043550 -0.034241 0.867936 0.493577
1777101509.250813961 -0.254532 -0.128208 -0.013716 0.043640 -0.034169 0.868362 0.492824
1777101509.256117105 -0.254931 -0.128204 -0.013980 0.043740 -0.034104 0.868860 0.491940
1777101509.260284185 -0.255246 -0.128196 -0.014190 0.043822 -0.034032 0.869250 0.491249
1777101509.262455702 -0.255412 -0.128188 -0.014300 0.043857 -0.033988 0.869452 0.490891
1777101509.262017488 -0.253044 -0.135203 -0.009744 0.044057 -0.034100 0.869291 0.491150
1777101509.266200781 -0.253348 -0.135239 -0.009930 0.044125 -0.034015 0.869681 0.490460
1777101509.270668507 -0.253678 -0.135272 -0.010130 0.044182 -0.033953 0.870098 0.489718
1777101509.276249170 -0.254099 -0.135302 -0.010381 0.044256 -0.033863 0.870611 0.488806
1777101509.280380249 -0.254419 -0.135320 -0.010566 0.044315 -0.033775 0.870995 0.488122
1777101509.286210299 -0.254891 -0.135344 -0.010831 0.044363 -0.033733 0.871534 0.487157
1777101509.290216923 -0.255228 -0.135356 -0.011015 0.044404 -0.033678 0.871899 0.486504
1777101509.296293497 -0.255754 -0.135367 -0.011298 0.044448 -0.033606 0.872434 0.485545
1777101509.300284863 -0.256106 -0.135372 -0.011489 0.044476 -0.033577 0.872783 0.484917
1777101509.306246758 -0.256636 -0.135371 -0.011780 0.044510 -0.033517 0.873293 0.483998
1777101509.310392380 -0.257007 -0.135368 -0.011984 0.044530 -0.033482 0.873640 0.483373
1777101509.316204548 -0.257528 -0.135360 -0.012272 0.044567 -0.033436 0.874128 0.482490
1777101509.320508718 -0.257913 -0.135352 -0.012488 0.044592 -0.033392 0.874489 0.481835
1777101509.326105595 -0.258413 -0.135338 -0.012768 0.044624 -0.033347 0.874946 0.481005
1777101509.330313206 -0.258786 -0.135324 -0.012977 0.044661 -0.033309 0.875300 0.480361
1777101509.336154938 -0.259304 -0.135304 -0.013267 0.044704 -0.033256 0.875772 0.479498
1777101509.340246201 -0.259669 -0.135289 -0.013469 0.044741 -0.033223 0.876103 0.478892
1777101509.346131325 -0.260199 -0.135267 -0.013764 0.044812 -0.033166 0.876595 0.477988
1777101509.350564003 -0.260606 -0.135246 -0.013991 0.044846 -0.033119 0.876958 0.477322
1777101509.356173515 -0.261129 -0.135213 -0.014279 0.044874 -0.033056 0.877418 0.476477
1777101509.360646725 -0.261550 -0.135184 -0.014509 0.044908 -0.033004 0.877805 0.475765
1777101509.362812996 -0.261756 -0.135169 -0.014622 0.044916 -0.032977 0.877990 0.475425
1777101509.363284826 -0.260072 -0.139289 -0.009456 0.044863 -0.032804 0.877973 0.475474
1777101509.366090775 -0.260332 -0.139283 -0.009582 0.044874 -0.032770 0.878212 0.475033
1777101509.370864630 -0.260779 -0.139272 -0.009797 0.044882 -0.032712 0.878615 0.474289
1777101509.376164675 -0.261284 -0.139261 -0.010036 0.044893 -0.032646 0.879090 0.473413
1777101509.380366802 -0.261694 -0.139255 -0.010229 0.044898 -0.032594 0.879454 0.472740
1777101509.386137724 -0.262263 -0.139250 -0.010491 0.044905 -0.032524 0.879951 0.471817
1777101509.390720129 -0.262718 -0.139252 -0.010698 0.044937 -0.032474 0.880365 0.471045
1777101509.396087170 -0.263260 -0.139255 -0.010943 0.044962 -0.032446 0.880832 0.470171
1777101509.400534630 -0.263714 -0.139254 -0.011148 0.044977 -0.032400 0.881214 0.469457
1777101509.405982494 -0.264279 -0.139258 -0.011405 0.044999 -0.032352 0.881706 0.468532
1777101509.410263538 -0.264731 -0.139267 -0.011610 0.045016 -0.032336 0.882080 0.467829
1777101509.416231394 -0.265367 -0.139277 -0.011899 0.045036 -0.032277 0.882611 0.466827
1777101509.420288324 -0.265805 -0.139284 -0.012098 0.045046 -0.032248 0.882982 0.466126
1777101509.426295757 -0.266452 -0.139292 -0.012395 0.045054 -0.032206 0.883504 0.465138
1777101509.430594444 -0.266910 -0.139293 -0.012606 0.045067 -0.032168 0.883886 0.464413
1777101509.436123610 -0.267494 -0.139292 -0.012880 0.045099 -0.032138 0.884378 0.463475
1777101509.440229177 -0.267929 -0.139287 -0.013085 0.045115 -0.032112 0.884731 0.462801
1777101509.446352720 -0.268584 -0.139275 -0.013397 0.045112 -0.032084 0.885248 0.461813
1777101509.450427532 -0.269020 -0.139266 -0.013606 0.045133 -0.032050 0.885585 0.461167
1777101509.455799818 -0.269593 -0.139250 -0.013887 0.045167 -0.032004 0.886027 0.460316
1777101509.460211039 -0.270067 -0.139232 -0.014123 0.045172 -0.031985 0.886379 0.459640
1777101509.462432146 -0.270306 -0.139220 -0.014243 0.045175 -0.031973 0.886551 0.459308
1777101509.563269377 -0.278400 -0.142756 -0.015307 0.045441 -0.030921 0.894504 0.443668
1777101509.566048384 -0.278672 -0.142763 -0.015461 0.045454 -0.030895 0.894739 0.443196
1777101509.570095301 -0.279064 -0.142775 -0.015688 0.045491 -0.030865 0.895071 0.442523
1777101509.575913906 -0.279621 -0.142792 -0.016013 0.045548 -0.030820 0.895540 0.441569
1777101509.580644608 -0.280074 -0.142802 -0.016279 0.045590 -0.030771 0.895911 0.440816
1777101509.586271286 -0.280605 -0.142818 -0.016594 0.045625 -0.030735 0.896329 0.439964
1777101509.590368986 -0.280983 -0.142839 -0.016819 0.045651 -0.030710 0.896633 0.439343
1777101509.596173048 -0.281518 -0.142873 -0.017139 0.045725 -0.030687 0.897071 0.438443
1777101509.600557566 -0.281929 -0.142897 -0.017384 0.045781 -0.030669 0.897401 0.437762
1777101509.606138468 -0.282456 -0.142932 -0.017699 0.045803 -0.030653 0.897805 0.436930
1777101509.610372305 -0.282855 -0.142965 -0.017938 0.045819 -0.030642 0.898112 0.436299
1777101509.616295338 -0.283410 -0.143018 -0.018272 0.045857 -0.030645 0.898557 0.435378
1777101509.620568514 -0.283809 -0.143059 -0.018514 0.045884 -0.030648 0.898877 0.434714
1777101509.626160860 -0.284332 -0.143109 -0.018834 0.045906 -0.030617 0.899291 0.433857
1777101509.630571365 -0.284747 -0.143138 -0.019089 0.045924 -0.030593 0.899616 0.433181
1777101509.636229992 -0.285273 -0.143175 -0.019416 0.045935 -0.030580 0.900015 0.432352
1777101509.640460730 -0.285655 -0.143207 -0.019655 0.045942 -0.030571 0.900312 0.431732
1777101509.646121979 -0.286161 -0.143246 -0.019976 0.045986 -0.030552 0.900711 0.430895
1777101509.650503159 -0.286553 -0.143267 -0.020228 0.046020 -0.030536 0.901020 0.430247
1777101509.656321049 -0.287072 -0.143293 -0.020565 0.046060 -0.030492 0.901422 0.429403
1777101509.660175562 -0.287412 -0.143314 -0.020789 0.046086 -0.030462 0.901688 0.428843
1777101509.662602425 -0.287625 -0.143329 -0.020931 0.046111 -0.030450 0.901866 0.428467
1777101509.663266182 -0.283432 -0.151641 -0.011988 0.046352 -0.030582 0.901766 0.428642
1777101509.666347742 -0.283678 -0.151707 -0.012128 0.046383 -0.030566 0.901992 0.428165
1777101509.670141697 -0.283979 -0.151791 -0.012300 0.046422 -0.030546 0.902269 0.427577
1777101509.676320076 -0.284470 -0.151924 -0.012585 0.046470 -0.030492 0.902755 0.426550
1777101509.680318832 -0.284788 -0.152004 -0.012775 0.046501 -0.030457 0.903068 0.425885
1777101509.686143398 -0.285244 -0.152119 -0.013053 0.046585 -0.030379 0.903537 0.424886
1777101509.690681934 -0.285590 -0.152211 -0.013269 0.046651 -0.030318 0.903901 0.424107
1777101509.696235180 -0.286013 -0.152320 -0.013533 0.046716 -0.030269 0.904347 0.423152
1777101509.700480461 -0.286344 -0.152396 -0.013734 0.046766 -0.030232 0.904687 0.422422
1777101509.706226110 -0.286796 -0.152498 -0.014008 0.046831 -0.030171 0.905157 0.421410
1777101509.710246325 -0.287113 -0.152572 -0.014202 0.046877 -0.030129 0.905486 0.420702
1777101509.716209173 -0.287589 -0.152679 -0.014495 0.046969 -0.030073 0.905959 0.419677
1777101509.720425606 -0.287931 -0.152747 -0.014705 0.047035 -0.030033 0.906292 0.418951
1777101509.726182461 -0.288405 -0.152833 -0.014996 0.047072 -0.029968 0.906724 0.418016
1777101509.730340481 -0.288752 -0.152891 -0.015208 0.047099 -0.029921 0.907036 0.417339
1777101509.736280441 -0.289252 -0.152966 -0.015515 0.047169 -0.029869 0.907481 0.416366
1777101509.740618229 -0.289617 -0.153013 -0.015740 0.047220 -0.029830 0.907806 0.415655
1777101509.746092319 -0.290081 -0.153067 -0.016028 0.047234 -0.029808 0.908200 0.414793
1777101509.750464916 -0.290456 -0.153106 -0.016260 0.047253 -0.029791 0.908510 0.414114
1777101509.756101847 -0.290938 -0.153151 -0.016564 0.047278 -0.029754 0.908901 0.413254
1777101509.760552645 -0.291312 -0.153182 -0.016804 0.047307 -0.029732 0.909206 0.412581
1777101509.762660503 -0.291488 -0.153195 -0.016918 0.047325 -0.029719 0.909349 0.412264
1777101509.762437344 -0.288712 -0.156956 -0.010998 0.047210 -0.029507 0.909261 0.412487
1777101509.766292810 -0.289016 -0.156993 -0.011178 0.047244 -0.029485 0.909522 0.411907
1777101509.770167589 -0.289319 -0.157027 -0.011361 0.047278 -0.029462 0.909785 0.411324
1777101509.776245594 -0.289786 -0.157075 -0.011649 0.047283 -0.029447 0.910177 0.410457
1777101509.780484200 -0.290101 -0.157107 -0.011848 0.047322 -0.029412 0.910457 0.409833
1777101509.786242962 -0.290519 -0.157137 -0.012120 0.047375 -0.029374 0.910829 0.409002
1777101509.790228605 -0.290803 -0.157143 -0.012311 0.047411 -0.029347 0.911087 0.408427
1777101509.796111584 -0.291212 -0.157140 -0.012592 0.047474 -0.029257 0.911446 0.407624
1777101509.800680876 -0.291522 -0.157131 -0.012810 0.047530 -0.029190 0.911728 0.406991
1777101509.806311607 -0.291902 -0.157118 -0.013080 0.047592 -0.029115 0.912071 0.406219
1777101509.810320854 -0.292173 -0.157108 -0.013273 0.047644 -0.029047 0.912325 0.405648
1777101509.816195011 -0.292572 -0.157095 -0.013563 0.047726 -0.028944 0.912715 0.404766
1777101509.820620537 -0.292874 -0.157085 -0.013788 0.047771 -0.028874 0.913009 0.404103
1777101509.826258659 -0.293256 -0.157074 -0.014076 0.047845 -0.028754 0.913396 0.403226
1777101509.830364943 -0.293532 -0.157071 -0.014287 0.047903 -0.028684 0.913693 0.402551
1777101509.836179733 -0.293929 -0.157071 -0.014591 0.047963 -0.028604 0.914113 0.401596
1777101509.840324402 -0.294217 -0.157076 -0.014807 0.048011 -0.028546 0.914417 0.400901
1777101509.846182585 -0.294633 -0.157088 -0.015115 0.048078 -0.028489 0.914858 0.399891
1777101509.850832462 -0.294972 -0.157095 -0.015363 0.048116 -0.028435 0.915201 0.399104
1777101509.856042147 -0.295354 -0.157100 -0.015642 0.048164 -0.028362 0.915575 0.398243
1777101509.860404253 -0.295673 -0.157103 -0.015876 0.048230 -0.028305 0.915895 0.397503
1777101509.862426519 -0.295821 -0.157104 -0.015986 0.048253 -0.028283 0.916037 0.397176
1777101509.862221718 -0.293293 -0.161457 -0.010298 0.048138 -0.028216 0.915928 0.397445
1777101509.866294861 -0.293579 -0.161480 -0.010490 0.048185 -0.028171 0.916213 0.396785
1777101509.870836973 -0.293899 -0.161505 -0.010706 0.048240 -0.028102 0.916538 0.396032
1777101509.876335621 -0.294291 -0.161542 -0.010971 0.048321 -0.028033 0.916942 0.395091
1777101509.880254745 -0.294576 -0.161570 -0.011163 0.048369 -0.027984 0.917229 0.394420
1777101509.886195183 -0.295014 -0.161607 -0.011455 0.048416 -0.027909 0.917665 0.393405
1777101509.890169144 -0.295306 -0.161629 -0.011651 0.048456 -0.027853 0.917967 0.392699
1777101509.896182060 -0.295749 -0.161657 -0.011948 0.048517 -0.027764 0.918416 0.391648
1777101509.900529623 -0.296069 -0.161671 -0.012160 0.048557 -0.027683 0.918742 0.390883
1777101509.906342983 -0.296500 -0.161692 -0.012447 0.048611 -0.027582 0.919187 0.389835
1777101509.910679102 -0.296823 -0.161711 -0.012663 0.048653 -0.027504 0.919506 0.389082
1777101509.916204691 -0.297232 -0.161745 -0.012941 0.048723 -0.027387 0.919922 0.388096
1777101509.920400143 -0.297542 -0.161778 -0.013154 0.048783 -0.027310 0.920242 0.387336
1777101509.926363707 -0.297985 -0.161823 -0.013458 0.048859 -0.027190 0.920684 0.386283
1777101509.930602789 -0.298303 -0.161857 -0.013675 0.048915 -0.027100 0.920996 0.385539
1777101509.936118126 -0.298720 -0.161907 -0.013956 0.048994 -0.027007 0.921405 0.384557
1777101509.940352917 -0.299047 -0.161948 -0.014172 0.049046 -0.026943 0.921716 0.383807
1777101509.946417809 -0.299528 -0.162016 -0.014486 0.049109 -0.026847 0.922162 0.382734
1777101509.950628042 -0.299873 -0.162074 -0.014709 0.049137 -0.026800 0.922472 0.381985
1777101509.956094503 -0.300330 -0.162159 -0.015002 0.049167 -0.026740 0.922869 0.381024
1777101509.960333586 -0.300685 -0.162235 -0.015233 0.049202 -0.026693 0.923188 0.380251
1777101509.962476969 -0.300865 -0.162277 -0.015351 0.049222 -0.026677 0.923349 0.379858
1777101509.962250948 -0.298313 -0.166210 -0.010402 0.049150 -0.026512 0.923259 0.380098
1777101509.966299295 -0.298639 -0.166317 -0.010601 0.049186 -0.026483 0.923563 0.379356
1777101509.970834732 -0.299007 -0.166444 -0.010826 0.049238 -0.026442 0.923897 0.378537
1777101509.976299763 -0.299457 -0.166610 -0.011101 0.049278 -0.026418 0.924311 0.377521
1777101509.980339289 -0.299795 -0.166740 -0.011307 0.049305 -0.026413 0.924610 0.376787
1777101509.986133575 -0.300281 -0.166935 -0.011600 0.049363 -0.026373 0.925039 0.375726
1777101509.990331411 -0.300634 -0.167082 -0.011813 0.049405 -0.026368 0.925352 0.374949
1777101509.996041536 -0.301118 -0.167284 -0.012102 0.049444 -0.026363 0.925770 0.373913
1777101510.000331402 -0.301484 -0.167435 -0.012317 0.049468 -0.026355 0.926075 0.373153
1777101510.006272078 -0.301989 -0.167650 -0.012616 0.049511 -0.026356 0.926502 0.372086
1777101510.010622501 -0.302357 -0.167811 -0.012838 0.049544 -0.026357 0.926808 0.371320
1777101510.016167879 -0.302826 -0.168020 -0.013125 0.049575 -0.026371 0.927186 0.370368
1777101510.020391703 -0.303184 -0.168181 -0.013346 0.049602 -0.026379 0.927482 0.369623
1777101510.026268244 -0.303688 -0.168403 -0.013657 0.049631 -0.026390 0.927869 0.368646
1777101510.030354023 -0.304043 -0.168552 -0.013874 0.049646 -0.026395 0.928134 0.367976
1777101510.036369562 -0.304568 -0.168765 -0.014196 0.049686 -0.026405 0.928520 0.366995
1777101510.040602207 -0.304943 -0.168907 -0.014424 0.049702 -0.026406 0.928776 0.366343
1777101510.046280384 -0.305451 -0.169090 -0.014730 0.049700 -0.026425 0.929114 0.365483
1777101510.050748825 -0.305851 -0.169230 -0.014969 0.049708 -0.026428 0.929377 0.364815
1777101510.056364536 -0.306349 -0.169403 -0.015275 0.049719 -0.026439 0.929712 0.363958
1777101510.060513735 -0.306716 -0.169529 -0.015505 0.049723 -0.026464 0.929952 0.363341
1777101510.062315226 -0.306876 -0.169584 -0.015604 0.049731 -0.026470 0.930056 0.363074
1777101510.062389851 -0.305071 -0.174456 -0.010094 0.049628 -0.026483 0.929964 0.363322
1777101510.066350460 -0.305412 -0.174605 -0.010280 0.049645 -0.026496 0.930192 0.362734
1777101510.071192503 -0.305832 -0.174780 -0.010504 0.049661 -0.026494 0.930475 0.362006
1777101510.076415062 -0.306291 -0.174962 -0.010748 0.049649 -0.026509 0.930771 0.361246
1777101510.080423594 -0.306642 -0.175098 -0.010935 0.049661 -0.026506 0.931004 0.360642
1777101510.086272955 -0.307152 -0.175290 -0.011209 0.049710 -0.026480 0.931351 0.359739
1777101510.090756655 -0.307547 -0.175427 -0.011423 0.049726 -0.026468 0.931609 0.359070
1777101510.096071005 -0.308022 -0.175583 -0.011679 0.049710 -0.026474 0.931916 0.358274
1777101510.101608515 -0.308519 -0.175745 -0.011946 0.049728 -0.026448 0.932249 0.357405
1777101510.106199503 -0.308930 -0.175882 -0.012174 0.049748 -0.026427 0.932528 0.356678
1777101510.110756159 -0.309339 -0.176022 -0.012406 0.049771 -0.026418 0.932813 0.355929
1777101510.116315603 -0.309841 -0.176194 -0.012691 0.049807 -0.026419 0.933164 0.355001
1777101510.120619059 -0.310236 -0.176320 -0.012913 0.049822 -0.026400 0.933442 0.354269
1777101510.126384497 -0.310772 -0.176485 -0.013220 0.049811 -0.026379 0.933808 0.353307
1777101510.130309582 -0.311136 -0.176597 -0.013432 0.049822 -0.026359 0.934061 0.352638
1777101510.136305094 -0.311687 -0.176768 -0.013755 0.049867 -0.026312 0.934463 0.351568
1777101510.140393496 -0.312063 -0.176880 -0.013978 0.049884 -0.026305 0.934727 0.350864
1777101510.146274090 -0.312598 -0.177024 -0.014299 0.049894 -0.026272 0.935100 0.349868
1777101510.150610685 -0.312980 -0.177121 -0.014533 0.049924 -0.026227 0.935377 0.349126
1777101510.156322241 -0.313469 -0.177232 -0.014839 0.049967 -0.026192 0.935723 0.348194
1777101510.160425186 -0.313813 -0.177301 -0.015058 0.050004 -0.026147 0.935964 0.347544
1777101510.162027597 -0.313946 -0.177325 -0.015144 0.050023 -0.026124 0.936056 0.347297
1777101510.162230015 -0.310813 -0.182946 -0.010284 0.050029 -0.026083 0.935984 0.347491
1777101510.166293144 -0.311125 -0.183038 -0.010473 0.050077 -0.026025 0.936216 0.346864
1777101510.170671701 -0.311460 -0.183128 -0.010677 0.050131 -0.025957 0.936458 0.346208
1777101510.176204443 -0.311882 -0.183222 -0.010937 0.050177 -0.025863 0.936757 0.345399
1777101510.180351257 -0.312198 -0.183284 -0.011132 0.050212 -0.025792 0.936981 0.344790
1777101510.186158419 -0.312640 -0.183358 -0.011408 0.050256 -0.025707 0.937290 0.343949
1777101510.190523624 -0.312975 -0.183405 -0.011618 0.050260 -0.025647 0.937522 0.343319
1777101510.196372032 -0.313428 -0.183468 -0.011905 0.050257 -0.025587 0.937832 0.342478
1777101510.200346708 -0.313735 -0.183511 -0.012100 0.050260 -0.025554 0.938042 0.341904
1777101510.206067562 -0.314169 -0.183564 -0.012380 0.050278 -0.025474 0.938344 0.341076
1777101510.210611105 -0.314512 -0.183601 -0.012605 0.050298 -0.025434 0.938573 0.340447
1777101510.216147423 -0.314935 -0.183638 -0.012883 0.050301 -0.025415 0.938835 0.339723
1777101510.220463753 -0.315267 -0.183659 -0.013100 0.050308 -0.025362 0.939036 0.339170
1777101510.226380348 -0.315722 -0.183689 -0.013401 0.050319 -0.025313 0.939307 0.338422
1777101510.230618715 -0.316047 -0.183717 -0.013620 0.050344 -0.025285 0.939504 0.337874
1777101510.236206055 -0.316479 -0.183758 -0.013914 0.050373 -0.025264 0.939771 0.337128
1777101510.240287781 -0.316800 -0.183790 -0.014130 0.050389 -0.025258 0.939964 0.336585
1777101510.246384382 -0.317287 -0.183840 -0.014455 0.050379 -0.025263 0.940266 0.335743
1777101510.250830889 -0.317643 -0.183877 -0.014697 0.050372 -0.025289 0.940498 0.335091
1777101510.256317854 -0.318078 -0.183914 -0.014997 0.050382 -0.025292 0.940788 0.334274
1777101510.260595798 -0.318414 -0.183930 -0.015234 0.050377 -0.025304 0.941015 0.333635
1777101510.262368441 -0.318554 -0.183933 -0.015333 0.050370 -0.025301 0.941106 0.333379
1777101510.261944532 -0.316433 -0.188845 -0.009404 0.050292 -0.025272 0.941022 0.333631
1777101510.266416311 -0.316768 -0.188880 -0.009621 0.050275 -0.025267 0.941252 0.332985
1777101510.270573378 -0.317072 -0.188902 -0.009826 0.050272 -0.025253 0.941461 0.332395
1777101510.276229382 -0.317468 -0.188914 -0.010103 0.050295 -0.025196 0.941740 0.331605
1777101510.280232906 -0.317735 -0.188911 -0.010299 0.050325 -0.025142 0.941934 0.331052
1777101510.286133289 -0.318111 -0.188897 -0.010590 0.050393 -0.025039 0.942212 0.330257
1777101510.290577650 -0.318379 -0.188877 -0.010808 0.050466 -0.024937 0.942423 0.329652
1777101510.296331167 -0.318721 -0.188839 -0.011090 0.050551 -0.024834 0.942693 0.328873
1777101510.300889969 -0.318992 -0.188804 -0.011313 0.050598 -0.024748 0.942912 0.328244
1777101510.306195259 -0.319304 -0.188763 -0.011569 0.050665 -0.024640 0.943179 0.327475
1777101510.310199738 -0.319535 -0.188729 -0.011760 0.050722 -0.024551 0.943385 0.326877
1777101510.316162825 -0.319878 -0.188673 -0.012045 0.050801 -0.024419 0.943696 0.325978
1777101510.320655584 -0.320141 -0.188623 -0.012263 0.050838 -0.024332 0.943924 0.325317
1777101510.326373577 -0.320480 -0.188552 -0.012544 0.050886 -0.024180 0.944219 0.324463
1777101510.330363512 -0.320720 -0.188500 -0.012742 0.050913 -0.024088 0.944416 0.323892
1777101510.336200714 -0.321078 -0.188430 -0.013036 0.050963 -0.023942 0.944716 0.323020
1777101510.340416908 -0.321341 -0.188383 -0.013252 0.051008 -0.023845 0.944929 0.322397
1777101510.346434116 -0.321718 -0.188316 -0.013561 0.051076 -0.023683 0.945232 0.321508
1777101510.350543022 -0.321979 -0.188274 -0.013772 0.051115 -0.023597 0.945434 0.320911
1777101510.356030226 -0.322329 -0.188224 -0.014054 0.051164 -0.023504 0.945711 0.320095
1777101510.360523224 -0.322616 -0.188190 -0.014289 0.051209 -0.023415 0.945939 0.319419
1777101510.362771273 -0.322761 -0.188177 -0.014407 0.051232 -0.023383 0.946053 0.319081
1777101510.362547398 -0.319978 -0.193485 -0.010243 0.051109 -0.023359 0.945972 0.319342
1777101510.366365910 -0.320212 -0.193502 -0.010424 0.051146 -0.023305 0.946165 0.318766
1777101510.370455980 -0.320466 -0.193531 -0.010619 0.051189 -0.023246 0.946377 0.318135
1777101510.376466274 -0.320844 -0.193582 -0.010909 0.051244 -0.023152 0.946700 0.317171
1777101510.380619049 -0.321106 -0.193622 -0.011113 0.051279 -0.023090 0.946918 0.316519
1777101510.386372805 -0.321471 -0.193684 -0.011396 0.051338 -0.023018 0.947222 0.315602
1777101510.390542030 -0.321736 -0.193733 -0.011604 0.051390 -0.022952 0.947447 0.314923
1777101510.396106005 -0.322096 -0.193807 -0.011885 0.051453 -0.022863 0.947745 0.314020
1777101510.400733232 -0.322405 -0.193879 -0.012121 0.051492 -0.022809 0.947994 0.313266
1777101510.406259298 -0.322777 -0.193976 -0.012403 0.051551 -0.022722 0.948302 0.312330
1777101510.410318375 -0.323053 -0.194052 -0.012610 0.051590 -0.022666 0.948527 0.311643
1777101510.416272163 -0.323463 -0.194179 -0.012917 0.051641 -0.022600 0.948862 0.310617
1777101510.420350552 -0.323746 -0.194277 -0.013129 0.051682 -0.022570 0.949090 0.309917
1777101510.426405191 -0.324174 -0.194435 -0.013446 0.051731 -0.022501 0.949443 0.308830
1777101510.430637360 -0.324483 -0.194555 -0.013671 0.051744 -0.022490 0.949683 0.308090
1777101510.436406612 -0.324910 -0.194724 -0.013978 0.051777 -0.022455 0.950016 0.307058
1777101510.440642595 -0.325230 -0.194849 -0.014206 0.051796 -0.022431 0.950256 0.306314
1777101510.446320772 -0.325667 -0.195015 -0.014514 0.051809 -0.022409 0.950560 0.305366
1777101510.450728178 -0.326008 -0.195143 -0.014750 0.051831 -0.022394 0.950792 0.304643
1777101510.456052780 -0.326421 -0.195300 -0.015035 0.051854 -0.022367 0.951071 0.303766
1777101510.460286379 -0.326753 -0.195428 -0.015264 0.051856 -0.022363 0.951290 0.303081
1777101510.462385178 -0.326916 -0.195492 -0.015378 0.051868 -0.022358 0.951396 0.302745
1777101510.462296247 -0.324684 -0.198282 -0.009653 0.051789 -0.022106 0.951354 0.302911
1777101510.466403246 -0.324984 -0.198422 -0.009842 0.051813 -0.022097 0.951562 0.302253
1777101510.470890760 -0.325309 -0.198577 -0.010049 0.051851 -0.022078 0.951796 0.301511
1777101510.476460934 -0.325714 -0.198766 -0.010310 0.051879 -0.022078 0.952083 0.300597
1777101510.480365276 -0.326001 -0.198895 -0.010495 0.051893 -0.022073 0.952282 0.299966
1777101510.486339569 -0.326439 -0.199089 -0.010780 0.051915 -0.022045 0.952591 0.298981
1777101510.490762472 -0.326764 -0.199233 -0.010993 0.051929 -0.022039 0.952818 0.298255
1777101510.496176958 -0.327158 -0.199410 -0.011255 0.051970 -0.022014 0.953095 0.297363
1777101510.500548363 -0.327474 -0.199547 -0.011468 0.052010 -0.021979 0.953325 0.296621
1777101510.506429434 -0.327908 -0.199717 -0.011755 0.052037 -0.021933 0.953626 0.295649
1777101510.510678053 -0.328225 -0.199832 -0.011964 0.052054 -0.021891 0.953842 0.294951
1777101510.516023159 -0.328621 -0.199971 -0.012225 0.052094 -0.021837 0.954120 0.294047
1777101510.520259142 -0.328935 -0.200080 -0.012432 0.052132 -0.021792 0.954341 0.293328
1777101510.526223421 -0.329382 -0.200238 -0.012727 0.052183 -0.021731 0.954654 0.292301
1777101510.530726910 -0.329727 -0.200356 -0.012954 0.052198 -0.021689 0.954898 0.291503
1777101510.536447048 -0.330172 -0.200501 -0.013247 0.052214 -0.021622 0.955203 0.290506
1777101510.540350437 -0.330475 -0.200598 -0.013447 0.052236 -0.021585 0.955413 0.289812
1777101510.546355009 -0.330944 -0.200742 -0.013758 0.052287 -0.021524 0.955743 0.288718
1777101510.550883293 -0.331304 -0.200845 -0.013991 0.052315 -0.021478 0.955984 0.287916
1777101510.559059381 -0.331972 -0.201034 -0.014418 0.052336 -0.021389 0.956430 0.286436
1777101510.560591221 -0.332099 -0.201072 -0.014499 0.052342 -0.021378 0.956512 0.286159
1777101510.562814951 -0.332283 -0.201127 -0.014617 0.052354 -0.021359 0.956632 0.285759
1777101510.562556744 -0.328987 -0.206305 -0.010240 0.052324 -0.021399 0.956533 0.286092
1777101510.568068027 -0.329412 -0.206489 -0.010500 0.052353 -0.021352 0.956829 0.285099
1777101510.570529938 -0.329601 -0.206572 -0.010618 0.052367 -0.021346 0.956962 0.284651
1777101510.576262712 -0.330040 -0.206755 -0.010892 0.052414 -0.021314 0.957264 0.283627
1777101510.580766201 -0.330383 -0.206888 -0.011110 0.052432 -0.021285 0.957498 0.282836
1777101510.586230755 -0.330798 -0.207041 -0.011381 0.052456 -0.021262 0.957773 0.281900
1777101510.590707064 -0.331136 -0.207161 -0.011607 0.052489 -0.021232 0.957999 0.281127
1777101510.596082211 -0.331546 -0.207297 -0.011881 0.052532 -0.021186 0.958258 0.280239
1777101510.600376606 -0.331877 -0.207399 -0.012103 0.052552 -0.021159 0.958462 0.279537
1777101510.606331110 -0.332342 -0.207525 -0.012410 0.052571 -0.021116 0.958736 0.278594
1777101510.610585451 -0.332675 -0.207605 -0.012628 0.052577 -0.021079 0.958932 0.277923
1777101510.616416216 -0.333125 -0.207711 -0.012924 0.052601 -0.021039 0.959198 0.277002
1777101510.620407104 -0.333431 -0.207781 -0.013127 0.052637 -0.020997 0.959380 0.276368
1777101510.626482010 -0.333899 -0.207883 -0.013438 0.052657 -0.020930 0.959655 0.275410
1777101510.630713224 -0.334228 -0.207954 -0.013657 0.052655 -0.020902 0.959845 0.274751
1777101510.636247635 -0.334649 -0.208044 -0.013944 0.052685 -0.020821 0.960098 0.273865
1777101510.640416622 -0.334961 -0.208112 -0.014159 0.052712 -0.020763 0.960287 0.273200
1777101510.646439075 -0.335412 -0.208205 -0.014469 0.052745 -0.020694 0.960560 0.272240
1777101510.650860071 -0.335744 -0.208268 -0.014695 0.052772 -0.020625 0.960763 0.271523
1777101510.656289339 -0.336158 -0.208343 -0.014972 0.052791 -0.020537 0.961010 0.270648
1777101510.660411358 -0.336475 -0.208402 -0.015184 0.052803 -0.020492 0.961198 0.269982
1777101510.662579775 -0.336641 -0.208435 -0.015295 0.052821 -0.020454 0.961300 0.269619
1777101510.662397385 -0.334827 -0.210714 -0.009918 0.052558 -0.020266 0.961285 0.269736
1777101510.666435957 -0.335126 -0.210787 -0.010096 0.052591 -0.020195 0.961475 0.269059
1777101510.670339823 -0.335415 -0.210862 -0.010270 0.052623 -0.020133 0.961662 0.268386
1777101510.676251173 -0.335861 -0.210982 -0.010538 0.052638 -0.020080 0.961943 0.267380
1777101510.680987358 -0.336216 -0.211084 -0.010757 0.052663 -0.019999 0.962179 0.266530
1777101510.686402321 -0.336617 -0.211212 -0.011011 0.052701 -0.019914 0.962452 0.265541
1777101510.690910101 -0.336953 -0.211325 -0.011226 0.052728 -0.019867 0.962681 0.264710
1777101510.696439266 -0.337364 -0.211471 -0.011494 0.052777 -0.019776 0.962967 0.263662
1777101510.700664520 -0.337679 -0.211589 -0.011702 0.052815 -0.019713 0.963183 0.262870
1777101510.706254005 -0.338103 -0.211748 -0.011981 0.052838 -0.019661 0.963464 0.261836
1777101510.710748434 -0.338444 -0.211881 -0.012208 0.052867 -0.019616 0.963694 0.260986
1777101510.716311932 -0.338859 -0.212051 -0.012491 0.052924 -0.019560 0.963976 0.259935
1777101510.720886230 -0.339200 -0.212193 -0.012726 0.052961 -0.019543 0.964204 0.259084
1777101510.726330519 -0.339601 -0.212358 -0.013010 0.053013 -0.019504 0.964472 0.258075
1777101510.730228186 -0.339885 -0.212474 -0.013214 0.053057 -0.019467 0.964661 0.257362
1777101510.736215830 -0.340332 -0.212643 -0.013529 0.053076 -0.019446 0.964940 0.256313
1777101510.740565777 -0.340660 -0.212757 -0.013759 0.053094 -0.019404 0.965137 0.255570
1777101510.746526480 -0.341108 -0.212904 -0.014071 0.053115 -0.019348 0.965398 0.254579
1777101510.750669241 -0.341419 -0.213000 -0.014289 0.053130 -0.019329 0.965575 0.253906
1777101510.756404400 -0.341843 -0.213124 -0.014587 0.053160 -0.019275 0.965816 0.252987
1777101510.760629654 -0.342150 -0.213210 -0.014804 0.053182 -0.019226 0.965992 0.252314
1777101510.762439013 -0.342281 -0.213247 -0.014897 0.053188 -0.019220 0.966065 0.252030
1777101510.762337446 -0.339841 -0.216063 -0.009040 0.053142 -0.019016 0.966011 0.252263
1777101510.766331434 -0.340117 -0.216161 -0.009213 0.053155 -0.019002 0.966174 0.251636
1777101510.770396709 -0.340395 -0.216264 -0.009389 0.053185 -0.018983 0.966336 0.251011
1777101510.776149035 -0.340786 -0.216406 -0.009641 0.053238 -0.018913 0.966574 0.250084
1777101510.780365944 -0.341078 -0.216508 -0.009830 0.053254 -0.018897 0.966746 0.249418
1777101510.786386967 -0.341493 -0.216644 -0.010099 0.053269 -0.018868 0.966987 0.248482
1777101510.790795803 -0.341792 -0.216734 -0.010294 0.053303 -0.018803 0.967169 0.247769
1777101510.796258211 -0.342169 -0.216840 -0.010542 0.053325 -0.018752 0.967388 0.246912
1777101510.800448895 -0.342463 -0.216918 -0.010736 0.053337 -0.018708 0.967552 0.246268
1777101510.806064129 -0.342859 -0.217019 -0.010998 0.053372 -0.018609 0.967788 0.245338
1777101510.810652971 -0.343191 -0.217102 -0.011217 0.053378 -0.018544 0.967975 0.244605
1777101510.816078186 -0.343581 -0.217203 -0.011476 0.053393 -0.018487 0.968193 0.243740
1777101510.820333481 -0.343880 -0.217284 -0.011677 0.053440 -0.018424 0.968379 0.242997
1777101510.826346159 -0.344309 -0.217406 -0.011971 0.053496 -0.018358 0.968638 0.241952
1777101510.830781937 -0.344634 -0.217499 -0.012192 0.053514 -0.018316 0.968826 0.241198
1777101510.836474657 -0.345052 -0.217626 -0.012477 0.053555 -0.018226 0.969087 0.240145
1777101510.840457916 -0.345346 -0.217721 -0.012681 0.053590 -0.018180 0.969266 0.239420
1777101510.846498251 -0.345798 -0.217863 -0.012995 0.053632 -0.018133 0.969531 0.238336
1777101510.850899935 -0.346129 -0.217960 -0.013223 0.053669 -0.018068 0.969731 0.237519
1777101510.856341362 -0.346543 -0.218074 -0.013511 0.053698 -0.017999 0.969969 0.236541
1777101510.860437155 -0.346858 -0.218158 -0.013730 0.053719 -0.017961 0.970149 0.235803
1777101510.862308025 -0.347000 -0.218196 -0.013830 0.053742 -0.017939 0.970230 0.235465
1777101510.862197638 -0.343263 -0.224617 -0.008643 0.053774 -0.018107 0.970182 0.235641
1777101510.866495132 -0.343561 -0.224752 -0.008840 0.053826 -0.018058 0.970369 0.234863
1777101510.870721340 -0.343859 -0.224881 -0.009035 0.053873 -0.018006 0.970552 0.234100
1777101510.876126051 -0.344252 -0.225041 -0.009292 0.053894 -0.017983 0.970770 0.233192
1777101510.880334377 -0.344560 -0.225157 -0.009493 0.053911 -0.017942 0.970939 0.232484
1777101510.886280537 -0.344991 -0.225311 -0.009773 0.053965 -0.017852 0.971179 0.231474
1777101510.890265942 -0.345284 -0.225409 -0.009961 0.053995 -0.017831 0.971333 0.230822
1777101510.896046638 -0.345721 -0.225539 -0.010235 0.054017 -0.017778 0.971551 0.229903
1777101510.900708437 -0.346084 -0.225636 -0.010455 0.054025 -0.017715 0.971720 0.229187
1777101510.906437159 -0.346542 -0.225753 -0.010729 0.054013 -0.017664 0.971926 0.228322
1777101510.910602093 -0.346876 -0.225836 -0.010929 0.054006 -0.017637 0.972076 0.227684
1777101510.916202784 -0.347321 -0.225940 -0.011193 0.054020 -0.017567 0.972283 0.226804
1777101510.920482874 -0.347662 -0.226014 -0.011395 0.054027 -0.017522 0.972437 0.226142
1777101510.926301956 -0.348132 -0.226106 -0.011672 0.054013 -0.017488 0.972642 0.225266
1777101510.930734396 -0.348495 -0.226170 -0.011884 0.054005 -0.017444 0.972800 0.224586
1777101510.936517954 -0.348971 -0.226255 -0.012163 0.054011 -0.017381 0.973003 0.223710
1777101510.940359592 -0.349289 -0.226310 -0.012351 0.054013 -0.017339 0.973137 0.223128
1777101510.946268320 -0.349785 -0.226391 -0.012645 0.054004 -0.017255 0.973345 0.222226
1777101510.950918198 -0.350178 -0.226449 -0.012878 0.054003 -0.017172 0.973508 0.221520
1777101510.956354141 -0.350636 -0.226513 -0.013155 0.054007 -0.017080 0.973700 0.220681
1777101510.960584879 -0.350992 -0.226563 -0.013375 0.054014 -0.017011 0.973851 0.220016
1777101510.962441444 -0.351148 -0.226586 -0.013471 0.054021 -0.016980 0.973919 0.219714
1777101510.962525129 -0.348197 -0.230145 -0.008787 0.053984 -0.016805 0.973867 0.219971
1777101510.966109037 -0.348481 -0.230208 -0.008949 0.053998 -0.016745 0.973998 0.219389
1777101510.970402002 -0.348823 -0.230288 -0.009144 0.054012 -0.016685 0.974161 0.218668
1777101510.976463079 -0.349312 -0.230411 -0.009423 0.054011 -0.016590 0.974392 0.217640
1777101510.980657578 -0.349650 -0.230503 -0.009619 0.054026 -0.016516 0.974556 0.216910
1777101510.986379862 -0.350108 -0.230637 -0.009887 0.054066 -0.016423 0.974782 0.215887
1777101510.990341902 -0.350428 -0.230733 -0.010075 0.054083 -0.016359 0.974941 0.215167
1777101510.996265173 -0.350912 -0.230882 -0.010362 0.054094 -0.016279 0.975178 0.214097
1777101511.000500679 -0.351259 -0.230995 -0.010570 0.054110 -0.016218 0.975350 0.213309
1777101511.006246328 -0.351730 -0.231155 -0.010858 0.054139 -0.016116 0.975586 0.212228
1777101511.010527611 -0.352083 -0.231281 -0.011074 0.054161 -0.016063 0.975760 0.211425
1777101511.016299725 -0.352566 -0.231456 -0.011365 0.054188 -0.015999 0.975996 0.210330
1777101511.020438194 -0.352918 -0.231585 -0.011575 0.054196 -0.015952 0.976165 0.209546
1777101511.026345491 -0.353426 -0.231774 -0.011875 0.054194 -0.015901 0.976403 0.208442
1777101511.030440807 -0.353775 -0.231911 -0.012084 0.054206 -0.015869 0.976568 0.207666
1777101511.036482573 -0.354286 -0.232117 -0.012393 0.054244 -0.015815 0.976818 0.206482
1777101511.040666342 -0.354642 -0.232261 -0.012610 0.054257 -0.015778 0.976985 0.205689
1777101511.046384096 -0.355132 -0.232460 -0.012907 0.054250 -0.015740 0.977209 0.204627
1777101511.050658941 -0.355495 -0.232609 -0.013129 0.054258 -0.015690 0.977381 0.203806
1777101511.056400776 -0.355980 -0.232816 -0.013431 0.054277 -0.015630 0.977608 0.202713
1777101511.060704231 -0.356344 -0.232972 -0.013658 0.054289 -0.015610 0.977774 0.201907
1777101511.062516689 -0.356498 -0.233036 -0.013753 0.054293 -0.015588 0.977846 0.201559
1777101511.062101841 -0.353431 -0.238639 -0.009587 0.054206 -0.015698 0.977802 0.201786
1777101511.066354036 -0.353773 -0.238829 -0.009784 0.054215 -0.015646 0.977971 0.200969
1777101511.070473671 -0.354104 -0.239012 -0.009973 0.054211 -0.015620 0.978132 0.200188
1777101511.076334715 -0.354568 -0.239273 -0.010244 0.054220 -0.015581 0.978356 0.199091
1777101511.080999613 -0.354930 -0.239479 -0.010462 0.054247 -0.015520 0.978538 0.198190
1777101511.086373091 -0.355346 -0.239718 -0.010719 0.054266 -0.015458 0.978742 0.197179
1777101511.090408087 -0.355658 -0.239898 -0.010915 0.054271 -0.015412 0.978892 0.196435
1777101511.095905542 -0.356075 -0.240143 -0.011185 0.054295 -0.015339 0.979104 0.195378
1777101511.100527048 -0.356419 -0.240352 -0.011414 0.054321 -0.015273 0.979280 0.194491
1777101511.106433392 -0.356856 -0.240619 -0.011711 0.054357 -0.015204 0.979499 0.193379
1777101511.110777378 -0.357178 -0.240814 -0.011930 0.054382 -0.015138 0.979665 0.192535
1777101511.116541147 -0.357614 -0.241078 -0.012226 0.054398 -0.015076 0.979877 0.191454
1777101511.120874166 -0.357942 -0.241282 -0.012451 0.054414 -0.015017 0.980038 0.190630
1777101511.126348257 -0.358352 -0.241553 -0.012737 0.054459 -0.014956 0.980247 0.189542
1777101511.130508900 -0.358667 -0.241766 -0.012956 0.054477 -0.014946 0.980403 0.188732
1777101511.136420488 -0.359115 -0.242073 -0.013270 0.054489 -0.014897 0.980624 0.187576
1777101511.140538692 -0.359422 -0.242292 -0.013492 0.054503 -0.014874 0.980780 0.186758
1777101511.146296024 -0.359846 -0.242601 -0.013805 0.054538 -0.014853 0.980993 0.185630
1777101511.150689602 -0.360166 -0.242839 -0.014045 0.054569 -0.014827 0.981156 0.184756
1777101511.156364202 -0.360582 -0.243148 -0.014357 0.054601 -0.014786 0.981370 0.183613
1777101511.160483837 -0.360887 -0.243371 -0.014582 0.054616 -0.014757 0.981520 0.182807
1777101511.162503481 -0.361035 -0.243480 -0.014692 0.054629 -0.014741 0.981595 0.182399
1777101511.162088156 -0.356904 -0.249930 -0.009680 0.054691 -0.014814 0.981552 0.182608
1777101511.166266441 -0.357176 -0.250203 -0.009877 0.054718 -0.014780 0.981708 0.181763
1777101511.170808554 -0.357467 -0.250501 -0.010091 0.054758 -0.014761 0.981878 0.180831
1777101511.176219225 -0.357813 -0.250850 -0.010346 0.054791 -0.014722 0.982075 0.179749
1777101511.180491209 -0.358084 -0.251123 -0.010549 0.054815 -0.014679 0.982237 0.178860
1777101511.186498880 -0.358461 -0.251509 -0.010837 0.054858 -0.014599 0.982459 0.177630
1777101511.190958023 -0.358737 -0.251791 -0.011055 0.054890 -0.014540 0.982622 0.176717
1777101511.196248293 -0.359062 -0.252123 -0.011317 0.054931 -0.014484 0.982822 0.175596
1777101511.200288057 -0.359312 -0.252373 -0.011519 0.054954 -0.014453 0.982968 0.174774
1777101511.206300497 -0.359684 -0.252736 -0.011821 0.054990 -0.014398 0.983184 0.173544
1777101511.210497856 -0.359943 -0.252987 -0.012037 0.055014 -0.014360 0.983335 0.172685
1777101511.216466427 -0.360309 -0.253344 -0.012349 0.055063 -0.014245 0.983546 0.171473
1777101511.220693588 -0.360567 -0.253599 -0.012573 0.055097 -0.014165 0.983694 0.170614
1777101511.226549625 -0.360917 -0.253949 -0.012885 0.055141 -0.014094 0.983893 0.169454
1777101511.230775356 -0.361164 -0.254197 -0.013110 0.055173 -0.014044 0.984036 0.168617
1777101511.236192703 -0.361474 -0.254517 -0.013400 0.055231 -0.013973 0.984225 0.167497
1777101511.240478516 -0.361718 -0.254774 -0.013632 0.055271 -0.013954 0.984370 0.166631
1777101511.246522903 -0.362064 -0.255140 -0.013966 0.055340 -0.013873 0.984580 0.165372
1777101511.250948191 -0.362321 -0.255412 -0.014217 0.055391 -0.013813 0.984732 0.164449
1777101511.256357431 -0.362638 -0.255746 -0.014528 0.055440 -0.013725 0.984915 0.163344
1777101511.260438681 -0.362879 -0.255996 -0.014765 0.055477 -0.013659 0.985051 0.162510
1777101511.262465239 -0.362999 -0.256119 -0.014883 0.055486 -0.013647 0.985119 0.162098
1777101511.262035847 -0.358414 -0.260690 -0.009237 0.055566 -0.013591 0.985072 0.162358
1777101511.266471863 -0.358643 -0.260986 -0.009458 0.055584 -0.013564 0.985220 0.161456
1777101511.270696640 -0.358862 -0.261261 -0.009667 0.055602 -0.013537 0.985360 0.160598
1777101511.276362896 -0.359162 -0.261623 -0.009946 0.055635 -0.013523 0.985550 0.159414
1777101511.280456066 -0.359386 -0.261883 -0.010149 0.055659 -0.013513 0.985687 0.158558
1777101511.286412954 -0.359720 -0.262260 -0.010448 0.055688 -0.013449 0.985886 0.157314
1777101511.290775776 -0.359968 -0.262538 -0.010672 0.055709 -0.013403 0.986030 0.156402
1777101511.296383619 -0.360285 -0.262886 -0.010961 0.055738 -0.013316 0.986208 0.155273
1777101511.300473690 -0.360511 -0.263128 -0.011170 0.055759 -0.013253 0.986337 0.154450
1777101511.306509018 -0.360842 -0.263464 -0.011477 0.055787 -0.013196 0.986518 0.153281
1777101511.310758829 -0.361076 -0.263686 -0.011694 0.055807 -0.013156 0.986645 0.152458
1777101511.316333055 -0.361388 -0.263963 -0.011981 0.055842 -0.013087 0.986805 0.151415
1777101511.320952892 -0.361655 -0.264186 -0.012220 0.055871 -0.013030 0.986936 0.150550
1777101511.326374054 -0.361966 -0.264436 -0.012501 0.055917 -0.012922 0.987084 0.149573
1777101511.330642223 -0.362204 -0.264622 -0.012722 0.055953 -0.012837 0.987199 0.148804
1777101511.336475372 -0.362528 -0.264860 -0.013026 0.056004 -0.012739 0.987347 0.147806
1777101511.340494871 -0.362757 -0.265013 -0.013238 0.056038 -0.012672 0.987449 0.147118
1777101511.346519470 -0.363113 -0.265244 -0.013563 0.056051 -0.012611 0.987600 0.146103
1777101511.350797176 -0.363377 -0.265417 -0.013801 0.056061 -0.012567 0.987706 0.145382
1777101511.356127501 -0.363710 -0.265637 -0.014101 0.056082 -0.012509 0.987842 0.144454
1777101511.360415220 -0.363975 -0.265816 -0.014344 0.056098 -0.012463 0.987950 0.143709
1777101511.362445593 -0.364102 -0.265901 -0.014459 0.056099 -0.012453 0.988000 0.143369
1777101511.362364054 -0.361133 -0.272550 -0.009254 0.056039 -0.012564 0.987990 0.143448
1777101511.366422415 -0.361374 -0.272761 -0.009455 0.056041 -0.012543 0.988089 0.142769
1777101511.370531321 -0.361627 -0.272969 -0.009659 0.056042 -0.012522 0.988188 0.142082
1777101511.376440048 -0.362004 -0.273268 -0.009954 0.056037 -0.012523 0.988326 0.141120
1777101511.380536079 -0.362274 -0.273480 -0.010161 0.056033 -0.012525 0.988421 0.140453
1777101511.386518717 -0.362668 -0.273791 -0.010465 0.056045 -0.012511 0.988554 0.139509
1777101511.390468359 -0.362922 -0.273994 -0.010663 0.056054 -0.012502 0.988642 0.138886
1777101511.396539450 -0.363310 -0.274294 -0.010968 0.056058 -0.012479 0.988774 0.137941
1777101511.400773525 -0.363577 -0.274492 -0.011179 0.056075 -0.012447 0.988864 0.137287
1777101511.406345606 -0.363929 -0.274745 -0.011452 0.056104 -0.012393 0.988988 0.136385
1777101511.410621166 -0.364202 -0.274936 -0.011662 0.056126 -0.012352 0.989083 0.135692
1777101511.416144848 -0.364551 -0.275177 -0.011927 0.056132 -0.012314 0.989209 0.134770
1777101511.420766115 -0.364837 -0.275377 -0.012142 0.056137 -0.012283 0.989314 0.133998
1777101511.426450253 -0.365184 -0.275618 -0.012407 0.056165 -0.012192 0.989454 0.132961
1777101511.430860758 -0.365451 -0.275797 -0.012615 0.056186 -0.012140 0.989556 0.132192
1777101511.436453819 -0.365786 -0.276012 -0.012880 0.056228 -0.012005 0.989695 0.131139
1777101511.440552473 -0.366033 -0.276166 -0.013078 0.056259 -0.011907 0.989797 0.130367
1777101511.446400642 -0.366386 -0.276382 -0.013366 0.056264 -0.011807 0.989932 0.129340
1777101511.450723171 -0.366645 -0.276539 -0.013583 0.056287 -0.011720 0.990035 0.128547
1777101511.456420898 -0.366992 -0.276741 -0.013872 0.056324 -0.011605 0.990162 0.127559
1777101511.460724831 -0.367262 -0.276885 -0.014090 0.056330 -0.011527 0.990255 0.126842
1777101511.462563515 -0.367379 -0.276944 -0.014183 0.056336 -0.011490 0.990294 0.126537
1777101511.462368011 -0.362949 -0.279947 -0.008700 0.056379 -0.011228 0.990259 0.126818
1777101511.466361523 -0.363170 -0.280091 -0.008871 0.056392 -0.011149 0.990344 0.126155
1777101511.470851660 -0.363418 -0.280258 -0.009064 0.056415 -0.011072 0.990437 0.125418
1777101511.476434708 -0.363728 -0.280481 -0.009305 0.056432 -0.011024 0.990550 0.124516
1777101511.480702400 -0.363964 -0.280663 -0.009491 0.056453 -0.010989 0.990640 0.123795
1777101511.486423969 -0.364280 -0.280912 -0.009745 0.056479 -0.010941 0.990759 0.122828
1777101511.490561008 -0.364509 -0.281093 -0.009929 0.056488 -0.010927 0.990844 0.122136
1777101511.496475220 -0.364832 -0.281351 -0.010193 0.056516 -0.010891 0.990967 0.121131
1777101511.500753164 -0.365061 -0.281535 -0.010385 0.056544 -0.010855 0.991056 0.120387
1777101511.506345987 -0.365364 -0.281780 -0.010637 0.056564 -0.010829 0.991170 0.119436
1777101511.510826111 -0.365606 -0.281979 -0.010837 0.056579 -0.010790 0.991264 0.118655
1777101511.516205311 -0.365892 -0.282214 -0.011076 0.056608 -0.010728 0.991376 0.117707
1777101511.520332098 -0.366109 -0.282387 -0.011259 0.056628 -0.010679 0.991461 0.116982
1777101511.526336908 -0.366421 -0.282623 -0.011523 0.056662 -0.010587 0.991584 0.115928
1777101511.530738831 -0.366647 -0.282785 -0.011715 0.056690 -0.010515 0.991673 0.115156
1777101511.536445618 -0.366939 -0.282990 -0.011965 0.056709 -0.010418 0.991786 0.114178
1777101511.540825367 -0.367158 -0.283148 -0.012160 0.056729 -0.010335 0.991875 0.113395
1777101511.546385288 -0.367422 -0.283356 -0.012412 0.056788 -0.010219 0.991990 0.112370
1777101511.550767422 -0.367627 -0.283524 -0.012613 0.056827 -0.010129 0.992081 0.111546
1777101511.556454659 -0.367902 -0.283746 -0.012880 0.056855 -0.010031 0.992197 0.110505
1777101511.560767412 -0.368114 -0.283916 -0.013084 0.056869 -0.009955 0.992287 0.109699
1777101511.562907457 -0.368219 -0.284001 -0.013186 0.056879 -0.009913 0.992331 0.109297
1777101511.562693834 -0.365555 -0.285860 -0.008362 0.056708 -0.009666 0.992319 0.109519
1777101511.566232920 -0.365717 -0.286009 -0.008507 0.056726 -0.009596 0.992391 0.108854
1777101511.570716619 -0.365922 -0.286205 -0.008693 0.056757 -0.009547 0.992482 0.108015
1777101511.576551199 -0.366192 -0.286467 -0.008936 0.056795 -0.009469 0.992600 0.106914
1777101511.580535650 -0.366379 -0.286653 -0.009105 0.056814 -0.009422 0.992679 0.106171
1777101511.586514473 -0.366666 -0.286947 -0.009367 0.056827 -0.009401 0.992795 0.105074
1777101511.590482712 -0.366855 -0.287147 -0.009545 0.056849 -0.009384 0.992870 0.104348
1777101511.596445322 -0.367138 -0.287452 -0.009815 0.056896 -0.009350 0.992981 0.103263
1777101511.600577116 -0.367338 -0.287666 -0.010006 0.056919 -0.009356 0.993057 0.102525
1777101511.606519461 -0.367629 -0.287964 -0.010284 0.056943 -0.009357 0.993160 0.101505
1777101511.610797167 -0.367837 -0.288170 -0.010483 0.056962 -0.009337 0.993232 0.100788
1777101511.616226912 -0.368096 -0.288425 -0.010738 0.056995 -0.009347 0.993322 0.099882
1777101511.620558977 -0.368301 -0.288622 -0.010941 0.057034 -0.009341 0.993391 0.099173
1777101511.626252413 -0.368574 -0.288871 -0.011207 0.057060 -0.009309 0.993481 0.098248
1777101511.630501270 -0.368781 -0.289053 -0.011408 0.057076 -0.009300 0.993547 0.097572
1777101511.636540413 -0.369068 -0.289298 -0.011688 0.057124 -0.009258 0.993639 0.096603
1777101511.640803337 -0.369266 -0.289457 -0.011884 0.057166 -0.009210 0.993705 0.095904
1777101511.646382332 -0.369532 -0.289657 -0.012146 0.057200 -0.009149 0.993791 0.094998
1777101511.650978327 -0.369758 -0.289816 -0.012364 0.057212 -0.009099 0.993859 0.094277
1777101511.656393290 -0.370026 -0.289997 -0.012621 0.057214 -0.009003 0.993943 0.093393
1777101511.660475492 -0.370228 -0.290136 -0.012816 0.057221 -0.008939 0.994008 0.092708
1777101511.662503481 -0.370327 -0.290206 -0.012913 0.057235 -0.008906 0.994039 0.092363
1777101511.662277937 -0.367015 -0.292990 -0.007985 0.057183 -0.008738 0.994021 0.092608
1777101511.666522980 -0.367198 -0.293150 -0.008156 0.057214 -0.008669 0.994087 0.091886
1777101511.670674801 -0.367378 -0.293304 -0.008321 0.057241 -0.008577 0.994154 0.091148
1777101511.676502466 -0.367641 -0.293525 -0.008555 0.057252 -0.008475 0.994247 0.090128
1777101511.680517435 -0.367824 -0.293682 -0.008717 0.057263 -0.008422 0.994309 0.089438
1777101511.686484814 -0.368092 -0.293923 -0.008960 0.057304 -0.008305 0.994407 0.088333
1777101511.690548420 -0.368276 -0.294098 -0.009131 0.057336 -0.008245 0.994472 0.087579
1777101511.696507931 -0.368558 -0.294372 -0.009387 0.057368 -0.008191 0.994567 0.086479
1777101511.700839758 -0.368770 -0.294581 -0.009578 0.057380 -0.008150 0.994638 0.085658
1777101511.706453085 -0.369052 -0.294865 -0.009831 0.057395 -0.008097 0.994729 0.084586
1777101511.710524559 -0.369256 -0.295078 -0.010018 0.057411 -0.008084 0.994793 0.083814
1777101511.716549873 -0.369558 -0.295397 -0.010300 0.057454 -0.008049 0.994892 0.082609
1777101511.720863819 -0.369781 -0.295629 -0.010507 0.057466 -0.008030 0.994961 0.081772
1777101511.726260900 -0.370069 -0.295919 -0.010771 0.057456 -0.008057 0.995044 0.080754
1777101511.730543852 -0.370295 -0.296144 -0.010980 0.057471 -0.008051 0.995110 0.079926
1777101511.736395359 -0.370601 -0.296442 -0.011267 0.057515 -0.008036 0.995196 0.078813
1777101511.741011858 -0.370849 -0.296668 -0.011493 0.057535 -0.008047 0.995261 0.077978
1777101511.746584415 -0.371158 -0.296922 -0.011766 0.057556 -0.008028 0.995337 0.076994
1777101511.750866175 -0.371399 -0.297105 -0.011975 0.057564 -0.007997 0.995393 0.076259
1777101511.756392479 -0.371713 -0.297331 -0.012248 0.057582 -0.007975 0.995462 0.075339
1777101511.760550022 -0.371948 -0.297488 -0.012454 0.057599 -0.007939 0.995513 0.074655
1777101511.762313843 -0.372048 -0.297552 -0.012541 0.057602 -0.007913 0.995535 0.074367
1777101511.762200594 -0.367651 -0.300917 -0.008561 0.057552 -0.007876 0.995522 0.074579
1777101511.766523838 -0.367870 -0.301090 -0.008751 0.057558 -0.007814 0.995575 0.073873
1777101511.770559311 -0.368077 -0.301246 -0.008929 0.057554 -0.007775 0.995622 0.073242
1777101511.776533842 -0.368383 -0.301464 -0.009190 0.057555 -0.007711 0.995690 0.072321
1777101511.780458450 -0.368579 -0.301598 -0.009360 0.057563 -0.007640 0.995736 0.071680
1777101511.786464930 -0.368880 -0.301806 -0.009623 0.057583 -0.007572 0.995804 0.070719
1777101511.790708303 -0.369095 -0.301955 -0.009810 0.057588 -0.007521 0.995851 0.070054
1777101511.796543360 -0.369398 -0.302159 -0.010068 0.057578 -0.007426 0.995919 0.069100
1777101511.800574780 -0.369609 -0.302306 -0.010249 0.057576 -0.007388 0.995964 0.068452
1777101511.806462288 -0.369914 -0.302526 -0.010513 0.057585 -0.007323 0.996031 0.067476
1777101511.810926914 -0.370145 -0.302694 -0.010714 0.057603 -0.007252 0.996082 0.066715
1777101511.816486359 -0.370439 -0.302914 -0.010969 0.057606 -0.007188 0.996144 0.065781
1777101511.820846796 -0.370671 -0.303093 -0.011173 0.057606 -0.007150 0.996193 0.065042
1777101511.826562405 -0.370971 -0.303334 -0.011444 0.057618 -0.007076 0.996259 0.064024
1777101511.830796719 -0.371194 -0.303520 -0.011649 0.057631 -0.007035 0.996307 0.063259
1777101511.836117983 -0.371475 -0.303762 -0.011907 0.057646 -0.007009 0.996366 0.062307
1777101511.840769053 -0.371722 -0.303976 -0.012132 0.057667 -0.006962 0.996419 0.061437
1777101511.846580505 -0.372038 -0.304255 -0.012421 0.057674 -0.006921 0.996486 0.060338
1777101511.850768328 -0.372270 -0.304462 -0.012632 0.057676 -0.006917 0.996533 0.059568
1777101511.856553555 -0.372585 -0.304751 -0.012927 0.057687 -0.006848 0.996600 0.058435
1777101511.860529423 -0.372799 -0.304953 -0.013135 0.057703 -0.006814 0.996644 0.057653
1777101511.862560511 -0.372908 -0.305057 -0.013242 0.057706 -0.006808 0.996667 0.057260
