id: 8
T_world_origin: 
   0.0990214     0.995085 -0.000783083      1.72984
    -0.98898    0.0985009     0.110522      2.23838
    0.110056   -0.0101696     0.993873   0.00509431
           0            0            0            1
T_origin_endpoint_L: 
   0.999944  0.00449059 -0.00958571     1.47022
 -0.0044754    0.999989  0.00160511   0.0152368
 0.00959281 -0.00156212    0.999953   -0.160891
          0           0           0           1
T_origin_endpoint_R: 
   0.933083   -0.359619 -0.00558594    -1.85677
    0.35915     0.93247  -0.0388704  -0.0938609
  0.0191872   0.0342631    0.999229    0.188513
          0           0           0           1
T_lidar_imu: 
     1      0      0  0.006
     0      1      0 -0.012
     0      0      1  0.008
     0      0      0      1
imu_bias: -0.000235115 -0.000876506  -0.00608597 -0.000329504 -0.000627156   0.00188199
frame_id: 2
num_frames: 191
frame_0
id: 1246
stamp: 1777101603.462685823
T_odom_lidar: 
   0.0945549      0.99552 -0.000135013      1.90209
   -0.988306     0.093886     0.120155     0.774173
     0.11963   -0.0112278     0.992755   -0.0019526
           0            0            0            1
T_world_lidar: 
   0.0945549      0.99552 -0.000135013      1.90209
   -0.988306     0.093886     0.120155     0.774173
     0.11963   -0.0112278     0.992755   -0.0019526
           0            0            0            1
v_world_imu:   0.0344987    0.286522 -0.00137348
frame_1
id: 1247
stamp: 1777101603.562685728
T_odom_lidar: 
   0.116091    0.993227 -0.00478443     1.90579
  -0.985982    0.115823    0.120102    0.798382
   0.119843 -0.00922544     0.99275 -0.00201526
          0           0           0           1
T_world_lidar: 
   0.116091    0.993227 -0.00478443     1.90579
  -0.985982    0.115823    0.120102    0.798382
   0.119843 -0.00922544     0.99275 -0.00201526
          0           0           0           1
v_world_imu:   0.0711002    0.228452 -0.00302867
frame_2
id: 1248
stamp: 1777101603.662101984
T_odom_lidar: 
   0.129123    0.991625 -0.00257116     1.91265
  -0.984626    0.128519    0.118299    0.821399
   0.117639  -0.0127435    0.992975 -0.00253859
          0           0           0           1
T_world_lidar: 
   0.129123    0.991625 -0.00257116     1.91265
  -0.984626    0.128519    0.118299    0.821399
   0.117639  -0.0127435    0.992975 -0.00253859
          0           0           0           1
v_world_imu:   0.0234681    0.238472 -0.00255374
frame_3
id: 1249
stamp: 1777101603.762383938
T_odom_lidar: 
   0.124067    0.992266 -0.00383992     1.90841
  -0.985105    0.123634    0.119512    0.843082
   0.119062  -0.0110447    0.992825 -0.00217041
          0           0           0           1
T_world_lidar: 
   0.124067    0.992266 -0.00383992     1.90841
  -0.985105    0.123634    0.119512    0.843082
   0.119062  -0.0110447    0.992825 -0.00217041
          0           0           0           1
v_world_imu: -0.0592032   0.220716 0.00847148
frame_4
id: 1250
stamp: 1777101603.862199068
T_odom_lidar: 
   0.124539    0.992207 -0.00388822     1.90717
  -0.985155    0.124118    0.118594    0.861906
   0.118153  -0.0109391    0.992935 -0.00226548
          0           0           0           1
T_world_lidar: 
   0.124539    0.992207 -0.00388822     1.90717
  -0.985155    0.124118    0.118594    0.861906
   0.118153  -0.0109391    0.992935 -0.00226548
          0           0           0           1
v_world_imu:   0.0323701    0.180101 -0.00686113
frame_5
id: 1251
stamp: 1777101603.962036371
T_odom_lidar: 
    0.13094     0.99139 -0.00119679     1.91077
  -0.984538    0.130177    0.117217    0.881527
   0.116363    -0.01417    0.993106  -0.0028752
          0           0           0           1
T_world_lidar: 
    0.13094     0.99139 -0.00119679     1.91077
  -0.984538    0.130177    0.117217    0.881527
   0.116363    -0.01417    0.993106  -0.0028752
          0           0           0           1
v_world_imu:  -0.0105861    0.185803 -0.00286139
frame_6
id: 1252
stamp: 1777101604.162328005
T_odom_lidar: 
    0.128942     0.991652 -0.000693045      1.90768
   -0.984846     0.128139     0.116869     0.925693
    0.115982   -0.0143868     0.993147  -0.00287983
           0            0            0            1
T_world_lidar: 
    0.128942     0.991652 -0.000693045      1.90768
   -0.984846     0.128139     0.116869     0.925693
    0.115982   -0.0143868     0.993147  -0.00287983
           0            0            0            1
v_world_imu:    0.020284    0.240525 -0.00474026
frame_7
id: 1253
stamp: 1777101604.262084007
T_odom_lidar: 
    0.128345     0.991729 -0.000675124      1.90719
   -0.985006     0.127554      0.11616     0.946453
    0.115286   -0.0142436      0.99323  -0.00305439
           0            0            0            1
T_world_lidar: 
    0.128345     0.991729 -0.000675124      1.90719
   -0.985006     0.127554      0.11616     0.946453
    0.115286   -0.0142436      0.99323  -0.00305439
           0            0            0            1
v_world_imu:   -0.0367397     0.170909 -0.000873206
frame_8
id: 1254
stamp: 1777101604.362121105
T_odom_lidar: 
   0.124996    0.992155 -0.00190668      1.9044
  -0.985427    0.124371     0.11604    0.966634
   0.115367  -0.0126256    0.993243 -0.00290472
          0           0           0           1
T_world_lidar: 
   0.124996    0.992155 -0.00190668      1.9044
  -0.985427    0.124371     0.11604    0.966634
   0.115367  -0.0126256    0.993243 -0.00290472
          0           0           0           1
v_world_imu:  -0.00558576      0.22825 -5.17819e-06
frame_9
id: 1255
stamp: 1777101604.462069273
T_odom_lidar: 
   0.126158    0.992009 -0.00153104     1.90436
  -0.985351     0.12549    0.115481    0.989412
    0.11475  -0.0130603    0.993309 -0.00303987
          0           0           0           1
T_world_lidar: 
   0.126158    0.992009 -0.00153104     1.90436
  -0.985351     0.12549    0.115481    0.989412
    0.11475  -0.0130603    0.993309 -0.00303987
          0           0           0           1
v_world_imu: -0.00487802    0.224565  0.00138419
frame_10
id: 1256
stamp: 1777101604.562333107
T_odom_lidar: 
   0.123099     0.99239 -0.00279943     1.90191
  -0.985796    0.122605    0.114781     1.00944
   0.114251  -0.0113698    0.993387 -0.00270771
          0           0           0           1
T_world_lidar: 
   0.123099     0.99239 -0.00279943     1.90191
  -0.985796    0.122605    0.114781     1.00944
   0.114251  -0.0113698    0.993387 -0.00270771
          0           0           0           1
v_world_imu: -0.0301258   0.199166 0.00403321
frame_11
id: 1257
stamp: 1777101604.662134171
T_odom_lidar: 
   0.123501    0.992343  -0.0017003      1.9017
  -0.985679     0.12287    0.115497     1.03199
   0.114821   -0.012588    0.993306 -0.00269153
          0           0           0           1
T_world_lidar: 
   0.123501    0.992343  -0.0017003      1.9017
  -0.985679     0.12287    0.115497     1.03199
   0.114821   -0.012588    0.993306 -0.00269153
          0           0           0           1
v_world_imu: 0.0125393  0.206455  -0.00276
frame_12
id: 1258
stamp: 1777101604.762101650
T_odom_lidar: 
   0.121117    0.992633 -0.00327618     1.90043
   -0.98617    0.120703    0.113572     1.04714
    0.11313  -0.0105246    0.993524 -0.00300174
          0           0           0           1
T_world_lidar: 
   0.121117    0.992633 -0.00327618     1.90043
   -0.98617    0.120703    0.113572     1.04714
    0.11313  -0.0105246    0.993524 -0.00300174
          0           0           0           1
v_world_imu: -0.0158233   0.153123 0.00218587
frame_13
id: 1259
stamp: 1777101604.862277269
T_odom_lidar: 
   0.118972    0.992891 -0.00365904     1.89913
  -0.986453    0.118618    0.113311     1.06501
    0.11294 -0.00987139    0.993553 -0.00305942
          0           0           0           1
T_world_lidar: 
   0.118972    0.992891 -0.00365904     1.89913
  -0.986453    0.118618    0.113311     1.06501
    0.11294 -0.00987139    0.993553 -0.00305942
          0           0           0           1
v_world_imu:  -0.0121687    0.212915 0.000975617
frame_14
id: 1260
stamp: 1777101604.962171078
T_odom_lidar: 
   0.117335    0.993088 -0.00299334      1.8981
  -0.986594    0.116911    0.113858      1.0851
   0.113421  -0.0104063    0.993493 -0.00323709
          0           0           0           1
T_world_lidar: 
   0.117335    0.993088 -0.00299334      1.8981
  -0.986594    0.116911    0.113858      1.0851
   0.113421  -0.0104063    0.993493 -0.00323709
          0           0           0           1
v_world_imu: -0.017793  0.156046 -0.004704
frame_15
id: 1261
stamp: 1777101605.062071323
T_odom_lidar: 
   0.115912    0.993256 -0.00278396     1.89734
  -0.986828    0.115479    0.113292     1.10137
   0.112849  -0.0103846    0.993558 -0.00381885
          0           0           0           1
T_world_lidar: 
   0.115912    0.993256 -0.00278396     1.89734
  -0.986828    0.115479    0.113292     1.10137
   0.112849  -0.0103846    0.993558 -0.00381885
          0           0           0           1
v_world_imu: 0.000598781    0.158669 -0.00104086
frame_16
id: 1262
stamp: 1777101605.162210464
T_odom_lidar: 
   0.115617    0.993291  -0.0025444      1.8971
  -0.986835    0.115157    0.113557     1.11384
   0.113088  -0.0106183    0.993528 -0.00377457
          0           0           0           1
T_world_lidar: 
   0.115617    0.993291  -0.0025444      1.8971
  -0.986835    0.115157    0.113557     1.11384
   0.113088  -0.0106183    0.993528 -0.00377457
          0           0           0           1
v_world_imu: -0.00894611   0.0811594 0.000781899
frame_17
id: 1263
stamp: 1777101605.262145042
T_odom_lidar: 
   0.114224    0.993452 -0.00255407     1.89688
  -0.987066     0.11378    0.112933     1.12005
   0.112485  -0.0103786    0.993599 -0.00388917
          0           0           0           1
T_world_lidar: 
   0.114224    0.993452 -0.00255407     1.89688
  -0.987066     0.11378    0.112933     1.12005
   0.112485  -0.0103786    0.993599 -0.00388917
          0           0           0           1
v_world_imu:   0.0102564   0.0495981 -0.00204498
frame_18
id: 1264
stamp: 1777101605.362105608
T_odom_lidar: 
   0.114418    0.993431 -0.00201652     1.89684
  -0.987019     0.11391    0.113218     1.12255
   0.112704  -0.0109638    0.993568 -0.00425565
          0           0           0           1
T_world_lidar: 
   0.114418    0.993431 -0.00201652     1.89684
  -0.987019     0.11391    0.113218     1.12255
   0.112704  -0.0109638    0.993568 -0.00425565
          0           0           0           1
v_world_imu: -0.00180168 -0.00154143  0.00167764
frame_19
id: 1265
stamp: 1777101605.462213516
T_odom_lidar: 
   0.113089     0.99358 -0.00317478      1.8966
  -0.987233    0.112726    0.112537     1.12052
   0.112173 -0.00959246    0.993642  -0.0041686
          0           0           0           1
T_world_lidar: 
   0.113089     0.99358 -0.00317478      1.8966
  -0.987233    0.112726    0.112537     1.12052
   0.112173 -0.00959246    0.993642  -0.0041686
          0           0           0           1
v_world_imu: 0.00566274  -0.011666 0.00033255
frame_20
id: 1266
stamp: 1777101605.562216997
T_odom_lidar: 
   0.114491    0.993422 -0.00208583     1.89728
  -0.987047    0.113993    0.112887     1.12138
   0.112382  -0.0108657    0.993606 -0.00453373
          0           0           0           1
T_world_lidar: 
   0.114491    0.993422 -0.00208583     1.89728
  -0.987047    0.113993    0.112887     1.12138
   0.112382  -0.0108657    0.993606 -0.00453373
          0           0           0           1
v_world_imu: 0.00414209 0.00679894 0.00145541
frame_21
id: 1267
stamp: 1777101605.662090778
T_odom_lidar: 
   0.112514    0.993647 -0.00266907     1.89541
  -0.987275    0.112096    0.112797     1.12044
    0.11238  -0.0100562    0.993614 -0.00650075
          0           0           0           1
T_world_lidar: 
   0.112514    0.993647 -0.00266907     1.89541
  -0.987275    0.112096    0.112797     1.12044
    0.11238  -0.0100562    0.993614 -0.00650075
          0           0           0           1
v_world_imu: -0.00373466 -0.00821584 0.000693955
frame_22
id: 1268
stamp: 1777101605.762231588
T_odom_lidar: 
   0.114189    0.993457 -0.00207465     1.89628
  -0.987095    0.113694    0.112773     1.12092
   0.112271  -0.0108296    0.993619 -0.00652598
          0           0           0           1
T_world_lidar: 
   0.114189    0.993457 -0.00207465     1.89628
  -0.987095    0.113694    0.112773     1.12092
   0.112271  -0.0108296    0.993619 -0.00652598
          0           0           0           1
v_world_imu: 0.00745324  0.0067194 0.00115324
frame_23
id: 1269
stamp: 1777101605.862205267
T_odom_lidar: 
    0.11305    0.993586 -0.00259255     1.89577
  -0.987239    0.112621    0.112587     1.12052
   0.112157  -0.0101685    0.993638 -0.00712113
          0           0           0           1
T_world_lidar: 
    0.11305    0.993586 -0.00259255     1.89577
  -0.987239    0.112621    0.112587     1.12052
   0.112157  -0.0101685    0.993638 -0.00712113
          0           0           0           1
v_world_imu: -0.00938639 -0.00499811  0.00069729
frame_24
id: 1270
stamp: 1777101605.962291241
T_odom_lidar: 
   0.113384    0.993549  -0.0022928     1.89585
   -0.98718    0.112917     0.11281     1.12105
   0.112341  -0.0105274    0.993614 -0.00717567
          0           0           0           1
T_world_lidar: 
   0.113384    0.993549  -0.0022928     1.89585
   -0.98718    0.112917     0.11281     1.12105
   0.112341  -0.0105274    0.993614 -0.00717567
          0           0           0           1
v_world_imu:   0.0075093  0.00634661 -0.00100755
frame_25
id: 1271
stamp: 1777101606.062263727
T_odom_lidar: 
   0.113328    0.993555 -0.00248681     1.89581
  -0.987219    0.112887    0.112497      1.1207
   0.112052   -0.010294    0.993649 -0.00723745
          0           0           0           1
T_world_lidar: 
   0.113328    0.993555 -0.00248681     1.89581
  -0.987219    0.112887    0.112497      1.1207
   0.112052   -0.010294    0.993649 -0.00723745
          0           0           0           1
v_world_imu: -0.00675261 -0.00200558 0.000712619
frame_26
id: 1272
stamp: 1777101606.162162781
T_odom_lidar: 
   0.113374     0.99355 -0.00220588      1.8956
  -0.987196    0.112899    0.112683     1.12142
   0.112205  -0.0105977    0.993629 -0.00722057
          0           0           0           1
T_world_lidar: 
   0.113374     0.99355 -0.00220588      1.8956
  -0.987196    0.112899    0.112683     1.12142
   0.112205  -0.0105977    0.993629 -0.00722057
          0           0           0           1
v_world_imu:  0.00216666  0.00782683 6.00543e-05
frame_27
id: 1273
stamp: 1777101606.262324810
T_odom_lidar: 
    0.11325    0.993564 -0.00228006     1.89558
  -0.987251    0.112789    0.112312     1.12126
   0.111847  -0.0104685     0.99367 -0.00725649
          0           0           0           1
T_world_lidar: 
    0.11325    0.993564 -0.00228006     1.89558
  -0.987251    0.112789    0.112312     1.12126
   0.111847  -0.0104685     0.99367 -0.00725649
          0           0           0           1
v_world_imu: -0.000483637  -0.00269139  5.49839e-05
frame_28
id: 1274
stamp: 1777101606.362130880
T_odom_lidar: 
   0.113629    0.993521 -0.00199452     1.89558
  -0.987207    0.113132    0.112355     1.12186
   0.111853  -0.0107978    0.993666 -0.00725842
          0           0           0           1
T_world_lidar: 
   0.113629    0.993521 -0.00199452     1.89558
  -0.987207    0.113132    0.112355     1.12186
   0.111853  -0.0107978    0.993666 -0.00725842
          0           0           0           1
v_world_imu: -0.00246017  0.00850875  0.00119994
frame_29
id: 1275
stamp: 1777101606.462280512
T_odom_lidar: 
   0.113225    0.993567 -0.00228408     1.89529
  -0.987272    0.112766    0.112148     1.12191
   0.111684   -0.010443    0.993689  -0.0072082
          0           0           0           1
T_world_lidar: 
   0.113225    0.993567 -0.00228408     1.89529
  -0.987272    0.112766    0.112148     1.12191
   0.111684   -0.010443    0.993689  -0.0072082
          0           0           0           1
v_world_imu: -6.61589e-05  -0.00183567  0.000574248
frame_30
id: 1276
stamp: 1777101606.565094471
T_odom_lidar: 
   0.112813    0.993613 -0.00259182     1.89528
  -0.987427    0.112401    0.111149     1.12237
    0.11073 -0.00997977      0.9938 -0.00721755
          0           0           0           1
T_world_lidar: 
   0.112813    0.993613 -0.00259182     1.89528
  -0.987427    0.112401    0.111149     1.12237
    0.11073 -0.00997977      0.9938 -0.00721755
          0           0           0           1
v_world_imu:  -0.00732372    0.0197909 -0.000797367
frame_31
id: 1277
stamp: 1777101606.662236929
T_odom_lidar: 
    0.11212    0.993693 -0.00173723     1.89555
  -0.987611    0.111626    0.110294     1.12998
   0.109792  -0.0106504    0.993897 -0.00717014
          0           0           0           1
T_world_lidar: 
    0.11212    0.993693 -0.00173723     1.89555
  -0.987611    0.111626    0.110294     1.12998
   0.109792  -0.0106504    0.993897 -0.00717014
          0           0           0           1
v_world_imu: -0.0124763  0.0924852 0.00253382
frame_32
id: 1278
stamp: 1777101606.762299538
T_odom_lidar: 
   0.109961    0.993935  -0.0012757     1.89229
   -0.98786    0.109431    0.110257     1.14555
   0.109728  -0.0108638    0.993902 -0.00686333
          0           0           0           1
T_world_lidar: 
   0.109961    0.993935  -0.0012757     1.89229
   -0.98786    0.109431    0.110257     1.14555
   0.109728  -0.0108638    0.993902 -0.00686333
          0           0           0           1
v_world_imu:  -0.053477   0.185299 0.00332973
frame_33
id: 1279
stamp: 1777101606.862314939
T_odom_lidar: 
   0.107905     0.99416 -0.00178007     1.88276
  -0.987925    0.107428    0.111644      1.1625
   0.111183  -0.0102883    0.993747 -0.00655232
          0           0           0           1
T_world_lidar: 
   0.107905     0.99416 -0.00178007     1.88276
  -0.987925    0.107428    0.111644      1.1625
   0.111183  -0.0102883    0.993747 -0.00655232
          0           0           0           1
v_world_imu: -0.0982825   0.135827 0.00280546
frame_34
id: 1280
stamp: 1777101606.962322712
T_odom_lidar: 
   0.104626     0.99451 -0.00207136     1.87258
  -0.988393    0.104212    0.110542     1.17468
   0.110151 -0.00951824    0.993869 -0.00664097
          0           0           0           1
T_world_lidar: 
   0.104626     0.99451 -0.00207136     1.87258
  -0.988393    0.104212    0.110542     1.17468
   0.110151 -0.00951824    0.993869 -0.00664097
          0           0           0           1
v_world_imu:  -0.0974834    0.139421 -0.00258633
frame_35
id: 1281
stamp: 1777101607.062237740
T_odom_lidar: 
   0.104622    0.994511   -0.001218     1.86101
  -0.988469    0.104121    0.109948      1.1934
   0.109471  -0.0102991    0.993937 -0.00685566
          0           0           0           1
T_world_lidar: 
   0.104622    0.994511   -0.001218     1.86101
  -0.988469    0.104121    0.109948      1.1934
   0.109471  -0.0102991    0.993937 -0.00685566
          0           0           0           1
v_world_imu:  -0.140207   0.222787 0.00366998
frame_36
id: 1282
stamp: 1777101607.162258625
T_odom_lidar: 
    0.10037    0.994948 -0.00182311     1.84509
  -0.988815   0.0999544    0.110697     1.21391
    0.11032 -0.00930797    0.993853 -0.00665079
          0           0           0           1
T_world_lidar: 
    0.10037    0.994948 -0.00182311     1.84509
  -0.988815   0.0999544    0.110697     1.21391
    0.11032 -0.00930797    0.993853 -0.00665079
          0           0           0           1
v_world_imu:     -0.15192     0.192822 -0.000230548
frame_37
id: 1283
stamp: 1777101607.262294054
T_odom_lidar: 
  0.0990753    0.995079 -0.00152487     1.83171
  -0.988957   0.0986353    0.110612     1.23334
   0.110218 -0.00945084    0.993863 -0.00684834
          0           0           0           1
T_world_lidar: 
  0.0990753    0.995079 -0.00152487     1.83171
  -0.988957   0.0986353    0.110612     1.23334
   0.110218 -0.00945084    0.993863 -0.00684834
          0           0           0           1
v_world_imu:   -0.115296    0.181295 -0.00650732
frame_38
id: 1284
stamp: 1777101607.362247467
T_odom_lidar: 
  0.0981763    0.995169 -0.00052149     1.81887
  -0.989103   0.0976356    0.110197     1.25289
   0.109715  -0.0103029     0.99391 -0.00710301
          0           0           0           1
T_world_lidar: 
  0.0981763    0.995169 -0.00052149     1.81887
  -0.989103   0.0976356    0.110197     1.25289
   0.109715  -0.0103029     0.99391 -0.00710301
          0           0           0           1
v_world_imu:  -0.149794   0.227059 0.00490348
frame_39
id: 1285
stamp: 1777101607.462254047
T_odom_lidar: 
   0.0944501      0.99553 -0.000361787      1.80696
   -0.989272    0.0938972      0.11191      1.27013
    0.111444    -0.010212     0.993718  -0.00666979
           0            0            0            1
T_world_lidar: 
   0.0944501      0.99553 -0.000361787      1.80696
   -0.989272    0.0938972      0.11191      1.27013
    0.111444    -0.010212     0.993718  -0.00666979
           0            0            0            1
v_world_imu: -0.0654936  0.0994312 0.00248994
frame_40
id: 1286
stamp: 1777101607.562280655
T_odom_lidar: 
   0.0948748     0.995489 -0.000377647      1.80485
   -0.989327    0.0943297     0.111062       1.2799
    0.110597   -0.0101634     0.993813  -0.00690317
           0            0            0            1
T_world_lidar: 
   0.0948748     0.995489 -0.000377647      1.80485
   -0.989327    0.0943297     0.111062       1.2799
    0.110597   -0.0101634     0.993813  -0.00690317
           0            0            0            1
v_world_imu:   0.0267458   0.0894747 -0.00459847
frame_41
id: 1287
stamp: 1777101607.662282705
T_odom_lidar: 
   0.0947578       0.9955 -0.000398835      1.80384
   -0.989424    0.0942236      0.11028      1.28472
    0.109821   -0.0100553       0.9939  -0.00699283
           0            0            0            1
T_world_lidar: 
   0.0947578       0.9955 -0.000398835      1.80384
   -0.989424    0.0942236      0.11028      1.28472
    0.109821   -0.0100553       0.9939  -0.00699283
           0            0            0            1
v_world_imu: -0.0138985  0.0382889  0.0015209
frame_42
id: 1288
stamp: 1777101607.762353420
T_odom_lidar: 
   0.0937308     0.995597 -0.000805669      1.80291
   -0.989491    0.0932453     0.110516      1.28468
    0.110104  -0.00956151     0.993874  -0.00708633
           0            0            0            1
T_world_lidar: 
   0.0937308     0.995597 -0.000805669      1.80291
   -0.989491    0.0932453     0.110516      1.28468
    0.110104  -0.00956151     0.993874  -0.00708633
           0            0            0            1
v_world_imu:  0.00962006  -0.0314802 -0.00369213
frame_43
id: 1289
stamp: 1777101607.862274408
T_odom_lidar: 
   0.0952528     0.995453 -0.000547111      1.80469
    -0.98947    0.0947405     0.109423      1.28346
    0.108977  -0.00988148     0.993995  -0.00748808
           0            0            0            1
T_world_lidar: 
   0.0952528     0.995453 -0.000547111      1.80469
    -0.98947    0.0947405     0.109423      1.28346
    0.108977  -0.00988148     0.993995  -0.00748808
           0            0            0            1
v_world_imu:   0.0170892  0.00605485 -0.00297387
frame_44
id: 1290
stamp: 1777101607.962429285
T_odom_lidar: 
   0.0939898     0.995573 -0.000622974      1.80381
   -0.989514    0.0934867     0.110099      1.28436
     0.10967  -0.00973175      0.99392  -0.00741645
           0            0            0            1
T_world_lidar: 
   0.0939898     0.995573 -0.000622974      1.80381
   -0.989514    0.0934867     0.110099      1.28436
     0.10967  -0.00973175      0.99392  -0.00741645
           0            0            0            1
v_world_imu: -0.0244328 0.00501106 0.00287318
frame_45
id: 1291
stamp: 1777101608.062267542
T_odom_lidar: 
   0.0941804     0.995555 -0.000671582      1.80392
     -0.9895    0.0936819      0.11006      1.28442
    0.109634  -0.00970096     0.993925  -0.00747717
           0            0            0            1
T_world_lidar: 
   0.0941804     0.995555 -0.000671582      1.80392
     -0.9895    0.0936819      0.11006      1.28442
    0.109634  -0.00970096     0.993925  -0.00747717
           0            0            0            1
v_world_imu:   0.0208282 -0.00246463 -0.00326112
frame_46
id: 1292
stamp: 1777101608.162330389
T_odom_lidar: 
   0.0948132     0.995495 -0.000470387      1.80506
   -0.989516    0.0942954     0.109387      1.28423
    0.108939  -0.00990588     0.993999  -0.00761049
           0            0            0            1
T_world_lidar: 
   0.0948132     0.995495 -0.000470387      1.80506
   -0.989516    0.0942954     0.109387      1.28423
    0.108939  -0.00990588     0.993999  -0.00761049
           0            0            0            1
v_world_imu: -0.00564274  0.00158062 0.000823241
frame_47
id: 1293
stamp: 1777101608.262450457
T_odom_lidar: 
   0.0936121     0.995609 -0.000626304        1.804
   -0.989564    0.0931129     0.109968      1.28487
    0.109543  -0.00967456     0.993935  -0.00738917
           0            0            0            1
T_world_lidar: 
   0.0936121     0.995609 -0.000626304        1.804
   -0.989564    0.0931129     0.109968      1.28487
    0.109543  -0.00967456     0.993935  -0.00738917
           0            0            0            1
v_world_imu: -0.00844352  0.00688191  0.00244515
frame_48
id: 1294
stamp: 1777101608.362417221
T_odom_lidar: 
   0.0947523       0.9955 -0.000962558      1.80494
   -0.989644    0.0942995     0.108223      1.28721
    0.107826  -0.00930175     0.994126  -0.00749826
           0            0            0            1
T_world_lidar: 
   0.0947523       0.9955 -0.000962558      1.80494
   -0.989644    0.0942995     0.108223      1.28721
    0.107826  -0.00930175     0.994126  -0.00749826
           0            0            0            1
v_world_imu:   0.0178592   0.0755706 0.000265634
frame_49
id: 1295
stamp: 1777101608.462342501
T_odom_lidar: 
   0.0946661     0.995509 -0.000496355       1.8043
   -0.989671    0.0941649     0.108096      1.29836
    0.107657  -0.00974181      0.99414  -0.00703716
           0            0            0            1
T_world_lidar: 
   0.0946661     0.995509 -0.000496355       1.8043
   -0.989671    0.0941649     0.108096      1.29836
    0.107657  -0.00974181      0.99414  -0.00703716
           0            0            0            1
v_world_imu: -0.0362216   0.143776  0.0093252
frame_50
id: 1296
stamp: 1777101608.562472820
T_odom_lidar: 
   0.0916088     0.995795 -0.000582094      1.80138
    -0.98984    0.0911248      0.10915      1.31328
    0.108744  -0.00942294     0.994025  -0.00609575
           0            0            0            1
T_world_lidar: 
   0.0916088     0.995795 -0.000582094      1.80138
    -0.98984    0.0911248      0.10915      1.31328
    0.108744  -0.00942294     0.994025  -0.00609575
           0            0            0            1
v_world_imu:  -0.017393   0.131763 0.00898706
frame_51
id: 1297
stamp: 1777101608.662364960
T_odom_lidar: 
   0.0934226     0.995626 -0.000697132      1.80216
   -0.989858    0.0929566     0.107429      1.32384
    0.107024   -0.0093462     0.994213  -0.00593111
           0            0            0            1
T_world_lidar: 
   0.0934226     0.995626 -0.000697132      1.80216
   -0.989858    0.0929566     0.107429      1.32384
    0.107024   -0.0093462     0.994213  -0.00593111
           0            0            0            1
v_world_imu:  0.0206882   0.110687 0.00262019
frame_52
id: 1298
stamp: 1777101608.762322903
T_odom_lidar: 
   0.0936259     0.995607 -0.000556103        1.802
   -0.990036     0.093161     0.105592      1.33685
     0.10518  -0.00933559     0.994409  -0.00562099
           0            0            0            1
T_world_lidar: 
   0.0936259     0.995607 -0.000556103        1.802
   -0.990036     0.093161     0.105592      1.33685
     0.10518  -0.00933559     0.994409  -0.00562099
           0            0            0            1
v_world_imu:  -0.018077   0.177415 0.00600837
frame_53
id: 1299
stamp: 1777101608.862510920
T_odom_lidar: 
  0.0908355    0.995866 0.000189142     1.79929
  -0.990139   0.0902928     0.10711     1.35498
    0.10665 -0.00991663    0.994247 -0.00474873
          0           0           0           1
T_world_lidar: 
  0.0908355    0.995866 0.000189142     1.79929
  -0.990139   0.0902928     0.10711     1.35498
    0.10665 -0.00991663    0.994247 -0.00474873
          0           0           0           1
v_world_imu: -0.0199042   0.149997 0.00855114
frame_54
id: 1300
stamp: 1777101608.962324381
T_odom_lidar: 
   0.0909169     0.995858 -0.000834692      1.79886
   -0.990283    0.0904965      0.10559      1.36586
    0.105229  -0.00877336     0.994409  -0.00449645
           0            0            0            1
T_world_lidar: 
   0.0909169     0.995858 -0.000834692      1.79886
   -0.990283    0.0904965      0.10559      1.36586
    0.105229  -0.00877336     0.994409  -0.00449645
           0            0            0            1
v_world_imu:  0.0150032   0.105218 0.00193921
frame_55
id: 1301
stamp: 1777101609.062532902
T_odom_lidar: 
   0.0901483     0.995928 -0.000726273      1.79943
   -0.990546    0.0897368     0.103763      1.37947
    0.103405  -0.00863463     0.994602  -0.00433334
           0            0            0            1
T_world_lidar: 
   0.0901483     0.995928 -0.000726273      1.79943
   -0.990546    0.0897368     0.103763      1.37947
    0.103405  -0.00863463     0.994602  -0.00433334
           0            0            0            1
v_world_imu: -0.00961415    0.188092   0.0043997
frame_56
id: 1302
stamp: 1777101609.162375450
T_odom_lidar: 
    0.089308     0.996004 -0.000395412      1.79698
   -0.990511    0.0888571     0.104844      1.40132
     0.10446  -0.00897172     0.994489  -0.00348647
           0            0            0            1
T_world_lidar: 
    0.089308     0.996004 -0.000395412      1.79698
   -0.990511    0.0888571     0.104844      1.40132
     0.10446  -0.00897172     0.994489  -0.00348647
           0            0            0            1
v_world_imu: -0.0387235   0.222928  0.0116617
frame_57
id: 1303
stamp: 1777101609.262523413
T_odom_lidar: 
   0.0878694     0.996132 -0.000194895      1.79549
   -0.990587    0.0874009     0.105351       1.4226
     0.10496  -0.00906403     0.994435  -0.00274907
           0            0            0            1
T_world_lidar: 
   0.0878694     0.996132 -0.000194895      1.79549
   -0.990587    0.0874009     0.105351       1.4226
     0.10496  -0.00906403     0.994435  -0.00274907
           0            0            0            1
v_world_imu:  0.0215795   0.204721 0.00358449
frame_58
id: 1304
stamp: 1777101609.362412691
T_odom_lidar: 
  0.0913558    0.995818  0.00028406      1.7969
  -0.990445   0.0908333    0.103766     1.44006
   0.103307 -0.00976101    0.994602 -0.00242814
          0           0           0           1
T_world_lidar: 
  0.0913558    0.995818  0.00028406      1.7969
  -0.990445   0.0908333    0.103766     1.44006
   0.103307 -0.00976101    0.994602 -0.00242814
          0           0           0           1
v_world_imu: 0.00180586   0.178275 0.00912001
frame_59
id: 1305
stamp: 1777101609.462363958
T_odom_lidar: 
  0.0872021    0.996189 -0.00177504     1.79353
  -0.990826    0.086917    0.103489     1.45979
   0.103249 -0.00726568    0.994629 -0.00155595
          0           0           0           1
T_world_lidar: 
  0.0872021    0.996189 -0.00177504     1.79353
  -0.990826    0.086917    0.103489     1.45979
   0.103249 -0.00726568    0.994629 -0.00155595
          0           0           0           1
v_world_imu: -0.0412201   0.224551 0.00898041
frame_60
id: 1306
stamp: 1777101609.562450886
T_odom_lidar: 
    0.087529     0.996162 -0.000790944       1.7921
   -0.990669    0.0871296     0.104801      1.48309
    0.104468  -0.00838956     0.994493  -0.00124471
           0            0            0            1
T_world_lidar: 
    0.087529     0.996162 -0.000790944       1.7921
   -0.990669    0.0871296     0.104801      1.48309
    0.104468  -0.00838956     0.994493  -0.00124471
           0            0            0            1
v_world_imu:   0.0247968    0.194906 -0.00267867
frame_61
id: 1307
stamp: 1777101609.662467718
T_odom_lidar: 
  0.0908767    0.995862 0.000160207     1.79431
  -0.990554   0.0903757    0.103126     1.49932
   0.102685 -0.00953046    0.994668 -0.00173843
          0           0           0           1
T_world_lidar: 
  0.0908767    0.995862 0.000160207     1.79431
  -0.990554   0.0903757    0.103126     1.49932
   0.102685 -0.00953046    0.994668 -0.00173843
          0           0           0           1
v_world_imu:  0.00423258    0.155065 -0.00103551
frame_62
id: 1308
stamp: 1777101609.762510538
T_odom_lidar: 
   0.0864589     0.996255 -0.000987196      1.79144
   -0.991025    0.0861064     0.102249      1.51658
    0.101951  -0.00786201     0.994758  -0.00180654
           0            0            0            1
T_world_lidar: 
   0.0864589     0.996255 -0.000987196      1.79144
   -0.991025    0.0861064     0.102249      1.51658
    0.101951  -0.00786201     0.994758  -0.00180654
           0            0            0            1
v_world_imu:  -0.0285056    0.213548 0.000386147
frame_63
id: 1309
stamp: 1777101609.862531424
T_odom_lidar: 
  0.0866277     0.99624 0.000748006     1.79068
  -0.990911   0.0860866    0.103366     1.53981
   0.102913 -0.00969556    0.994643 -0.00201453
          0           0           0           1
T_world_lidar: 
  0.0866277     0.99624 0.000748006     1.79068
  -0.990911   0.0860866    0.103366     1.53981
   0.102913 -0.00969556    0.994643 -0.00201453
          0           0           0           1
v_world_imu:   0.0115287    0.207069 -0.00443658
frame_64
id: 1310
stamp: 1777101609.962424517
T_odom_lidar: 
 0.0894142   0.995992  0.0022489    1.79209
 -0.990756  0.0887125   0.102628    1.55954
  0.102017 -0.0114045   0.994717 -0.0026814
         0          0          0          1
T_world_lidar: 
 0.0894142   0.995992  0.0022489    1.79209
 -0.990756  0.0887125   0.102628    1.55954
  0.102017 -0.0114045   0.994717 -0.0026814
         0          0          0          1
v_world_imu: -4.38827e-05     0.188517  -0.00454108
frame_65
id: 1311
stamp: 1777101610.062547684
T_odom_lidar: 
  0.0867803    0.996227  0.00110289     1.78868
  -0.991002   0.0862117    0.102389     1.57852
   0.101907 -0.00997828    0.994744 -0.00541338
          0           0           0           1
T_world_lidar: 
  0.0867803    0.996227  0.00110289     1.78868
  -0.991002   0.0862117    0.102389     1.57852
   0.101907 -0.00997828    0.994744 -0.00541338
          0           0           0           1
v_world_imu:  -0.0313978    0.217636 0.000216198
frame_66
id: 1312
stamp: 1777101610.164480925
T_odom_lidar: 
  0.0877281    0.996144  0.00135986     1.78733
  -0.990856   0.0871217    0.103028     1.60342
   0.102513  -0.0103859    0.994677 -0.00560256
          0           0           0           1
T_world_lidar: 
  0.0877281    0.996144  0.00135986     1.78733
  -0.990856   0.0871217    0.103028     1.60342
   0.102513  -0.0103859    0.994677 -0.00560256
          0           0           0           1
v_world_imu: -0.00103811    0.254433 -0.00404648
frame_67
id: 1313
stamp: 1777101610.262622118
T_odom_lidar: 
  0.0885202    0.996073   0.0017435     1.78692
  -0.990762   0.0878674      0.1033     1.62699
   0.102741  -0.0108715    0.994649 -0.00586081
          0           0           0           1
T_world_lidar: 
  0.0885202    0.996073   0.0017435     1.78692
  -0.990762   0.0878674      0.1033     1.62699
   0.102741  -0.0108715    0.994649 -0.00586081
          0           0           0           1
v_world_imu:  -0.0129228    0.219091 -0.00206053
frame_68
id: 1314
stamp: 1777101610.362555981
T_odom_lidar: 
  0.0872357    0.996188 0.000597662     1.78459
  -0.990859   0.0867072    0.103341     1.65005
   0.102895 -0.00960726    0.994646 -0.00597744
          0           0           0           1
T_world_lidar: 
  0.0872357    0.996188 0.000597662     1.78459
  -0.990859   0.0867072    0.103341     1.65005
   0.102895 -0.00960726    0.994646 -0.00597744
          0           0           0           1
v_world_imu:   -0.0196551     0.246357 -0.000219913
frame_69
id: 1315
stamp: 1777101610.462488174
T_odom_lidar: 
  0.0882217    0.996101 0.000754771     1.78335
  -0.990727   0.0876672    0.103797     1.67619
   0.103326 -0.00990489    0.994598  -0.0060677
          0           0           0           1
T_world_lidar: 
  0.0882217    0.996101 0.000754771     1.78335
  -0.990727   0.0876672    0.103797     1.67619
   0.103326 -0.00990489    0.994598  -0.0060677
          0           0           0           1
v_world_imu:  -0.0135411    0.269191 -0.00213249
frame_70
id: 1316
stamp: 1777101610.562564611
T_odom_lidar: 
  0.0883797    0.996087 0.000576886     1.78197
  -0.990698   0.0878414    0.103929     1.70169
   0.103471  -0.0097567    0.994585 -0.00619212
          0           0           0           1
T_world_lidar: 
  0.0883797    0.996087 0.000576886     1.78197
  -0.990698   0.0878414    0.103929     1.70169
   0.103471  -0.0097567    0.994585 -0.00619212
          0           0           0           1
v_world_imu:  -0.0202358    0.247916 -0.00240196
frame_71
id: 1317
stamp: 1777101610.662561178
T_odom_lidar: 
  0.0885869    0.996068 0.000101774     1.78027
  -0.990682   0.0880973    0.103861     1.72616
   0.103444 -0.00930156    0.994592 -0.00636244
          0           0           0           1
T_world_lidar: 
  0.0885869    0.996068 0.000101774     1.78027
  -0.990682   0.0880973    0.103861     1.72616
   0.103444 -0.00930156    0.994592 -0.00636244
          0           0           0           1
v_world_imu:   -0.0102095     0.252381 -0.000977188
frame_72
id: 1318
stamp: 1777101610.762494802
T_odom_lidar: 
   0.090529    0.995894 0.000351646     1.77942
  -0.990428   0.0899952    0.104654     1.75092
   0.104193 -0.00982252    0.994509 -0.00661155
          0           0           0           1
T_world_lidar: 
   0.090529    0.995894 0.000351646     1.77942
  -0.990428   0.0899952    0.104654     1.75092
   0.104193 -0.00982252    0.994509 -0.00661155
          0           0           0           1
v_world_imu:  -0.0089541    0.233869 0.000148811
frame_73
id: 1319
stamp: 1777101610.862642527
T_odom_lidar: 
  0.0931889    0.995647   0.0014465     1.77859
  -0.990085   0.0925147    0.105702     1.77556
   0.105108  -0.0112824    0.994397 -0.00674506
          0           0           0           1
T_world_lidar: 
  0.0931889    0.995647   0.0014465     1.77859
  -0.990085   0.0925147    0.105702     1.77556
   0.105108  -0.0112824    0.994397 -0.00674506
          0           0           0           1
v_world_imu: -0.0248731   0.230431 -0.0029954
frame_74
id: 1320
stamp: 1777101610.962499142
T_odom_lidar: 
  0.0928077    0.995683  0.00111298     1.77668
  -0.990087   0.0921675    0.105988     1.79806
   0.105428  -0.0109385    0.994367 -0.00682701
          0           0           0           1
T_world_lidar: 
  0.0928077    0.995683  0.00111298     1.77668
  -0.990087   0.0921675    0.105988     1.79806
   0.105428  -0.0109385    0.994367 -0.00682701
          0           0           0           1
v_world_imu:  -0.0144856    0.238094 0.000437873
frame_75
id: 1321
stamp: 1777101611.062485695
T_odom_lidar: 
  0.0924858    0.995714 8.45195e-05     1.77446
  -0.990126   0.0919578    0.105803     1.81919
   0.105342 -0.00986896    0.994387 -0.00686166
          0           0           0           1
T_world_lidar: 
  0.0924858    0.995714 8.45195e-05     1.77446
  -0.990126   0.0919578    0.105803     1.81919
   0.105342 -0.00986896    0.994387 -0.00686166
          0           0           0           1
v_world_imu: -0.0210761   0.210779 0.00109084
frame_76
id: 1322
stamp: 1777101611.162583590
T_odom_lidar: 
   0.0928931     0.995676 -5.31874e-05      1.77234
   -0.989962    0.0923657     0.106979      1.84099
    0.106521  -0.00988492     0.994261  -0.00666941
           0            0            0            1
T_world_lidar: 
   0.0928931     0.995676 -5.31874e-05      1.77234
   -0.989962    0.0923657     0.106979      1.84099
    0.106521  -0.00988492     0.994261  -0.00666941
           0            0            0            1
v_world_imu:  -0.020996   0.194684 0.00107694
frame_77
id: 1323
stamp: 1777101611.262538910
T_odom_lidar: 
   0.0927324     0.995691 -0.000877942      1.77025
   -0.990065     0.092302     0.106075      1.86096
    0.105698  -0.00896733     0.994358  -0.00648636
           0            0            0            1
T_world_lidar: 
   0.0927324     0.995691 -0.000877942      1.77025
   -0.990065     0.092302     0.106075      1.86096
    0.105698  -0.00896733     0.994358  -0.00648636
           0            0            0            1
v_world_imu: -0.0177619   0.223937 0.00150278
frame_78
id: 1324
stamp: 1777101611.362591743
T_odom_lidar: 
   0.0956659     0.995413 -0.000822614      1.76813
   -0.989685    0.0952039     0.107048      1.88588
    0.106635  -0.00942669     0.994254  -0.00632226
           0            0            0            1
T_world_lidar: 
   0.0956659     0.995413 -0.000822614      1.76813
   -0.989685    0.0952039     0.107048      1.88588
    0.106635  -0.00942669     0.994254  -0.00632226
           0            0            0            1
v_world_imu: -0.0292071   0.268686 0.00567785
frame_79
id: 1325
stamp: 1777101611.462605715
T_odom_lidar: 
   0.095864    0.995394 -0.00104633     1.76596
   -0.98958   0.0954174    0.107826     1.91062
    0.10743 -0.00930124    0.994169 -0.00601655
          0           0           0           1
T_world_lidar: 
   0.095864    0.995394 -0.00104633     1.76596
   -0.98958   0.0954174    0.107826     1.91062
    0.10743 -0.00930124    0.994169 -0.00601655
          0           0           0           1
v_world_imu: -0.0131373    0.22379 0.00148766
frame_80
id: 1326
stamp: 1777101611.562706470
T_odom_lidar: 
   0.0964905     0.995334 -0.000567525       1.7646
   -0.989457    0.0959826     0.108454      1.93383
    0.108003  -0.00990325     0.994101  -0.00576139
           0            0            0            1
T_world_lidar: 
   0.0964905     0.995334 -0.000567525       1.7646
   -0.989457    0.0959826     0.108454      1.93383
    0.108003  -0.00990325     0.994101  -0.00576139
           0            0            0            1
v_world_imu: -0.0109926   0.232342 0.00205022
frame_81
id: 1327
stamp: 1777101611.662651777
T_odom_lidar: 
  0.0967233    0.995311 -0.00103704     1.76265
    -0.9894   0.0962622    0.108724     1.95388
   0.108314 -0.00949007    0.994071 -0.00551928
          0           0           0           1
T_world_lidar: 
  0.0967233    0.995311 -0.00103704     1.76265
    -0.9894   0.0962622    0.108724     1.95388
   0.108314 -0.00949007    0.994071 -0.00551928
          0           0           0           1
v_world_imu: -0.0256284   0.188561 0.00720391
frame_82
id: 1328
stamp: 1777101611.762557507
T_odom_lidar: 
  0.0957831    0.995401 -0.00157476     1.76043
  -0.989463    0.095384    0.108929     1.97113
   0.108578 -0.00887539    0.994048 -0.00514486
          0           0           0           1
T_world_lidar: 
  0.0957831    0.995401 -0.00157476     1.76043
  -0.989463    0.095384    0.108929     1.97113
   0.108578 -0.00887539    0.994048 -0.00514486
          0           0           0           1
v_world_imu: -0.0312785   0.162458 0.00115773
frame_83
id: 1329
stamp: 1777101611.862581730
T_odom_lidar: 
  0.0953103    0.995445 -0.00210456     1.75842
  -0.989511   0.0949722    0.108849     1.98897
   0.108553 -0.00829194    0.994056  -0.0048781
          0           0           0           1
T_world_lidar: 
  0.0953103    0.995445 -0.00210456     1.75842
  -0.989511   0.0949722    0.108849     1.98897
   0.108553 -0.00829194    0.994056  -0.0048781
          0           0           0           1
v_world_imu: -0.00953089    0.198841  0.00157141
frame_84
id: 1330
stamp: 1777101611.962545633
T_odom_lidar: 
  0.0968602    0.995297  -0.0012938     1.75763
  -0.989325   0.0964211    0.109266     2.01045
   0.108877 -0.00930351    0.994012 -0.00463265
          0           0           0           1
T_world_lidar: 
  0.0968602    0.995297  -0.0012938     1.75763
  -0.989325   0.0964211    0.109266     2.01045
   0.108877 -0.00930351    0.994012 -0.00463265
          0           0           0           1
v_world_imu: -0.00420306    0.220179  0.00451311
frame_85
id: 1331
stamp: 1777101612.062607527
T_odom_lidar: 
  0.0975956    0.995226 -0.00106771     1.75633
  -0.989246   0.0971265    0.109359     2.03048
   0.108941 -0.00961675    0.994002 -0.00453539
          0           0           0           1
T_world_lidar: 
  0.0975956    0.995226 -0.00106771     1.75633
  -0.989246   0.0971265    0.109359     2.03048
   0.108941 -0.00961675    0.994002 -0.00453539
          0           0           0           1
v_world_imu:  -0.0190015    0.188179 -0.00164666
frame_86
id: 1332
stamp: 1777101612.162550688
T_odom_lidar: 
  0.0965699    0.995326 -0.00114034     1.75437
  -0.989328   0.0961135    0.109507     2.04951
   0.109105  -0.0094469    0.993985 -0.00432128
          0           0           0           1
T_world_lidar: 
  0.0965699    0.995326 -0.00114034     1.75437
  -0.989328   0.0961135    0.109507     2.04951
   0.109105  -0.0094469    0.993985 -0.00432128
          0           0           0           1
v_world_imu: -0.0199858   0.185109 0.00309394
frame_87
id: 1333
stamp: 1777101612.262629271
T_odom_lidar: 
   0.098197    0.995166 -0.00109575     1.75307
  -0.989084   0.0977183    0.110293     2.07028
   0.109867 -0.00974667    0.993899 -0.00414344
          0           0           0           1
T_world_lidar: 
   0.098197    0.995166 -0.00109575     1.75307
  -0.989084   0.0977183    0.110293     2.07028
   0.109867 -0.00974667    0.993899 -0.00414344
          0           0           0           1
v_world_imu: -0.0122432    0.22017 0.00221343
frame_88
id: 1334
stamp: 1777101612.362691402
T_odom_lidar: 
  0.0980102    0.995184 -0.00152784     1.75132
   -0.98912   0.0975819    0.110093     2.08887
   0.109711 -0.00927898     0.99392 -0.00399108
          0           0           0           1
T_world_lidar: 
  0.0980102    0.995184 -0.00152784     1.75132
   -0.98912   0.0975819    0.110093     2.08887
   0.109711 -0.00927898     0.99392 -0.00399108
          0           0           0           1
v_world_imu: -0.0250854   0.172284  0.0023381
frame_89
id: 1335
stamp: 1777101612.462611675
T_odom_lidar: 
  0.0957698    0.995401 -0.00202328     1.74914
  -0.989285    0.095406     0.11051     2.10729
   0.110195 -0.00858191    0.993873 -0.00372171
          0           0           0           1
T_world_lidar: 
  0.0957698    0.995401 -0.00202328     1.74914
  -0.989285    0.095406     0.11051     2.10729
   0.110195 -0.00858191    0.993873 -0.00372171
          0           0           0           1
v_world_imu: -0.0234378   0.208828 -0.0010203
frame_90
id: 1336
stamp: 1777101612.562712908
T_odom_lidar: 
  0.0961191    0.995368  -0.0017885     1.74805
    -0.9892   0.0957228    0.111002     2.12947
   0.110659 -0.00890024    0.993819 -0.00368917
          0           0           0           1
T_world_lidar: 
  0.0961191    0.995368  -0.0017885     1.74805
    -0.9892   0.0957228    0.111002     2.12947
   0.110659 -0.00890024    0.993819 -0.00368917
          0           0           0           1
v_world_imu: -0.0104269   0.222667 0.00278135
frame_91
id: 1337
stamp: 1777101612.662668228
T_odom_lidar: 
  0.0969022    0.995293 -0.00113987     1.74674
  -0.989154   0.0964313    0.110794     2.15294
   0.110383  -0.0096087    0.993843 -0.00350199
          0           0           0           1
T_world_lidar: 
  0.0969022    0.995293 -0.00113987     1.74674
  -0.989154   0.0964313    0.110794     2.15294
   0.110383  -0.0096087    0.993843 -0.00350199
          0           0           0           1
v_world_imu:  -0.0101101      0.2346 -0.00188638
frame_92
id: 1338
stamp: 1777101612.762779236
T_odom_lidar: 
   0.0971345     0.995271 -0.000848916      1.74552
   -0.989152    0.0966317     0.110637      2.17522
    0.110196  -0.00990697     0.993861  -0.00358288
           0            0            0            1
T_world_lidar: 
   0.0971345     0.995271 -0.000848916      1.74552
   -0.989152    0.0966317     0.110637      2.17522
    0.110196  -0.00990697     0.993861  -0.00358288
           0            0            0            1
v_world_imu:  -0.0186327     0.21252 0.000496593
frame_93
id: 1339
stamp: 1777101612.862712860
T_odom_lidar: 
   0.0980633      0.99518 -0.000131696      1.74429
   -0.989108    0.0974795     0.110287      2.19824
    0.109768   -0.0106848       0.9939  -0.00360216
           0            0            0            1
T_world_lidar: 
   0.0980633      0.99518 -0.000131696      1.74429
   -0.989108    0.0974795     0.110287      2.19824
    0.109768   -0.0106848       0.9939  -0.00360216
           0            0            0            1
v_world_imu:  -0.0156575    0.242305 0.000414888
frame_94
id: 1340
stamp: 1777101612.962688684
T_odom_lidar: 
     0.09772     0.995214 -0.000106729      1.74274
   -0.989089    0.0971305     0.110764      2.22267
    0.110245   -0.0107183     0.993847  -0.00356817
           0            0            0            1
T_world_lidar: 
     0.09772     0.995214 -0.000106729      1.74274
   -0.989089    0.0971305     0.110764      2.22267
    0.110245   -0.0107183     0.993847  -0.00356817
           0            0            0            1
v_world_imu: -0.0071235   0.242056 0.00208229
frame_95
id: 1341
stamp: 1777101613.062778711
T_odom_lidar: 
   0.0990214     0.995085 -0.000783083      1.74119
    -0.98898    0.0985009     0.110522      2.24461
    0.110056   -0.0101696     0.993873  -0.00363905
           0            0            0            1
T_world_lidar: 
   0.0990214     0.995085 -0.000783083      1.74119
    -0.98898    0.0985009     0.110522      2.24461
    0.110056   -0.0101696     0.993873  -0.00363905
           0            0            0            1
v_world_imu:  -0.0240878    0.209645 -0.00178918
frame_96
id: 1342
stamp: 1777101613.162694693
T_odom_lidar: 
  0.0968114    0.995301 -0.00175618     1.73833
  -0.989182   0.0964113    0.110565     2.26681
   0.110215 -0.00896681    0.993867 -0.00354416
          0           0           0           1
T_world_lidar: 
  0.0968114    0.995301 -0.00175618     1.73833
  -0.989182   0.0964113    0.110565     2.26681
   0.110215 -0.00896681    0.993867 -0.00354416
          0           0           0           1
v_world_imu:  -0.0388004    0.233481 0.000370255
frame_97
id: 1343
stamp: 1777101613.262712002
T_odom_lidar: 
  0.0907825    0.995868 -0.00237899     1.73543
  -0.989729   0.0904873    0.110677     2.29162
   0.110434 -0.00769294    0.993854 -0.00337917
          0           0           0           1
T_world_lidar: 
  0.0907825    0.995868 -0.00237899     1.73543
  -0.989729   0.0904873    0.110677     2.29162
   0.110434 -0.00769294    0.993854 -0.00337917
          0           0           0           1
v_world_imu:  -0.0276041    0.258816 -0.00242433
frame_98
id: 1344
stamp: 1777101613.362831831
T_odom_lidar: 
  0.0870346    0.996205 0.000964122     1.73615
  -0.990056     0.08639    0.111023     2.31849
   0.110518  -0.0106174    0.993817 -0.00377821
          0           0           0           1
T_world_lidar: 
  0.0870346    0.996205 0.000964122     1.73615
  -0.990056     0.08639    0.111023     2.31849
   0.110518  -0.0106174    0.993817 -0.00377821
          0           0           0           1
v_world_imu:   0.0283511    0.290579 -0.00573325
frame_99
id: 1345
stamp: 1777101613.462808609
T_odom_lidar: 
  0.0733584    0.997296  0.00446759     1.73314
  -0.991181   0.0724114    0.110985     2.34303
   0.110362  -0.0125699    0.993812 -0.00401154
          0           0           0           1
T_world_lidar: 
  0.0733584    0.997296  0.00446759     1.73314
  -0.991181   0.0724114    0.110985     2.34303
   0.110362  -0.0125699    0.993812 -0.00401154
          0           0           0           1
v_world_imu: -0.123468  0.206462  0.010987
frame_100
id: 1346
stamp: 1777101613.562600613
T_odom_lidar: 
  0.0592382    0.998243   0.0011599     1.72418
  -0.992063   0.0587423    0.111175      2.3623
   0.110911  -0.0077365      0.9938 -0.00284396
          0           0           0           1
T_world_lidar: 
  0.0592382    0.998243   0.0011599     1.72418
  -0.992063   0.0587423    0.111175      2.3623
   0.110911  -0.0077365      0.9938 -0.00284396
          0           0           0           1
v_world_imu: -0.0517808   0.204457 0.00370448
frame_101
id: 1347
stamp: 1777101613.662721872
T_odom_lidar: 
  0.0636817    0.997964  0.00358186     1.72811
  -0.991961   0.0629046    0.109803     2.38535
   0.109354  -0.0105455    0.993947 -0.00311961
          0           0           0           1
T_world_lidar: 
  0.0636817    0.997964  0.00358186     1.72811
  -0.991961   0.0629046    0.109803     2.38535
   0.109354  -0.0105455    0.993947 -0.00311961
          0           0           0           1
v_world_imu:   0.0586856    0.236847 -0.00665148
frame_102
id: 1348
stamp: 1777101613.762774467
T_odom_lidar: 
  0.0665646    0.997769  0.00521015     1.72915
  -0.991794    0.065593    0.109736     2.40868
   0.109149  -0.0124719    0.993947 -0.00330324
          0           0           0           1
T_world_lidar: 
  0.0665646    0.997769  0.00521015     1.72915
  -0.991794    0.065593    0.109736     2.40868
   0.109149  -0.0124719    0.993947 -0.00330324
          0           0           0           1
v_world_imu: -0.0687552   0.214659 0.00788327
frame_103
id: 1349
stamp: 1777101613.862610102
T_odom_lidar: 
  0.0573616    0.998351  0.00227074     1.72343
  -0.992255   0.0567601    0.110488     2.43022
   0.110177 -0.00859094    0.993875  -0.0025004
          0           0           0           1
T_world_lidar: 
  0.0573616    0.998351  0.00227074     1.72343
  -0.992255   0.0567601    0.110488     2.43022
   0.110177 -0.00859094    0.993875  -0.0025004
          0           0           0           1
v_world_imu:  -0.021848    0.21807 0.00370957
frame_104
id: 1350
stamp: 1777101613.962700844
T_odom_lidar: 
  0.0610498    0.998128  0.00367033     1.72612
  -0.992169   0.0602831    0.109394     2.45369
   0.108967    -0.01032    0.993992 -0.00280606
          0           0           0           1
T_world_lidar: 
  0.0610498    0.998128  0.00367033     1.72612
  -0.992169   0.0602831    0.109394     2.45369
   0.108967    -0.01032    0.993992 -0.00280606
          0           0           0           1
v_world_imu:   0.0473853    0.228056 -0.00173158
frame_105
id: 1351
stamp: 1777101614.062711477
T_odom_lidar: 
  0.0612872    0.998115  0.00319994     1.72579
   -0.99216    0.060571    0.109319     2.47874
   0.108919 -0.00987469    0.994002 -0.00227805
          0           0           0           1
T_world_lidar: 
  0.0612872    0.998115  0.00319994     1.72579
   -0.99216    0.060571    0.109319     2.47874
   0.108919 -0.00987469    0.994002 -0.00227805
          0           0           0           1
v_world_imu: -0.0479426   0.258435  0.0120243
frame_106
id: 1352
stamp: 1777101614.162831068
T_odom_lidar: 
  0.0559625    0.998432  0.00104913     1.72087
  -0.992386   0.0555081    0.109947     2.50447
   0.109717 -0.00719407    0.993937 -0.00164395
          0           0           0           1
T_world_lidar: 
  0.0559625    0.998432  0.00104913     1.72087
  -0.992386   0.0555081    0.109947     2.50447
   0.109717 -0.00719407    0.993937 -0.00164395
          0           0           0           1
v_world_imu: -0.0118753   0.248863 0.00730022
frame_107
id: 1353
stamp: 1777101614.262672663
T_odom_lidar: 
  0.0560169     0.99843 0.000323529       1.721
  -0.992548   0.0556518    0.108408     2.52764
    0.10822  -0.0063938    0.994106  -0.0014842
          0           0           0           1
T_world_lidar: 
  0.0560169     0.99843 0.000323529       1.721
  -0.992548   0.0556518    0.108408     2.52764
    0.10822  -0.0063938    0.994106  -0.0014842
          0           0           0           1
v_world_imu:  0.00184768    0.229108 0.000467031
frame_108
id: 1354
stamp: 1777101614.362736464
T_odom_lidar: 
  0.0536543    0.998558  0.00195617     1.71987
  -0.992614   0.0531213    0.109067     2.55456
   0.108806 -0.00779365    0.994032  -0.0011156
          0           0           0           1
T_world_lidar: 
  0.0536543    0.998558  0.00195617     1.71987
  -0.992614   0.0531213    0.109067     2.55456
   0.108806 -0.00779365    0.994032  -0.0011156
          0           0           0           1
v_world_imu: -0.00865126    0.306545  0.00969001
frame_109
id: 1355
stamp: 1777101614.462794542
T_odom_lidar: 
   0.0407401     0.999159   0.00462477      1.71586
   -0.993039    0.0399777     0.110797      2.58188
    0.110519  -0.00910646     0.993832 -0.000631947
           0            0            0            1
T_world_lidar: 
   0.0407401     0.999159   0.00462477      1.71586
   -0.993039    0.0399777     0.110797      2.58188
    0.110519  -0.00910646     0.993832 -0.000631947
           0            0            0            1
v_world_imu:  -0.121171    0.23839 0.00934687
frame_110
id: 1356
stamp: 1777101614.562735558
T_odom_lidar: 
   0.0269498     0.999634   0.00223065      1.70817
   -0.993513     0.026538     0.110575      2.60069
    0.110476  -0.00519616     0.993865 -0.000590286
           0            0            0            1
T_world_lidar: 
   0.0269498     0.999634   0.00223065      1.70817
   -0.993513     0.026538     0.110575      2.60069
    0.110476  -0.00519616     0.993865 -0.000590286
           0            0            0            1
v_world_imu:  -0.0471505    0.199225 -0.00395084
frame_111
id: 1357
stamp: 1777101614.662845135
T_odom_lidar: 
  0.0279708    0.999599  0.00444321     1.71196
    -0.9936   0.0273158    0.109602     2.62307
   0.109436 -0.00748042    0.993966 -0.00176209
          0           0           0           1
T_world_lidar: 
  0.0279708    0.999599  0.00444321     1.71196
    -0.9936   0.0273158    0.109602     2.62307
   0.109436 -0.00748042    0.993966 -0.00176209
          0           0           0           1
v_world_imu:  0.0359456   0.247225 -0.0084332
frame_112
id: 1358
stamp: 1777101614.762793064
T_odom_lidar: 
  0.0297582    0.999534  0.00672754     1.71197
  -0.993488   0.0288363    0.110223     2.64893
   0.109978 -0.00996378    0.993884 -0.00471985
          0           0           0           1
T_world_lidar: 
  0.0297582    0.999534  0.00672754     1.71197
  -0.993488   0.0288363    0.110223     2.64893
   0.109978 -0.00996378    0.993884 -0.00471985
          0           0           0           1
v_world_imu:   -0.061874      0.2348 -0.00129586
frame_113
id: 1359
stamp: 1777101614.862891674
T_odom_lidar: 
   0.022159    0.999746  0.00410637     1.70807
  -0.993613   0.0215682    0.110757     2.67087
   0.110641 -0.00653442    0.993839 -0.00472347
          0           0           0           1
T_world_lidar: 
   0.022159    0.999746  0.00410637     1.70807
  -0.993613   0.0215682    0.110757     2.67087
   0.110641 -0.00653442    0.993839 -0.00472347
          0           0           0           1
v_world_imu: -0.00898675    0.224693 -0.00423694
frame_114
id: 1360
stamp: 1777101614.962872744
T_odom_lidar: 
  0.0267004    0.999627  0.00569948     1.71081
  -0.993521   0.0259064    0.110653     2.69653
   0.110464 -0.00861704    0.993843  -0.0055538
          0           0           0           1
T_world_lidar: 
  0.0267004    0.999627  0.00569948     1.71081
  -0.993521   0.0259064    0.110653     2.69653
   0.110464 -0.00861704    0.993843  -0.0055538
          0           0           0           1
v_world_imu:  0.0345903   0.272375 -0.0077562
frame_115
id: 1361
stamp: 1777101615.062827826
T_odom_lidar: 
  0.0253812    0.999663  0.00548522     1.70966
  -0.993386   0.0246064    0.112156     2.72246
   0.111984  -0.0082956    0.993675 -0.00561455
          0           0           0           1
T_world_lidar: 
  0.0253812    0.999663  0.00548522     1.70966
  -0.993386   0.0246064    0.112156     2.72246
   0.111984  -0.0082956    0.993675 -0.00561455
          0           0           0           1
v_world_imu:  -0.0427828    0.236091 -0.00194301
frame_116
id: 1362
stamp: 1777101615.162729025
T_odom_lidar: 
  0.0216901    0.999757  0.00383026     1.70732
  -0.993422   0.0211215    0.112549     2.74656
   0.112441 -0.00624626    0.993639 -0.00582374
          0           0           0           1
T_world_lidar: 
  0.0216901    0.999757  0.00383026     1.70732
  -0.993422   0.0211215    0.112549     2.74656
   0.112441 -0.00624626    0.993639 -0.00582374
          0           0           0           1
v_world_imu:   0.0111368    0.262293 -0.00633963
frame_117
id: 1363
stamp: 1777101615.262854338
T_odom_lidar: 
  0.0254719    0.999659  0.00571777     1.70991
  -0.993397   0.0246715    0.112041     2.77349
   0.111862 -0.00853391    0.993687  -0.0065681
          0           0           0           1
T_world_lidar: 
  0.0254719    0.999659  0.00571777     1.70991
  -0.993397   0.0246715    0.112041     2.77349
   0.111862 -0.00853391    0.993687  -0.0065681
          0           0           0           1
v_world_imu:   0.0230833    0.273299 -0.00575441
frame_118
id: 1364
stamp: 1777101615.362726688
T_odom_lidar: 
  0.0237918    0.999702  0.00540809     1.70835
  -0.993339   0.0230296    0.112903     2.79653
   0.112745 -0.00805825    0.993591 -0.00667246
          0           0           0           1
T_world_lidar: 
  0.0237918    0.999702  0.00540809     1.70835
  -0.993339   0.0230296    0.112903     2.79653
   0.112745 -0.00805825    0.993591 -0.00667246
          0           0           0           1
v_world_imu:   -0.0426004     0.168707 -0.000933627
frame_119
id: 1365
stamp: 1777101615.462917805
T_odom_lidar: 
  0.0214404    0.999757  0.00506727      1.7076
  -0.993455   0.0207359     0.11233     2.81474
   0.112197  -0.0074425    0.993658 -0.00699059
          0           0           0           1
T_world_lidar: 
  0.0214404    0.999757  0.00506727      1.7076
  -0.993455   0.0207359     0.11233     2.81474
   0.112197  -0.0074425    0.993658 -0.00699059
          0           0           0           1
v_world_imu:   0.0313035    0.190839 -0.00839313
frame_120
id: 1366
stamp: 1777101615.562888384
T_odom_lidar: 
  0.0250215    0.999667   0.0063258     1.70999
   -0.99349   0.0241625    0.111327     2.83234
   0.111137  -0.0090702    0.993764 -0.00771995
          0           0           0           1
T_world_lidar: 
  0.0250215    0.999667   0.0063258     1.70999
   -0.99349   0.0241625    0.111327     2.83234
   0.111137  -0.0090702    0.993764 -0.00771995
          0           0           0           1
v_world_imu:   0.0145207    0.176587 -0.00160176
frame_121
id: 1367
stamp: 1777101615.662766933
T_odom_lidar: 
  0.0221346    0.999743  0.00495304     1.70815
  -0.993589   0.0214485    0.110998     2.84921
   0.110863 -0.00737819    0.993808 -0.00788533
          0           0           0           1
T_world_lidar: 
  0.0221346    0.999743  0.00495304     1.70815
  -0.993589   0.0214485    0.110998     2.84921
   0.110863 -0.00737819    0.993808 -0.00788533
          0           0           0           1
v_world_imu:  -0.0252576    0.181437 -0.00035009
frame_122
id: 1368
stamp: 1777101615.762885332
T_odom_lidar: 
  0.0212501    0.999759  0.00553813     1.70792
  -0.993524   0.0204985    0.111757     2.86886
   0.111617 -0.00787711     0.99372 -0.00815918
          0           0           0           1
T_world_lidar: 
  0.0212501    0.999759  0.00553813     1.70792
  -0.993524   0.0204985    0.111757     2.86886
   0.111617 -0.00787711     0.99372 -0.00815918
          0           0           0           1
v_world_imu:  0.0175726   0.174283 -0.0071153
frame_123
id: 1369
stamp: 1777101615.862866879
T_odom_lidar: 
  0.0227401    0.999727  0.00543021     1.70887
  -0.993582   0.0219977    0.110952     2.88635
   0.110802 -0.00791842    0.993811 -0.00878294
          0           0           0           1
T_world_lidar: 
  0.0227401    0.999727  0.00543021     1.70887
  -0.993582   0.0219977    0.110952     2.88635
   0.110802 -0.00791842    0.993811 -0.00878294
          0           0           0           1
v_world_imu:   0.0132014    0.195935 -0.00388572
frame_124
id: 1370
stamp: 1777101615.962746382
T_odom_lidar: 
  0.0220773    0.999742  0.00530955     1.70788
  -0.993532   0.0213478    0.111527     2.90587
   0.111385 -0.00773743    0.993747 -0.00897948
          0           0           0           1
T_world_lidar: 
  0.0220773    0.999742  0.00530955     1.70788
  -0.993532   0.0213478    0.111527     2.90587
   0.111385 -0.00773743    0.993747 -0.00897948
          0           0           0           1
v_world_imu: -0.0119469   0.199853 0.00187311
frame_125
id: 1371
stamp: 1777101616.062914133
T_odom_lidar: 
  0.0205291    0.999773  0.00578631     1.70785
  -0.993467   0.0197491    0.112398     2.92605
   0.112258 -0.00805593    0.993646 -0.00909736
          0           0           0           1
T_world_lidar: 
  0.0205291    0.999773  0.00578631     1.70785
  -0.993467   0.0197491    0.112398     2.92605
   0.112258 -0.00805593    0.993646 -0.00909736
          0           0           0           1
v_world_imu:   0.0117492     0.18416 -0.00481476
frame_126
id: 1372
stamp: 1777101616.162858725
T_odom_lidar: 
  0.0217403    0.999743  0.00645984     1.70909
  -0.993459   0.0208783    0.112264     2.94374
   0.112101 -0.00885825    0.993657 -0.00974126
          0           0           0           1
T_world_lidar: 
  0.0217403    0.999743  0.00645984     1.70909
  -0.993459   0.0208783    0.112264     2.94374
   0.112101 -0.00885825    0.993657 -0.00974126
          0           0           0           1
v_world_imu: 0.00604356   0.161614 -0.0039387
frame_127
id: 1373
stamp: 1777101616.262974024
T_odom_lidar: 
  0.0176163    0.999829  0.00565228     1.70798
  -0.993546   0.0168716    0.112165     2.96031
   0.112051 -0.00759175    0.993673 -0.00999729
          0           0           0           1
T_world_lidar: 
  0.0176163    0.999829  0.00565228     1.70798
  -0.993546   0.0168716    0.112165     2.96031
   0.112051 -0.00759175    0.993673 -0.00999729
          0           0           0           1
v_world_imu: -0.0093922   0.185673 0.00043774
frame_128
id: 1374
stamp: 1777101616.362906218
T_odom_lidar: 
  0.0168864    0.999839  0.00607395     1.70795
  -0.993461    0.016092    0.113033      2.9782
   0.112917 -0.00794294    0.993573  -0.0101543
          0           0           0           1
T_world_lidar: 
  0.0168864    0.999839  0.00607395     1.70795
  -0.993461    0.016092    0.113033      2.9782
   0.112917 -0.00794294    0.993573  -0.0101543
          0           0           0           1
v_world_imu: -0.00312162     0.16326  -0.0039076
frame_129
id: 1375
stamp: 1777101616.462737799
T_odom_lidar: 
  0.0161613    0.999853  0.00566446     1.70804
  -0.993473   0.0154179    0.113019     2.99313
   0.112915 -0.00745403    0.993577  -0.0104947
          0           0           0           1
T_world_lidar: 
  0.0161613    0.999853  0.00566446     1.70804
  -0.993473   0.0154179    0.113019     2.99313
   0.112915 -0.00745403    0.993577  -0.0104947
          0           0           0           1
v_world_imu: -0.0147154   0.138009 -0.0020651
frame_130
id: 1376
stamp: 1777101616.562914371
T_odom_lidar: 
  0.0150334    0.999876  0.00462322     1.70678
  -0.993486   0.0144146     0.11304     3.01065
   0.112959 -0.00629247     0.99358  -0.0106291
          0           0           0           1
T_world_lidar: 
  0.0150334    0.999876  0.00462322     1.70678
  -0.993486   0.0144146     0.11304     3.01065
   0.112959 -0.00629247     0.99358  -0.0106291
          0           0           0           1
v_world_imu:   0.00154224     0.222774 -0.000891996
frame_131
id: 1377
stamp: 1777101616.662856102
T_odom_lidar: 
  0.0200953    0.999783  0.00556733     1.70811
  -0.993431   0.0193396    0.112782     3.03348
    0.11265 -0.00779716    0.993604    -0.01099
          0           0           0           1
T_world_lidar: 
  0.0200953    0.999783  0.00556733     1.70811
  -0.993431   0.0193396    0.112782     3.03348
    0.11265 -0.00779716    0.993604    -0.01099
          0           0           0           1
v_world_imu:   0.0105018    0.239964 -0.00332476
frame_132
id: 1378
stamp: 1777101616.762751579
T_odom_lidar: 
  0.0337227    0.999419  0.00500985     1.71095
  -0.993057    0.032942     0.11293     3.05716
     0.1127 -0.00878338     0.99359  -0.0114517
          0           0           0           1
T_world_lidar: 
  0.0337227    0.999419  0.00500985     1.71095
  -0.993057    0.032942     0.11293     3.05716
     0.1127 -0.00878338     0.99359  -0.0114517
          0           0           0           1
v_world_imu:  0.0259942    0.24389 0.00441637
frame_133
id: 1379
stamp: 1777101616.862899065
T_odom_lidar: 
  0.0445189    0.999007  0.00188091     1.71148
   -0.99255   0.0440172     0.11361     3.08224
   0.113414 -0.00692469    0.993524  -0.0111486
          0           0           0           1
T_world_lidar: 
  0.0445189    0.999007  0.00188091     1.71148
   -0.99255   0.0440172     0.11361     3.08224
   0.113414 -0.00692469    0.993524  -0.0111486
          0           0           0           1
v_world_imu:  0.0153621    0.27336 0.00400614
frame_134
id: 1380
stamp: 1777101616.962753057
T_odom_lidar: 
  0.0595299    0.998226 0.000211317     1.71461
  -0.991716   0.0591175    0.114035     3.10556
    0.11382 -0.00699808    0.993477  -0.0114404
          0           0           0           1
T_world_lidar: 
  0.0595299    0.998226 0.000211317     1.71461
  -0.991716   0.0591175    0.114035     3.10556
    0.11382 -0.00699808    0.993477  -0.0114404
          0           0           0           1
v_world_imu:  0.0795407   0.210719 -0.0068238
frame_135
id: 1381
stamp: 1777101617.062916756
T_odom_lidar: 
 0.0653613   0.997857 0.00315649    1.71856
 -0.991464  0.0645842   0.113265    3.12664
  0.112818 -0.0105327    0.99356 -0.0119008
         0          0          0          1
T_world_lidar: 
 0.0653613   0.997857 0.00315649    1.71856
 -0.991464  0.0645842   0.113265    3.12664
  0.112818 -0.0105327    0.99356 -0.0119008
         0          0          0          1
v_world_imu:   -0.0500021     0.184891 -0.000493592
frame_136
id: 1382
stamp: 1777101617.162815809
T_odom_lidar: 
   0.059881    0.998205 0.000984806     1.71293
  -0.991645   0.0593745    0.114521     3.14742
   0.114257 -0.00783421     0.99342  -0.0113064
          0           0           0           1
T_world_lidar: 
   0.059881    0.998205 0.000984806     1.71293
  -0.991645   0.0593745    0.114521     3.14742
   0.114257 -0.00783421     0.99342  -0.0113064
          0           0           0           1
v_world_imu: -0.0317386   0.216176 0.00254384
frame_137
id: 1383
stamp: 1777101617.262737989
T_odom_lidar: 
 0.0647216   0.997901 0.00203609     1.7148
 -0.991476  0.0640735   0.113442    3.16456
  0.113074 -0.0093609   0.993543 -0.0117901
         0          0          0          1
T_world_lidar: 
 0.0647216   0.997901 0.00203609     1.7148
 -0.991476  0.0640735   0.113442    3.16456
  0.113074 -0.0093609   0.993543 -0.0117901
         0          0          0          1
v_world_imu:  0.0434482    0.12634 -0.0096899
frame_138
id: 1384
stamp: 1777101617.362802267
T_odom_lidar: 
  0.0667221     0.99777  0.00184289     1.71603
  -0.991585   0.0661028    0.111312      3.1786
   0.110942 -0.00925435    0.993784  -0.0122203
          0           0           0           1
T_world_lidar: 
  0.0667221     0.99777  0.00184289     1.71603
  -0.991585   0.0661028    0.111312      3.1786
   0.110942 -0.00925435    0.993784  -0.0122203
          0           0           0           1
v_world_imu: -0.0332327    0.16955 0.00223273
frame_139
id: 1385
stamp: 1777101617.462811232
T_odom_lidar: 
  0.0633641     0.99799  0.00072387     1.71151
  -0.991554   0.0628732    0.113437     3.20051
   0.113163 -0.00790558    0.993545  -0.0116653
          0           0           0           1
T_world_lidar: 
  0.0633641     0.99799  0.00072387     1.71151
  -0.991554   0.0628732    0.113437     3.20051
   0.113163 -0.00790558    0.993545  -0.0116653
          0           0           0           1
v_world_imu: -0.0228419   0.233471 0.00346277
frame_140
id: 1386
stamp: 1777101617.562983751
T_odom_lidar: 
  0.0647775    0.997899  0.00113187      1.7126
  -0.991582   0.0642399     0.11242     3.22064
   0.112111 -0.00840461     0.99366  -0.0119646
          0           0           0           1
T_world_lidar: 
  0.0647775    0.997899  0.00113187      1.7126
  -0.991582   0.0642399     0.11242     3.22064
   0.112111 -0.00840461     0.99366  -0.0119646
          0           0           0           1
v_world_imu:  0.0477769   0.189025 -0.0060078
frame_141
id: 1387
stamp: 1777101617.662825346
T_odom_lidar: 
  0.0671899     0.99774  0.00106509     1.71317
  -0.991528   0.0666526    0.111485     3.24111
   0.111162 -0.00854673    0.993766  -0.0121451
          0           0           0           1
T_world_lidar: 
  0.0671899     0.99774  0.00106509     1.71317
  -0.991528   0.0666526    0.111485     3.24111
   0.111162 -0.00854673    0.993766  -0.0121451
          0           0           0           1
v_world_imu: -0.0165855   0.232887  0.0012295
frame_142
id: 1388
stamp: 1777101617.763048887
T_odom_lidar: 
  0.0641523    0.997939  0.00132732     1.71036
  -0.991475   0.0635855    0.113729     3.26646
    0.11341 -0.00861196    0.993511  -0.0117909
          0           0           0           1
T_world_lidar: 
  0.0641523    0.997939  0.00132732     1.71036
  -0.991475   0.0635855    0.113729     3.26646
    0.11341 -0.00861196    0.993511  -0.0117909
          0           0           0           1
v_world_imu: -0.00995838    0.225201  0.00154717
frame_143
id: 1389
stamp: 1777101617.863018751
T_odom_lidar: 
  0.0654075    0.997858  0.00127039      1.7112
  -0.991525   0.0648491     0.11257     3.28469
   0.112246 -0.00862252    0.993643  -0.0119224
          0           0           0           1
T_world_lidar: 
  0.0654075    0.997858  0.00127039      1.7112
  -0.991525   0.0648491     0.11257     3.28469
   0.112246 -0.00862252    0.993643  -0.0119224
          0           0           0           1
v_world_imu:   0.0264387    0.169254 6.22705e-06
frame_144
id: 1390
stamp: 1777101617.962822676
T_odom_lidar: 
  0.0642415    0.997934  0.00054321     1.71031
  -0.991783   0.0637852    0.110893     3.30285
   0.110629 -0.00766267    0.993832  -0.0118146
          0           0           0           1
T_world_lidar: 
  0.0642415    0.997934  0.00054321     1.71031
  -0.991783   0.0637852    0.110893     3.30285
   0.110629 -0.00766267    0.993832  -0.0118146
          0           0           0           1
v_world_imu: -0.0337961   0.217056  0.0034252
frame_145
id: 1391
stamp: 1777101618.062500477
T_odom_lidar: 
   0.061941     0.99808 0.000786791     1.70776
  -0.991732   0.0614582    0.112649     3.32746
   0.112384 -0.00775786    0.993635  -0.0113271
          0           0           0           1
T_world_lidar: 
   0.061941     0.99808 0.000786791     1.70776
  -0.991732   0.0614582    0.112649     3.32746
   0.112384 -0.00775786    0.993635  -0.0113271
          0           0           0           1
v_world_imu:  -0.011027   0.232329 0.00111173
frame_146
id: 1392
stamp: 1777101618.162345648
T_odom_lidar: 
    0.06325    0.997997 0.000684989     1.70863
  -0.991807   0.0627813    0.111256     3.34872
    0.11099  -0.0077163    0.993792  -0.0113551
          0           0           0           1
T_world_lidar: 
    0.06325    0.997997 0.000684989     1.70863
  -0.991807   0.0627813    0.111256     3.34872
    0.11099  -0.0077163    0.993792  -0.0113551
          0           0           0           1
v_world_imu: 0.00545952   0.222229 0.00135732
frame_147
id: 1393
stamp: 1777101618.262895584
T_odom_lidar: 
  0.0644361    0.997921  0.00101302     1.70797
  -0.991659   0.0639181    0.111925     3.37368
   0.111627 -0.00821657    0.993716  -0.0110369
          0           0           0           1
T_world_lidar: 
  0.0644361    0.997921  0.00101302     1.70797
  -0.991659   0.0639181    0.111925     3.37368
   0.111627 -0.00821657    0.993716  -0.0110369
          0           0           0           1
v_world_imu: -0.0217103   0.271368 0.00372632
frame_148
id: 1394
stamp: 1777101618.362796545
T_odom_lidar: 
  0.0673396     0.99773 0.000646475     1.70704
  -0.991389   0.0668387    0.112606     3.40076
   0.112307 -0.00822377    0.993639  -0.0107682
          0           0           0           1
T_world_lidar: 
  0.0673396     0.99773 0.000646475     1.70704
  -0.991389   0.0668387    0.112606     3.40076
   0.112307 -0.00822377    0.993639  -0.0107682
          0           0           0           1
v_world_imu: -0.0070779   0.255003 0.00977439
frame_149
id: 1395
stamp: 1777101618.462807655
T_odom_lidar: 
  0.0811196    0.996703 -0.00191787     1.70814
  -0.990403   0.0808226    0.112114       3.426
   0.111899 -0.00719514    0.993694  -0.0104531
          0           0           0           1
T_world_lidar: 
  0.0811196    0.996703 -0.00191787     1.70814
  -0.990403   0.0808226    0.112114       3.426
   0.111899 -0.00719514    0.993694  -0.0104531
          0           0           0           1
v_world_imu:  0.0593874    0.24161 -0.0100984
frame_150
id: 1396
stamp: 1777101618.562141895
T_odom_lidar: 
  0.0959105    0.995373 -0.00589529     1.70855
  -0.988882   0.0959579    0.113598     3.45224
   0.113638  -0.0050655    0.993509  -0.0098425
          0           0           0           1
T_world_lidar: 
  0.0959105    0.995373 -0.00589529     1.70855
  -0.988882   0.0959579    0.113598     3.45224
   0.113638  -0.0050655    0.993509  -0.0098425
          0           0           0           1
v_world_imu: -0.0425532    0.25159  0.0118105
frame_151
id: 1397
stamp: 1777101618.663018942
T_odom_lidar: 
   0.114458    0.993382 -0.00960396     1.70857
  -0.986872    0.114806    0.113595     3.47749
   0.113945 -0.00352391    0.993481  -0.0093761
          0           0           0           1
T_world_lidar: 
   0.114458    0.993382 -0.00960396     1.70857
  -0.986872    0.114806    0.113595     3.47749
   0.113945 -0.00352391    0.993481  -0.0093761
          0           0           0           1
v_world_imu:   0.0492645    0.241711 -0.00433649
frame_152
id: 1398
stamp: 1777101618.762919426
T_odom_lidar: 
   0.128178    0.991721 -0.00772925     1.71579
  -0.985313    0.128229    0.112767     3.50146
   0.112825 -0.00683859    0.993591 -0.00990529
          0           0           0           1
T_world_lidar: 
   0.128178    0.991721 -0.00772925     1.71579
  -0.985313    0.128229    0.112767     3.50146
   0.112825 -0.00683859    0.993591 -0.00990529
          0           0           0           1
v_world_imu: 0.0199078  0.236632 0.0021057
frame_153
id: 1399
stamp: 1777101618.862093925
T_odom_lidar: 
   0.125347     0.99207  -0.0092896     1.71007
  -0.985625     0.12559    0.113009     3.52512
   0.113279 -0.00500923    0.993551 -0.00918594
          0           0           0           1
T_world_lidar: 
   0.125347     0.99207  -0.0092896     1.71007
  -0.985625     0.12559    0.113009     3.52512
   0.113279 -0.00500923    0.993551 -0.00918594
          0           0           0           1
v_world_imu: -0.0800006   0.260863 0.00988159
frame_154
id: 1400
stamp: 1777101618.962873936
T_odom_lidar: 
   0.124358    0.992189 -0.00980866     1.70751
  -0.985681    0.124665    0.113545      3.5489
   0.113881 -0.00445205    0.993484 -0.00886577
          0           0           0           1
T_world_lidar: 
   0.124358    0.992189 -0.00980866     1.70751
  -0.985681    0.124665    0.113545      3.5489
   0.113881 -0.00445205    0.993484 -0.00886577
          0           0           0           1
v_world_imu:   0.0245505     0.21363 -0.00470538
frame_155
id: 1401
stamp: 1777101619.062900782
T_odom_lidar: 
   0.131999    0.991219 -0.00785163      1.7105
  -0.984864    0.132042    0.112289        3.57
   0.112339 -0.00708917    0.993645 -0.00932228
          0           0           0           1
T_world_lidar: 
   0.131999    0.991219 -0.00785163      1.7105
  -0.984864    0.132042    0.112289        3.57
   0.112339 -0.00708917    0.993645 -0.00932228
          0           0           0           1
v_world_imu:  -0.0216465    0.197245 0.000489156
frame_156
id: 1402
stamp: 1777101619.162057877
T_odom_lidar: 
   0.127457    0.991798 -0.00957776     1.70507
   -0.98538    0.127721    0.112753     3.59177
   0.113052 -0.00493339    0.993577 -0.00902869
          0           0           0           1
T_world_lidar: 
   0.127457    0.991798 -0.00957776     1.70507
   -0.98538    0.127721    0.112753     3.59177
   0.113052 -0.00493339    0.993577 -0.00902869
          0           0           0           1
v_world_imu: -0.0504282   0.250374 0.00446163
frame_157
id: 1403
stamp: 1777101619.262985229
T_odom_lidar: 
    0.13132    0.991305 -0.00837805     1.70414
  -0.984889    0.131424     0.11279     3.61822
    0.11291 -0.00656014    0.993584 -0.00927724
          0           0           0           1
T_world_lidar: 
    0.13132    0.991305 -0.00837805     1.70414
  -0.984889    0.131424     0.11279     3.61822
    0.11291 -0.00656014    0.993584 -0.00927724
          0           0           0           1
v_world_imu:   0.0287636    0.259287 -0.00655646
frame_158
id: 1404
stamp: 1777101619.362910271
T_odom_lidar: 
   0.143322    0.989652 -0.00687918     1.70581
  -0.983407    0.143192    0.111385     3.64452
   0.111217 -0.00919892    0.993754  -0.0104856
          0           0           0           1
T_world_lidar: 
   0.143322    0.989652 -0.00687918     1.70581
  -0.983407    0.143192    0.111385     3.64452
   0.111217 -0.00919892    0.993754  -0.0104856
          0           0           0           1
v_world_imu: -0.0252005   0.260379 0.00204898
frame_159
id: 1405
stamp: 1777101619.462867260
T_odom_lidar: 
    0.15656    0.987593  -0.0122481     1.70026
    -0.9811    0.156934    0.113199     3.67311
   0.113716 -0.00570569    0.993497   -0.010096
          0           0           0           1
T_world_lidar: 
    0.15656    0.987593  -0.0122481     1.70026
    -0.9811    0.156934    0.113199     3.67311
   0.113716 -0.00570569    0.993497   -0.010096
          0           0           0           1
v_world_imu:  -0.0354419    0.268313 -0.00251561
frame_160
id: 1406
stamp: 1777101619.563023806
T_odom_lidar: 
   0.181372    0.983278   -0.016367     1.70108
  -0.976718    0.182051    0.113485     3.70014
   0.114567 -0.00459698    0.993405  -0.0103847
          0           0           0           1
T_world_lidar: 
   0.181372    0.983278   -0.016367     1.70108
  -0.976718    0.182051    0.113485     3.70014
   0.114567 -0.00459698    0.993405  -0.0103847
          0           0           0           1
v_world_imu:  0.0689422   0.244222 -0.0025234
frame_161
id: 1407
stamp: 1777101619.662114859
T_odom_lidar: 
   0.224348    0.974342  -0.0180217     1.70959
  -0.967931    0.224941    0.111851     3.72675
   0.113035 -0.00764987    0.993562  -0.0106958
          0           0           0           1
T_world_lidar: 
   0.224348    0.974342  -0.0180217     1.70959
  -0.967931    0.224941    0.111851     3.72675
   0.113035 -0.00764987    0.993562  -0.0106958
          0           0           0           1
v_world_imu:  0.0541414    0.29013 0.00174828
frame_162
id: 1408
stamp: 1777101619.762118340
T_odom_lidar: 
    0.25916    0.965554  -0.0232791      1.7101
  -0.958953    0.260111    0.112927     3.75778
   0.115092 -0.00694257    0.993331  -0.0101642
          0           0           0           1
T_world_lidar: 
    0.25916    0.965554  -0.0232791      1.7101
  -0.958953    0.260111    0.112927     3.75778
   0.115092 -0.00694257    0.993331  -0.0101642
          0           0           0           1
v_world_imu: -0.0207305   0.296903  0.0118276
frame_163
id: 1409
stamp: 1777101619.862991571
T_odom_lidar: 
   0.291097    0.956258  -0.0288706      1.7086
  -0.949693    0.292479    0.111979     3.78616
   0.115525 -0.00517865    0.993291 -0.00970348
          0           0           0           1
T_world_lidar: 
   0.291097    0.956258  -0.0288706      1.7086
  -0.949693    0.292479    0.111979     3.78616
   0.115525 -0.00517865    0.993291 -0.00970348
          0           0           0           1
v_world_imu: -0.0106209    0.26762 0.00430473
frame_164
id: 1410
stamp: 1777101619.962140799
T_odom_lidar: 
   0.327972      0.9441  -0.0332953     1.70973
  -0.937643    0.329621    0.110341     3.81365
   0.115148 -0.00496982    0.993336  -0.0100118
          0           0           0           1
T_world_lidar: 
   0.327972      0.9441  -0.0332953     1.70973
  -0.937643    0.329621    0.110341     3.81365
   0.115148 -0.00496982    0.993336  -0.0100118
          0           0           0           1
v_world_imu:  0.0692377   0.303073 -0.0010167
frame_165
id: 1411
stamp: 1777101620.062100887
T_odom_lidar: 
    0.37208    0.927524  -0.0354375     1.71247
  -0.921059    0.373675    0.109622     3.84434
   0.114919 -0.00814829    0.993341   -0.011426
          0           0           0           1
T_world_lidar: 
    0.37208    0.927524  -0.0354375     1.71247
  -0.921059    0.373675    0.109622     3.84434
   0.114919 -0.00814829    0.993341   -0.011426
          0           0           0           1
v_world_imu:  0.00576095    0.310065 7.45721e-05
frame_166
id: 1412
stamp: 1777101620.162127495
T_odom_lidar: 
  0.403001    0.91428 -0.0410092    1.70761
 -0.907774   0.405026   0.109092    3.87149
   0.11635 -0.0067369   0.993185 -0.0109273
         0          0          0          1
T_world_lidar: 
  0.403001    0.91428 -0.0410092    1.70761
 -0.907774   0.405026   0.109092    3.87149
   0.11635 -0.0067369   0.993185 -0.0109273
         0          0          0          1
v_world_imu: -0.0665319   0.246465 0.00493114
frame_167
id: 1413
stamp: 1777101620.262097120
T_odom_lidar: 
   0.426827    0.903116  -0.0468986     1.70091
  -0.896596    0.429375    0.108406     3.89738
    0.11804 -0.00422154       0.993  -0.0123314
          0           0           0           1
T_world_lidar: 
   0.426827    0.903116  -0.0468986     1.70091
  -0.896596    0.429375    0.108406     3.89738
    0.11804 -0.00422154       0.993  -0.0123314
          0           0           0           1
v_world_imu: -0.00320135     0.28128 -0.00617682
frame_168
id: 1414
stamp: 1777101620.362192154
T_odom_lidar: 
   0.444706    0.894563  -0.0446597     1.70068
   -0.88805    0.446864    0.108072      3.9224
   0.116634 -0.00840023    0.993139  -0.0132267
          0           0           0           1
T_world_lidar: 
   0.444706    0.894563  -0.0446597     1.70068
   -0.88805    0.446864    0.108072      3.9224
   0.116634 -0.00840023    0.993139  -0.0132267
          0           0           0           1
v_world_imu:  -0.0377331    0.214161 -0.00999102
frame_169
id: 1415
stamp: 1777101620.462112188
T_odom_lidar: 
   0.443567    0.895081  -0.0455869     1.69088
  -0.888534     0.44584    0.108328     3.93686
   0.117287 -0.00754519    0.993069  -0.0131486
          0           0           0           1
T_world_lidar: 
   0.443567    0.895081  -0.0455869     1.69088
  -0.888534     0.44584    0.108328     3.93686
   0.117287 -0.00754519    0.993069  -0.0131486
          0           0           0           1
v_world_imu:  -0.137177   0.134678 0.00486341
frame_170
id: 1416
stamp: 1777101620.563014507
T_odom_lidar: 
   0.443905     0.89491  -0.0456454     1.68158
  -0.888328     0.44618     0.10861     3.95581
   0.117562 -0.00766433    0.993036  -0.0133146
          0           0           0           1
T_world_lidar: 
   0.443905     0.89491  -0.0456454     1.68158
  -0.888328     0.44618     0.10861     3.95581
   0.117562 -0.00766433    0.993036  -0.0133146
          0           0           0           1
v_world_imu: -0.0618687   0.239819 -0.0109009
frame_171
id: 1417
stamp: 1777101620.662231445
T_odom_lidar: 
  0.453636   0.890177 -0.0424112    1.67656
 -0.883398    0.45544   0.110375    3.97928
  0.117569 -0.0126043   0.992985 -0.0142673
         0          0          0          1
T_world_lidar: 
  0.453636   0.890177 -0.0424112    1.67656
 -0.883398    0.45544   0.110375    3.97928
  0.117569 -0.0126043   0.992985 -0.0142673
         0          0          0          1
v_world_imu:   -0.084505    0.190202 -0.00340315
frame_172
id: 1418
stamp: 1777101620.762170553
T_odom_lidar: 
  0.449024   0.892444 -0.0438234    1.66703
 -0.885679   0.451032   0.110192    3.99116
  0.118106 -0.0106654   0.992944 -0.0142601
         0          0          0          1
T_world_lidar: 
  0.449024   0.892444 -0.0438234    1.66703
 -0.885679   0.451032   0.110192    3.99116
  0.118106 -0.0106654   0.992944 -0.0142601
         0          0          0          1
v_world_imu:   -0.089615   0.0835111 -0.00168431
frame_173
id: 1419
stamp: 1777101620.862953901
T_odom_lidar: 
   0.45047   0.891747 -0.0431743    1.66292
 -0.884944   0.452386   0.110548     4.0007
  0.118113 -0.0115918   0.992933 -0.0147454
         0          0          0          1
T_world_lidar: 
   0.45047   0.891747 -0.0431743    1.66292
 -0.884944   0.452386   0.110548     4.0007
  0.118113 -0.0115918   0.992933 -0.0147454
         0          0          0          1
v_world_imu: -0.00144903   0.0973013 -0.00798056
frame_174
id: 1420
stamp: 1777101620.962252140
T_odom_lidar: 
  0.453814    0.89012 -0.0417088    1.66306
 -0.883305   0.455529   0.110747    4.00612
  0.117578 -0.0134169   0.992973 -0.0155278
         0          0          0          1
T_world_lidar: 
  0.453814    0.89012 -0.0417088    1.66306
 -0.883305   0.455529   0.110747    4.00612
  0.117578 -0.0134169   0.992973 -0.0155278
         0          0          0          1
v_world_imu:  -0.0198207 0.000126854  -0.0031532
frame_175
id: 1421
stamp: 1777101621.063056469
T_odom_lidar: 
  0.450948   0.891527 -0.0427388     1.6609
 -0.884732   0.452809   0.110514     4.0043
  0.117879 -0.0120237   0.992955 -0.0157608
         0          0          0          1
T_world_lidar: 
  0.450948   0.891527 -0.0427388     1.6609
 -0.884732   0.452809   0.110514     4.0043
  0.117879 -0.0120237   0.992955 -0.0157608
         0          0          0          1
v_world_imu: -0.00358489  -0.0220948 -0.00464425
frame_176
id: 1422
stamp: 1777101621.163018703
T_odom_lidar: 
  0.452063   0.890991 -0.0421175    1.66283
 -0.884269    0.45385    0.10995    4.00318
  0.117079 -0.0124609   0.993044 -0.0164913
         0          0          0          1
T_world_lidar: 
  0.452063   0.890991 -0.0421175    1.66283
 -0.884269    0.45385    0.10995    4.00318
  0.117079 -0.0124609   0.993044 -0.0164913
         0          0          0          1
v_world_imu:   0.0265497 -0.00460438 -0.00801341
frame_177
id: 1423
stamp: 1777101621.262222767
T_odom_lidar: 
  0.452371   0.890834 -0.0421205    1.66298
 -0.884144    0.45416   0.109673    4.00299
   0.11683 -0.0123724   0.993075 -0.0170018
         0          0          0          1
T_world_lidar: 
  0.452371   0.890834 -0.0421205    1.66298
 -0.884144    0.45416   0.109673    4.00299
   0.11683 -0.0123724   0.993075 -0.0170018
         0          0          0          1
v_world_imu:  -0.0282716 -0.00438631 -0.00231566
frame_178
id: 1424
stamp: 1777101621.363073587
T_odom_lidar: 
  0.447374     0.8933 -0.0432566    1.65902
 -0.886603   0.449333   0.109708    4.00572
  0.117439 -0.0107292   0.993022 -0.0170473
         0          0          0          1
T_world_lidar: 
  0.447374     0.8933 -0.0432566    1.65902
 -0.886603   0.449333   0.109708    4.00572
  0.117439 -0.0107292   0.993022 -0.0170473
         0          0          0          1
v_world_imu:   -0.0442952     0.043795 -0.000817801
frame_179
id: 1425
stamp: 1777101621.463025331
T_odom_lidar: 
  0.448219   0.892913 -0.0424982    1.65355
 -0.886217   0.450081   0.109759    4.01492
  0.117133 -0.0115335   0.993049 -0.0174246
         0          0          0          1
T_world_lidar: 
  0.448219   0.892913 -0.0424982    1.65355
 -0.886217   0.450081   0.109759    4.01492
  0.117133 -0.0115335   0.993049 -0.0174246
         0          0          0          1
v_world_imu: -0.0883793   0.125902 -0.0013676
frame_180
id: 1426
stamp: 1777101621.562228680
T_odom_lidar: 
  0.449752   0.892174 -0.0418145    1.63972
 -0.885475   0.451522   0.109826    4.02643
  0.116864 -0.0123688   0.993071 -0.0176663
         0          0          0          1
T_world_lidar: 
  0.449752   0.892174 -0.0418145    1.63972
 -0.885475   0.451522   0.109826    4.02643
  0.116864 -0.0123688   0.993071 -0.0176663
         0          0          0          1
v_world_imu:  -0.194875   0.100505 0.00219725
frame_181
id: 1427
stamp: 1777101621.663112879
T_odom_lidar: 
    0.44691    0.893479  -0.0443534     1.61444
  -0.886776    0.449001    0.109659     4.03459
   0.117893 -0.00967632    0.992979  -0.0174485
          0           0           0           1
T_world_lidar: 
    0.44691    0.893479  -0.0443534     1.61444
  -0.886776    0.449001    0.109659     4.03459
   0.117893 -0.00967632    0.992979  -0.0174485
          0           0           0           1
v_world_imu:    -0.22493   0.0534172 -0.00333449
frame_182
id: 1428
stamp: 1777101621.762243748
T_odom_lidar: 
  0.445306    0.89433 -0.0433252    1.59389
 -0.887617   0.447286   0.109869    4.04208
  0.117637 -0.0104689   0.993001 -0.0178163
         0          0          0          1
T_world_lidar: 
  0.445306    0.89433 -0.0433252    1.59389
 -0.887617   0.447286   0.109869    4.04208
  0.117637 -0.0104689   0.993001 -0.0178163
         0          0          0          1
v_world_imu:   -0.198008   0.0955256 -0.00383554
frame_183
id: 1429
stamp: 1777101621.863085747
T_odom_lidar: 
  0.444942   0.894515 -0.0432263     1.5744
   -0.8878   0.446913   0.109912    4.04957
  0.117637 -0.0105283   0.993001 -0.0181623
         0          0          0          1
T_world_lidar: 
  0.444942   0.894515 -0.0432263     1.5744
   -0.8878   0.446913   0.109912    4.04957
  0.117637 -0.0105283   0.993001 -0.0181623
         0          0          0          1
v_world_imu:    -0.185678    0.0528793 -0.000409987
frame_184
id: 1430
stamp: 1777101621.962273598
T_odom_lidar: 
  0.446579   0.893761  -0.041945    1.55343
 -0.887121   0.448394   0.109356    4.05652
  0.116546 -0.0116256   0.993117 -0.0185808
         0          0          0          1
T_world_lidar: 
  0.446579   0.893761  -0.041945    1.55343
 -0.887121   0.448394   0.109356    4.05652
  0.116546 -0.0116256   0.993117 -0.0185808
         0          0          0          1
v_world_imu:  -0.263876   0.105736 -0.0026722
frame_185
id: 1431
stamp: 1777101622.063147545
T_odom_lidar: 
  0.444541   0.894724  -0.043047    1.52301
 -0.888064   0.446498    0.10946    4.06779
  0.117157  -0.010431   0.993059 -0.0187066
         0          0          0          1
T_world_lidar: 
  0.444541   0.894724  -0.043047    1.52301
 -0.888064   0.446498    0.10946    4.06779
  0.117157  -0.010431   0.993059 -0.0187066
         0          0          0          1
v_world_imu: -0.318874  0.107987 0.0006758
frame_186
id: 1432
stamp: 1777101622.162352085
T_odom_lidar: 
   0.441857    0.895915  -0.0458103     1.49282
  -0.889234     0.44416    0.109478     4.07682
    0.11843 -0.00763761    0.992933  -0.0185258
          0           0           0           1
T_world_lidar: 
   0.441857    0.895915  -0.0458103     1.49282
  -0.889234     0.44416    0.109478     4.07682
    0.11843 -0.00763761    0.992933  -0.0185258
          0           0           0           1
v_world_imu:   -0.248214   0.0791455 0.000528787
frame_187
id: 1433
stamp: 1777101622.262318850
T_odom_lidar: 
   0.444588    0.894649  -0.0441032     1.47581
  -0.887958    0.446668    0.109626     4.08489
   0.117776 -0.00957659    0.992994  -0.0189291
          0           0           0           1
T_world_lidar: 
   0.444588    0.894649  -0.0441032     1.47581
  -0.887958    0.446668    0.109626     4.08489
   0.117776 -0.00957659    0.992994  -0.0189291
          0           0           0           1
v_world_imu:  -0.0993588   0.0682116 -0.00892169
frame_188
id: 1434
stamp: 1777101622.363131046
T_odom_lidar: 
  0.444325   0.894854 -0.0425681    1.46478
 -0.888073   0.446216   0.110537    4.09074
  0.117909 -0.0113107    0.99296 -0.0191285
         0          0          0          1
T_world_lidar: 
  0.444325   0.894854 -0.0425681    1.46478
 -0.888073   0.446216   0.110537    4.09074
  0.117909 -0.0113107    0.99296 -0.0191285
         0          0          0          1
v_world_imu:    -0.1427  0.0620852 0.00706659
frame_189
id: 1435
stamp: 1777101622.462334394
T_odom_lidar: 
  0.445499   0.894292 -0.0420945    1.45806
 -0.887347   0.447308   0.111937    4.09494
  0.118933 -0.0125152   0.992823 -0.0192275
         0          0          0          1
T_world_lidar: 
  0.445499   0.894292 -0.0420945    1.45806
 -0.887347   0.447308   0.111937    4.09494
  0.118933 -0.0125152   0.992823 -0.0192275
         0          0          0          1
v_world_imu:  -0.0122109   0.0256243 -0.00216011
frame_190
id: 1436
stamp: 1777101622.562307358
T_odom_lidar: 
  0.449765    0.89225  -0.040015    1.46076
 -0.885303   0.451292   0.112133    4.09611
  0.118109  -0.015008   0.992887 -0.0197738
         0          0          0          1
T_world_lidar: 
  0.449765    0.89225  -0.040015    1.46076
 -0.885303   0.451292   0.112133    4.09611
  0.118109  -0.015008   0.992887 -0.0197738
         0          0          0          1
v_world_imu:   0.0461379  -0.0136829 -0.00631933
