1777955703.438621521 -0.208376 0.244056 -0.011644 0.056711 0.240763 -0.205941 0.946787
1777955703.440722466 -0.208325 0.244002 -0.011747 0.056700 0.240546 -0.206222 0.946782
1777955703.446763039 -0.208020 0.243929 -0.012034 0.056244 0.240585 -0.206171 0.946810
1777955703.451065540 -0.207647 0.243938 -0.012228 0.056149 0.240779 -0.206635 0.946665
1777955703.456668615 -0.207031 0.243975 -0.012453 0.056261 0.241326 -0.207588 0.946311
1777955703.460815430 -0.206518 0.243992 -0.012593 0.056343 0.241731 -0.208293 0.946047
1777955703.466604233 -0.205819 0.243942 -0.012786 0.056140 0.242584 -0.208199 0.945862
1777955703.470855236 -0.205368 0.243817 -0.012947 0.055990 0.243210 -0.208129 0.945725
1777955703.476687670 -0.204892 0.243468 -0.013162 0.056193 0.243656 -0.208479 0.945521
1777955703.480908155 -0.204698 0.243073 -0.013299 0.056481 0.243968 -0.208781 0.945357
1777955703.486671448 -0.204660 0.242371 -0.013477 0.056931 0.244098 -0.209154 0.945214
1777955703.490931511 -0.204782 0.241749 -0.013613 0.057347 0.243894 -0.209519 0.945161
1777955703.496731281 -0.205096 0.240843 -0.013795 0.058044 0.243524 -0.210188 0.945065
1777955703.500997066 -0.205394 0.240189 -0.013926 0.058585 0.243349 -0.210677 0.944968
1777955703.506654978 -0.205803 0.239408 -0.014113 0.059271 0.242992 -0.211543 0.944823
1777955703.511220694 -0.206110 0.238877 -0.014276 0.059779 0.242605 -0.212421 0.944694
1777955703.516656160 -0.206416 0.238396 -0.014478 0.060316 0.242218 -0.213380 0.944543
1777955703.520966291 -0.206588 0.238155 -0.014649 0.060684 0.242052 -0.214146 0.944388
1777955703.526739120 -0.206706 0.238070 -0.014889 0.060928 0.242126 -0.214779 0.944210
1777955703.530812502 -0.206722 0.238171 -0.015055 0.060917 0.242206 -0.215143 0.944107
1777955703.536656618 -0.206662 0.238478 -0.015281 0.060950 0.242165 -0.216275 0.943857
1777955703.538684130 -0.206624 0.238618 -0.015356 0.061017 0.242145 -0.216889 0.943717
1777955703.538615465 -0.206714 0.238351 -0.012035 0.061177 0.242111 -0.216712 0.943756
1777955703.540889740 -0.206669 0.238523 -0.012108 0.061252 0.242089 -0.217400 0.943598
1777955703.546654940 -0.206562 0.239025 -0.012283 0.061422 0.242019 -0.219135 0.943204
1777955703.550981998 -0.206512 0.239440 -0.012410 0.061438 0.241966 -0.220112 0.942989
1777955703.556577682 -0.206506 0.239969 -0.012570 0.061365 0.241905 -0.220996 0.942803
1777955703.561079025 -0.206554 0.240359 -0.012692 0.061383 0.241921 -0.221765 0.942617
1777955703.566665649 -0.206696 0.240777 -0.012826 0.061571 0.242080 -0.222917 0.942292
1777955703.570705891 -0.206866 0.241027 -0.012924 0.061793 0.242164 -0.223916 0.942019
1777955703.576857090 -0.207249 0.241315 -0.013104 0.062082 0.241958 -0.225442 0.941689
1777955703.581152678 -0.207607 0.241432 -0.013246 0.062277 0.241654 -0.226452 0.941512
1777955703.586582422 -0.208151 0.241450 -0.013424 0.062665 0.241211 -0.227846 0.941263
1777955703.590939760 -0.208642 0.241361 -0.013568 0.063096 0.240839 -0.229065 0.941034
1777955703.596807718 -0.209330 0.241147 -0.013777 0.063670 0.240268 -0.230534 0.940782
1777955703.601054668 -0.209818 0.240958 -0.013933 0.064005 0.239887 -0.231319 0.940664
1777955703.606685638 -0.210403 0.240715 -0.014133 0.064357 0.239573 -0.232030 0.940545
1777955703.611052990 -0.210781 0.240554 -0.014281 0.064594 0.239459 -0.232512 0.940439
1777955703.616811752 -0.211156 0.240409 -0.014476 0.064867 0.239371 -0.233227 0.940265
1777955703.620734453 -0.211329 0.240358 -0.014615 0.065023 0.239281 -0.233841 0.940125
1777955703.626540899 -0.211467 0.240341 -0.014841 0.065203 0.239036 -0.235000 0.939886
1777955703.631091356 -0.211493 0.240359 -0.015027 0.065299 0.238913 -0.235906 0.939684
1777955703.636578083 -0.211457 0.240372 -0.015247 0.065356 0.238874 -0.236842 0.939454
1777955703.638441324 -0.211433 0.240367 -0.015320 0.065345 0.238845 -0.237094 0.939399
1777955703.638423204 -0.211292 0.237936 -0.011549 0.065706 0.238810 -0.236996 0.939407
1777955703.640834570 -0.211253 0.237903 -0.011634 0.065692 0.238772 -0.237322 0.939335
1777955703.646735907 -0.211119 0.237747 -0.011843 0.065612 0.238701 -0.237961 0.939197
1777955703.650799990 -0.211002 0.237562 -0.011985 0.065636 0.238817 -0.238379 0.939060
1777955703.656669140 -0.210820 0.237168 -0.012185 0.065793 0.239124 -0.239029 0.938806
1777955703.661125422 -0.210682 0.236778 -0.012332 0.065973 0.239392 -0.239563 0.938589
1777955703.666624546 -0.210529 0.236211 -0.012503 0.066270 0.239806 -0.240271 0.938281
1777955703.670774937 -0.210438 0.235742 -0.012625 0.066532 0.240183 -0.240807 0.938028
1777955703.676803350 -0.210369 0.235031 -0.012806 0.066909 0.240717 -0.241562 0.937671
1777955703.681475163 -0.210377 0.234478 -0.012957 0.067154 0.240962 -0.242106 0.937450
1777955703.686626673 -0.210462 0.233895 -0.013137 0.067359 0.241107 -0.242608 0.937268
1777955703.691245079 -0.210608 0.233416 -0.013312 0.067503 0.241165 -0.243009 0.937139
1777955703.696669817 -0.210854 0.232921 -0.013523 0.067642 0.241097 -0.243570 0.937001
1777955703.700747728 -0.211084 0.232600 -0.013683 0.067748 0.240946 -0.244143 0.936883
1777955703.706643820 -0.211469 0.232197 -0.013914 0.067927 0.240537 -0.245210 0.936696
1777955703.710852146 -0.211775 0.231946 -0.014076 0.068047 0.240224 -0.245972 0.936568
1777955703.716555595 -0.212220 0.231643 -0.014291 0.068174 0.239854 -0.246850 0.936423
1777955703.720854998 -0.212566 0.231433 -0.014450 0.068246 0.239597 -0.247396 0.936339
1777955703.726797342 -0.213033 0.231161 -0.014673 0.068344 0.239286 -0.248100 0.936225
1777955703.731049299 -0.213342 0.230983 -0.014835 0.068415 0.239093 -0.248653 0.936123
1777955703.736676931 -0.213696 0.230771 -0.015057 0.068538 0.238843 -0.249583 0.935930
1777955703.738776684 -0.213811 0.230698 -0.015141 0.068604 0.238750 -0.249993 0.935839
1777955703.738366604 -0.213989 0.229409 -0.011348 0.068884 0.238705 -0.249804 0.935881
1777955703.740733862 -0.214113 0.229321 -0.011431 0.068958 0.238600 -0.250266 0.935779
1777955703.746596336 -0.214380 0.229120 -0.011638 0.069140 0.238407 -0.251391 0.935513
1777955703.750887632 -0.214540 0.228990 -0.011791 0.069236 0.238334 -0.252050 0.935347
1777955703.756615877 -0.214700 0.228841 -0.012005 0.069335 0.238243 -0.252802 0.935160
1777955703.760774851 -0.214772 0.228746 -0.012168 0.069433 0.238184 -0.253340 0.935022
1777955703.766623020 -0.214816 0.228621 -0.012395 0.069625 0.238143 -0.254185 0.934789
1777955703.771002531 -0.214810 0.228532 -0.012562 0.069779 0.238212 -0.254793 0.934594
1777955703.776587009 -0.214770 0.228417 -0.012775 0.069956 0.238361 -0.255496 0.934351
1777955703.781101227 -0.214722 0.228311 -0.012943 0.070103 0.238466 -0.256046 0.934163
1777955703.786780357 -0.214659 0.228147 -0.013138 0.070325 0.238621 -0.256740 0.933916
1777955703.791261435 -0.214620 0.227997 -0.013279 0.070510 0.238769 -0.257205 0.933736
1777955703.796592951 -0.214597 0.227801 -0.013441 0.070713 0.238938 -0.257656 0.933553
1777955703.800685167 -0.214600 0.227637 -0.013566 0.070888 0.239054 -0.257978 0.933421
1777955703.806512117 -0.214646 0.227386 -0.013743 0.071196 0.239221 -0.258527 0.933203
1777955703.810762644 -0.214716 0.227204 -0.013875 0.071445 0.239365 -0.258920 0.933038
1777955703.816730738 -0.214869 0.226981 -0.014078 0.071757 0.239505 -0.259441 0.932834
1777955703.820739269 -0.215006 0.226864 -0.014228 0.071925 0.239494 -0.259811 0.932721
1777955703.826643467 -0.215255 0.226753 -0.014461 0.072164 0.239409 -0.260488 0.932535
1777955703.831061840 -0.215473 0.226723 -0.014646 0.072332 0.239313 -0.261051 0.932389
1777955703.836659193 -0.215781 0.226755 -0.014895 0.072503 0.239137 -0.261795 0.932212
1777955703.838895559 -0.215914 0.226789 -0.014999 0.072549 0.239049 -0.262056 0.932158
1777955703.838576317 -0.215684 0.225971 -0.011648 0.072720 0.238992 -0.262004 0.932174
1777955703.841048479 -0.215836 0.226014 -0.011754 0.072771 0.238894 -0.262292 0.932114
1777955703.846659899 -0.216198 0.226140 -0.011990 0.072851 0.238511 -0.262910 0.932032
1777955703.850952148 -0.216486 0.226255 -0.012154 0.072931 0.238208 -0.263352 0.931978
1777955703.856623650 -0.216865 0.226438 -0.012346 0.073003 0.237944 -0.263762 0.931924
1777955703.860743999 -0.217131 0.226594 -0.012476 0.073000 0.237851 -0.263923 0.931903
1777955703.866725206 -0.217495 0.226814 -0.012661 0.073085 0.237768 -0.264348 0.931797
1777955703.870960236 -0.217748 0.226938 -0.012791 0.073271 0.237721 -0.264902 0.931637
1777955703.876630783 -0.218112 0.227043 -0.012972 0.073576 0.237678 -0.265682 0.931402
1777955703.881095171 -0.218427 0.227080 -0.013130 0.073735 0.237580 -0.266131 0.931286
1777955703.886759758 -0.218846 0.227080 -0.013357 0.073838 0.237273 -0.266482 0.931256
1777955703.891097069 -0.219158 0.227065 -0.013538 0.073919 0.237053 -0.266725 0.931235
1777955703.896703005 -0.219502 0.227078 -0.013773 0.074062 0.236877 -0.267181 0.931138
1777955703.900843143 -0.219689 0.227136 -0.013947 0.074109 0.236719 -0.267577 0.931061
1777955703.906618595 -0.219836 0.227283 -0.014194 0.074085 0.236503 -0.268228 0.930930
1777955703.911036015 -0.219864 0.227428 -0.014379 0.074064 0.236392 -0.268774 0.930803
1777955703.916668415 -0.219822 0.227623 -0.014607 0.074011 0.236405 -0.269351 0.930637
1777955703.920992136 -0.219744 0.227761 -0.014784 0.073887 0.236454 -0.269553 0.930576
1777955703.926764488 -0.219592 0.227890 -0.015028 0.073636 0.236469 -0.269644 0.930566
1777955703.931016207 -0.219452 0.227918 -0.015212 0.073505 0.236517 -0.269760 0.930530
1777955703.936879396 -0.219236 0.227824 -0.015467 0.073496 0.236705 -0.270184 0.930360
1777955703.938843012 -0.219163 0.227755 -0.015553 0.073534 0.236810 -0.270345 0.930284
1777955703.938493729 -0.219809 0.226288 -0.011967 0.073833 0.236633 -0.270201 0.930347
1777955703.941002607 -0.219726 0.226168 -0.012066 0.073882 0.236767 -0.270406 0.930249
1777955703.946710348 -0.219581 0.225776 -0.012294 0.073985 0.237045 -0.270657 0.930097
1777955703.951106310 -0.219521 0.225371 -0.012470 0.074065 0.237292 -0.270624 0.930038
1777955703.956778765 -0.219515 0.224756 -0.012690 0.074188 0.237654 -0.270357 0.930013
1777955703.960816145 -0.219550 0.224283 -0.012844 0.074309 0.237866 -0.270176 0.930002
1777955703.966710567 -0.219638 0.223602 -0.013070 0.074533 0.238054 -0.270104 0.929956
1777955703.970979214 -0.219721 0.223142 -0.013235 0.074731 0.238134 -0.270212 0.929889
1777955703.976816893 -0.219864 0.222592 -0.013460 0.074985 0.238256 -0.270370 0.929791
1777955703.980829000 -0.219983 0.222276 -0.013613 0.075109 0.238336 -0.270398 0.929752
1777955703.986824989 -0.220187 0.221915 -0.013847 0.075155 0.238306 -0.270264 0.929795
1777955703.991097689 -0.220343 0.221747 -0.014018 0.075105 0.238201 -0.270133 0.929864
1777955703.996572971 -0.220543 0.221640 -0.014240 0.075031 0.238067 -0.270068 0.929924
1777955704.001076221 -0.220701 0.221641 -0.014423 0.075004 0.237981 -0.270163 0.929920
1777955704.006628752 -0.220886 0.221742 -0.014656 0.074915 0.237817 -0.270358 0.929912
1777955704.010961533 -0.221024 0.221883 -0.014844 0.074795 0.237618 -0.270491 0.929934
1777955704.016828775 -0.221206 0.222132 -0.015105 0.074600 0.237392 -0.270541 0.929993
1777955704.020823240 -0.221324 0.222327 -0.015289 0.074462 0.237265 -0.270505 0.930047
1777955704.026775122 -0.221472 0.222636 -0.015573 0.074248 0.237036 -0.270445 0.930140
1777955704.030725002 -0.221545 0.222845 -0.015762 0.074122 0.236907 -0.270458 0.930179
1777955704.036555052 -0.221623 0.223139 -0.016024 0.074004 0.236849 -0.270598 0.930163
1777955704.038836479 -0.221646 0.223244 -0.016121 0.073985 0.236865 -0.270689 0.930134
1777955704.038698673 -0.221446 0.221329 -0.012224 0.074290 0.236817 -0.270590 0.930151
1777955704.040976286 -0.221466 0.221417 -0.012305 0.074271 0.236833 -0.270681 0.930121
1777955704.046569824 -0.221519 0.221594 -0.012491 0.074234 0.236896 -0.270877 0.930051
1777955704.051075459 -0.221578 0.221689 -0.012636 0.074178 0.236964 -0.270873 0.930040
1777955704.056638002 -0.221675 0.221737 -0.012822 0.074107 0.236936 -0.270794 0.930075
1777955704.060813665 -0.221757 0.221723 -0.012968 0.074078 0.236844 -0.270782 0.930105
1777955704.066577196 -0.221868 0.221640 -0.013183 0.074148 0.236741 -0.270918 0.930086
1777955704.070795059 -0.221941 0.221535 -0.013353 0.074277 0.236693 -0.271113 0.930031
1777955704.076780796 -0.222025 0.221337 -0.013609 0.074469 0.236648 -0.271338 0.929961
1777955704.080909967 -0.222064 0.221173 -0.013790 0.074571 0.236650 -0.271353 0.929948
1777955704.086628437 -0.222078 0.220922 -0.014029 0.074655 0.236689 -0.271203 0.929975
1777955704.090953588 -0.222051 0.220723 -0.014197 0.074708 0.236775 -0.271040 0.929997
1777955704.096380949 -0.221964 0.220482 -0.014387 0.074801 0.236989 -0.270889 0.929978
1777955704.101061821 -0.221853 0.220291 -0.014535 0.074921 0.237269 -0.270843 0.929911
1777955704.106583834 -0.221703 0.220101 -0.014700 0.075103 0.237694 -0.270825 0.929793
1777955704.110743523 -0.221595 0.219994 -0.014825 0.075211 0.238051 -0.270740 0.929718
1777955704.116523743 -0.221491 0.219910 -0.015010 0.075299 0.238509 -0.270486 0.929667
1777955704.120745659 -0.221464 0.219903 -0.015158 0.075310 0.238741 -0.270248 0.929676
1777955704.126721859 -0.221514 0.219982 -0.015383 0.075288 0.238903 -0.269968 0.929717
1777955704.131024122 -0.221621 0.220106 -0.015553 0.075277 0.238950 -0.269866 0.929736
1777955704.136654615 -0.221851 0.220347 -0.015785 0.075267 0.238896 -0.269899 0.929741
1777955704.138956785 -0.221974 0.220470 -0.015883 0.075249 0.238809 -0.269953 0.929749
1777955704.138847351 -0.220523 0.219967 -0.011774 0.075392 0.238823 -0.269866 0.929759
1777955704.140913725 -0.220642 0.220083 -0.011851 0.075377 0.238745 -0.269915 0.929766
1777955704.146776676 -0.221044 0.220445 -0.012069 0.075299 0.238400 -0.270090 0.929810
1777955704.150780201 -0.221367 0.220712 -0.012214 0.075227 0.238125 -0.270164 0.929865
1777955704.156739712 -0.221899 0.221123 -0.012420 0.075075 0.237753 -0.270131 0.929982
1777955704.161051750 -0.222306 0.221423 -0.012561 0.074961 0.237501 -0.270077 0.930071
1777955704.166749001 -0.222847 0.221805 -0.012748 0.074879 0.237174 -0.270128 0.930147
1777955704.171114683 -0.223256 0.222082 -0.012893 0.074870 0.236949 -0.270248 0.930170
1777955704.176655054 -0.223757 0.222416 -0.013079 0.074855 0.236734 -0.270343 0.930198
1777955704.180867672 -0.224119 0.222656 -0.013225 0.074813 0.236581 -0.270338 0.930242
1777955704.186770201 -0.224587 0.222954 -0.013437 0.074717 0.236318 -0.270331 0.930318
1777955704.190923214 -0.224881 0.223134 -0.013590 0.074656 0.236128 -0.270339 0.930369
1777955704.196667433 -0.225224 0.223350 -0.013802 0.074568 0.235944 -0.270326 0.930427
1777955704.200738907 -0.225417 0.223480 -0.013952 0.074493 0.235867 -0.270304 0.930459
1777955704.206914902 -0.225627 0.223634 -0.014180 0.074414 0.235828 -0.270322 0.930470
1777955704.211139441 -0.225716 0.223703 -0.014336 0.074393 0.235871 -0.270363 0.930449
1777955704.216687202 -0.225782 0.223747 -0.014540 0.074377 0.236031 -0.270347 0.930414
1777955704.220982790 -0.225804 0.223747 -0.014698 0.074362 0.236206 -0.270244 0.930401
1777955704.226721048 -0.225809 0.223707 -0.014914 0.074323 0.236469 -0.270011 0.930404
1777955704.230806351 -0.225801 0.223658 -0.015068 0.074314 0.236671 -0.269862 0.930397
1777955704.236794710 -0.225786 0.223569 -0.015296 0.074346 0.236977 -0.269747 0.930350
1777955704.238569498 -0.225782 0.223540 -0.015364 0.074363 0.237055 -0.269751 0.930328
1777955704.238353252 -0.224314 0.222438 -0.011873 0.074586 0.237033 -0.269796 0.930302
1777955704.240838289 -0.224305 0.222388 -0.011957 0.074609 0.237143 -0.269802 0.930271
1777955704.246720552 -0.224306 0.222270 -0.012163 0.074653 0.237320 -0.269861 0.930205
1777955704.250872374 -0.224330 0.222189 -0.012312 0.074652 0.237395 -0.269870 0.930183
1777955704.256723642 -0.224399 0.222087 -0.012527 0.074601 0.237447 -0.269827 0.930186
1777955704.260943651 -0.224468 0.222027 -0.012685 0.074561 0.237452 -0.269812 0.930193
1777955704.266718149 -0.224581 0.221970 -0.012899 0.074481 0.237309 -0.269880 0.930216
1777955704.271058798 -0.224680 0.221947 -0.013056 0.074425 0.237198 -0.269982 0.930219
1777955704.276605606 -0.224820 0.221935 -0.013253 0.074419 0.237165 -0.270209 0.930162
1777955704.280708551 -0.224930 0.221931 -0.013409 0.074438 0.237115 -0.270424 0.930111
1777955704.286752462 -0.225075 0.221924 -0.013675 0.074383 0.236828 -0.270766 0.930089
1777955704.291230440 -0.225156 0.221908 -0.013902 0.074304 0.236566 -0.271007 0.930092
1777955704.296681881 -0.225203 0.221846 -0.014200 0.074240 0.236302 -0.271385 0.930054
1777955704.300771952 -0.225192 0.221773 -0.014398 0.074141 0.236051 -0.271601 0.930062
1777955704.306743860 -0.225082 0.221666 -0.014596 0.074025 0.236285 -0.271632 0.930003
1777955704.310903788 -0.224939 0.221592 -0.014695 0.074092 0.236801 -0.271698 0.929847
1777955704.316540956 -0.224679 0.221495 -0.014820 0.074299 0.237445 -0.272065 0.929559
1777955704.321079731 -0.224448 0.221448 -0.014912 0.074371 0.237974 -0.272192 0.929381
1777955704.326858282 -0.224204 0.221440 -0.015034 0.074397 0.238713 -0.272178 0.929194
1777955704.330830097 -0.224107 0.221451 -0.015135 0.074481 0.239071 -0.272298 0.929059
1777955704.336681128 -0.224121 0.221511 -0.015317 0.074636 0.239329 -0.272564 0.928903
1777955704.338791609 -0.224178 0.221550 -0.015391 0.074658 0.239339 -0.272614 0.928884
1777955704.338640928 -0.221776 0.221203 -0.011767 0.074805 0.239474 -0.272673 0.928820
1777955704.340960026 -0.221859 0.221253 -0.011843 0.074829 0.239485 -0.272729 0.928799
1777955704.346791983 -0.222209 0.221422 -0.012062 0.074783 0.239210 -0.272795 0.928853
1777955704.351061583 -0.222567 0.221578 -0.012239 0.074707 0.238658 -0.273010 0.928939
1777955704.356641054 -0.223105 0.221777 -0.012473 0.074692 0.237720 -0.273689 0.928980
1777955704.360727310 -0.223527 0.221901 -0.012640 0.074802 0.237055 -0.274416 0.928927
1777955704.366777182 -0.224142 0.222038 -0.012883 0.074979 0.236229 -0.275325 0.928854
1777955704.371041775 -0.224539 0.222092 -0.013054 0.075046 0.235741 -0.275725 0.928854
1777955704.376741171 -0.224973 0.222079 -0.013278 0.075157 0.235233 -0.276074 0.928870
1777955704.381050587 -0.225209 0.221998 -0.013440 0.075303 0.234994 -0.276294 0.928854
1777955704.386773825 -0.225370 0.221816 -0.013639 0.075517 0.234876 -0.276549 0.928790
1777955704.391125202 -0.225370 0.221638 -0.013779 0.075651 0.234901 -0.276723 0.928721
1777955704.396651745 -0.225229 0.221373 -0.013944 0.075801 0.235072 -0.276969 0.928592
1777955704.400781393 -0.225040 0.221147 -0.014063 0.075960 0.235408 -0.277154 0.928439
1777955704.406683445 -0.224681 0.220795 -0.014246 0.076200 0.235902 -0.277497 0.928191
1777955704.410830259 -0.224377 0.220537 -0.014392 0.076329 0.236124 -0.277822 0.928027
1777955704.416719437 -0.223898 0.220179 -0.014619 0.076451 0.236367 -0.278266 0.927822
1777955704.420739651 -0.223557 0.219947 -0.014777 0.076533 0.236621 -0.278537 0.927669
1777955704.426572561 -0.223074 0.219618 -0.015017 0.076648 0.236969 -0.278926 0.927454
1777955704.430854559 -0.222740 0.219368 -0.015202 0.076734 0.237123 -0.279307 0.927293
1777955704.436641216 -0.222336 0.218994 -0.015452 0.076925 0.237285 -0.279967 0.927037
1777955704.438760996 -0.222206 0.218845 -0.015541 0.077018 0.237355 -0.280226 0.926933
1777955704.438647985 -0.220543 0.217521 -0.011756 0.077266 0.237277 -0.280256 0.926923
1777955704.440983772 -0.220405 0.217344 -0.011840 0.077369 0.237355 -0.280540 0.926808
1777955704.446591616 -0.220123 0.216906 -0.012040 0.077569 0.237555 -0.281103 0.926570
1777955704.451058149 -0.219943 0.216551 -0.012200 0.077692 0.237681 -0.281491 0.926409
1777955704.456674814 -0.219779 0.216098 -0.012397 0.077840 0.237847 -0.281962 0.926211
1777955704.460857630 -0.219706 0.215761 -0.012538 0.077988 0.237976 -0.282365 0.926043
1777955704.466700554 -0.219678 0.215310 -0.012743 0.078192 0.238090 -0.282917 0.925828
1777955704.470721960 -0.219706 0.215025 -0.012897 0.078291 0.238056 -0.283297 0.925712
1777955704.476737976 -0.219806 0.214641 -0.013149 0.078394 0.237801 -0.283946 0.925570
1777955704.481007099 -0.219913 0.214392 -0.013335 0.078503 0.237586 -0.284495 0.925447
1777955704.486718178 -0.220097 0.214084 -0.013577 0.078664 0.237318 -0.285221 0.925279
1777955704.491063595 -0.220262 0.213864 -0.013754 0.078743 0.237086 -0.285686 0.925188
1777955704.496625662 -0.220492 0.213584 -0.013965 0.078814 0.236802 -0.286162 0.925108
1777955704.501162529 -0.220684 0.213352 -0.014120 0.078888 0.236637 -0.286527 0.925031
1777955704.506615877 -0.220909 0.213067 -0.014290 0.079010 0.236531 -0.287007 0.924899
1777955704.510703087 -0.221072 0.212853 -0.014415 0.079126 0.236498 -0.287410 0.924772
1777955704.516643763 -0.221304 0.212550 -0.014611 0.079276 0.236455 -0.288054 0.924570
1777955704.520740747 -0.221464 0.212349 -0.014763 0.079373 0.236394 -0.288523 0.924431
1777955704.526616573 -0.221688 0.212072 -0.015004 0.079502 0.236227 -0.289244 0.924237
1777955704.531100988 -0.221852 0.211872 -0.015199 0.079577 0.236013 -0.289818 0.924106
1777955704.536500931 -0.222030 0.211638 -0.015437 0.079644 0.235710 -0.290498 0.923963
1777955704.538762093 -0.222095 0.211540 -0.015535 0.079673 0.235605 -0.290781 0.923899
1777955704.538533688 -0.220945 0.210817 -0.012236 0.079869 0.235515 -0.290753 0.923913
1777955704.540748835 -0.221001 0.210716 -0.012321 0.079897 0.235412 -0.291031 0.923850
1777955704.546751738 -0.221111 0.210436 -0.012545 0.080015 0.235282 -0.291796 0.923631
1777955704.551027060 -0.221148 0.210221 -0.012703 0.080116 0.235230 -0.292386 0.923449
1777955704.556806564 -0.221147 0.209889 -0.012912 0.080265 0.235178 -0.293216 0.923186
1777955704.561138153 -0.221112 0.209600 -0.013066 0.080352 0.235159 -0.293782 0.923004
1777955704.566637516 -0.221035 0.209180 -0.013266 0.080453 0.235214 -0.294365 0.922795
1777955704.570824862 -0.220957 0.208820 -0.013424 0.080558 0.235332 -0.294748 0.922634
1777955704.577721834 -0.220809 0.208146 -0.013686 0.080812 0.235531 -0.295417 0.922347
1777955704.580948591 -0.220737 0.207800 -0.013807 0.080971 0.235655 -0.295737 0.922198
1777955704.586662769 -0.220617 0.207166 -0.014022 0.081269 0.235918 -0.296222 0.921949
1777955704.591027737 -0.220534 0.206678 -0.014188 0.081467 0.236081 -0.296533 0.921790
1777955704.596839666 -0.220441 0.206041 -0.014408 0.081725 0.236268 -0.296938 0.921589
1777955704.600981236 -0.220394 0.205603 -0.014561 0.081924 0.236404 -0.297284 0.921425
1777955704.606784344 -0.220368 0.205039 -0.014777 0.082216 0.236627 -0.297754 0.921190
1777955704.611159563 -0.220386 0.204666 -0.014948 0.082398 0.236753 -0.298104 0.921028
1777955704.616663933 -0.220457 0.204267 -0.015175 0.082575 0.236746 -0.298617 0.920848
1777955704.621267080 -0.220556 0.203995 -0.015367 0.082709 0.236638 -0.299130 0.920697
1777955704.626646280 -0.220714 0.203754 -0.015588 0.082825 0.236490 -0.299729 0.920530
1777955704.631091356 -0.220874 0.203610 -0.015772 0.082901 0.236324 -0.300236 0.920400
1777955704.636534452 -0.221106 0.203481 -0.015997 0.083006 0.236084 -0.300902 0.920235
1777955704.638551950 -0.221200 0.203444 -0.016080 0.083051 0.236025 -0.301147 0.920166
1777955704.638380289 -0.220979 0.202812 -0.012073 0.083290 0.235924 -0.301163 0.920165
1777955704.640802383 -0.221099 0.202770 -0.012157 0.083345 0.235853 -0.301458 0.920082
1777955704.646904230 -0.221421 0.202692 -0.012374 0.083457 0.235692 -0.302237 0.919857
1777955704.650827885 -0.221638 0.202652 -0.012518 0.083528 0.235504 -0.302835 0.919702
1777955704.656768084 -0.221983 0.202589 -0.012735 0.083675 0.235203 -0.303869 0.919425
1777955704.661006689 -0.222241 0.202537 -0.012888 0.083783 0.235015 -0.304609 0.919218
1777955704.666774750 -0.222610 0.202447 -0.013096 0.083901 0.234787 -0.305501 0.918970
1777955704.670766354 -0.222873 0.202363 -0.013243 0.083975 0.234590 -0.306093 0.918816
1777955704.676695585 -0.223251 0.202192 -0.013466 0.084113 0.234240 -0.307009 0.918587
1777955704.680778265 -0.223496 0.202042 -0.013619 0.084245 0.234042 -0.307659 0.918408
1777955704.686653376 -0.223810 0.201785 -0.013840 0.084475 0.233855 -0.308612 0.918115
1777955704.691061974 -0.224010 0.201559 -0.014003 0.084682 0.233771 -0.309347 0.917870
1777955704.696661472 -0.224223 0.201233 -0.014203 0.084982 0.233772 -0.310257 0.917534
1777955704.700764656 -0.224353 0.200971 -0.014344 0.085194 0.233845 -0.310878 0.917286
1777955704.708491802 -0.224552 0.200432 -0.014608 0.085571 0.233947 -0.312060 0.916823
1777955704.710718155 -0.224599 0.200267 -0.014685 0.085682 0.233968 -0.312408 0.916689
1777955704.716635942 -0.224714 0.199827 -0.014892 0.085981 0.234061 -0.313328 0.916323
1777955704.720921278 -0.224792 0.199509 -0.015044 0.086211 0.234146 -0.314028 0.916040
1777955704.726851463 -0.224905 0.199079 -0.015260 0.086574 0.234270 -0.315034 0.915629
1777955704.730949879 -0.224990 0.198800 -0.015415 0.086806 0.234344 -0.315701 0.915358
1777955704.736719847 -0.225118 0.198450 -0.015634 0.087062 0.234371 -0.316594 0.915018
1777955704.738685369 -0.225164 0.198343 -0.015708 0.087152 0.234382 -0.316909 0.914898
1777955704.738446236 -0.225089 0.197367 -0.012189 0.087457 0.234282 -0.316896 0.914899
1777955704.740908146 -0.225150 0.197235 -0.012271 0.087570 0.234296 -0.317290 0.914748
1777955704.746682167 -0.225304 0.196977 -0.012469 0.087831 0.234331 -0.318240 0.914384
1777955704.750846624 -0.225425 0.196837 -0.012613 0.087965 0.234318 -0.318913 0.914140
1777955704.756787777 -0.225617 0.196692 -0.012815 0.088117 0.234252 -0.319936 0.913785
1777955704.760782003 -0.225767 0.196619 -0.012949 0.088231 0.234208 -0.320677 0.913525
1777955704.766668558 -0.226036 0.196529 -0.013147 0.088360 0.234073 -0.321755 0.913168
1777955704.771090508 -0.226284 0.196463 -0.013298 0.088420 0.233925 -0.322497 0.912939
1777955704.776629686 -0.226656 0.196358 -0.013491 0.088515 0.233691 -0.323402 0.912669
1777955704.780777454 -0.226976 0.196254 -0.013640 0.088613 0.233490 -0.324085 0.912469
1777955704.786659241 -0.227485 0.196060 -0.013855 0.088808 0.233223 -0.325065 0.912169
1777955704.791322708 -0.227927 0.195866 -0.014031 0.088995 0.233005 -0.325846 0.911928
1777955704.796612978 -0.228452 0.195600 -0.014237 0.089197 0.232692 -0.326752 0.911664
1777955704.800837040 -0.228877 0.195352 -0.014401 0.089372 0.232457 -0.327462 0.911452
1777955704.806755781 -0.229465 0.194956 -0.014624 0.089643 0.232200 -0.328450 0.911136
1777955704.810963154 -0.229866 0.194644 -0.014782 0.089825 0.232020 -0.329125 0.910920
1777955704.816795349 -0.230380 0.194184 -0.014994 0.090066 0.231801 -0.330021 0.910628
1777955704.820996284 -0.230712 0.193836 -0.015144 0.090260 0.231712 -0.330680 0.910392
1777955704.826558828 -0.231093 0.193362 -0.015343 0.090530 0.231634 -0.331576 0.910059
1777955704.830713987 -0.231333 0.193005 -0.015493 0.090726 0.231603 -0.332265 0.909796
1777955704.836719751 -0.231617 0.192495 -0.015716 0.091013 0.231647 -0.333241 0.909399
1777955704.838652134 -0.231694 0.192334 -0.015791 0.091100 0.231669 -0.333558 0.909268
1777955704.838483334 -0.230439 0.192812 -0.011812 0.091226 0.231561 -0.333609 0.909265
1777955704.840913296 -0.230524 0.192613 -0.011895 0.091336 0.231589 -0.334008 0.909100
1777955704.846763849 -0.230699 0.192140 -0.012100 0.091607 0.231666 -0.335002 0.908688
1777955704.851003170 -0.230807 0.191803 -0.012252 0.091815 0.231732 -0.335772 0.908365
1777955704.856766462 -0.230947 0.191349 -0.012464 0.092084 0.231788 -0.336837 0.907930
1777955704.860780954 -0.231050 0.191033 -0.012610 0.092266 0.231829 -0.337562 0.907631
1777955704.866788149 -0.231231 0.190561 -0.012827 0.092521 0.231909 -0.338616 0.907192
1777955704.872479677 -0.231440 0.190109 -0.013031 0.092748 0.231924 -0.339616 0.906791
1777955704.876677036 -0.231624 0.189774 -0.013181 0.092934 0.231922 -0.340366 0.906491
1777955704.881099224 -0.231846 0.189425 -0.013339 0.093143 0.231894 -0.341160 0.906179
1777955704.886775017 -0.232173 0.188985 -0.013544 0.093415 0.231785 -0.342178 0.905795
1777955704.891258478 -0.232464 0.188648 -0.013710 0.093656 0.231718 -0.342990 0.905480
1777955704.896715164 -0.232850 0.188258 -0.013915 0.093938 0.231587 -0.343965 0.905114
1777955704.900866985 -0.233164 0.187972 -0.014071 0.094149 0.231445 -0.344745 0.904832
1777955704.906673431 -0.233625 0.187588 -0.014292 0.094442 0.231234 -0.345858 0.904430
1777955704.910879135 -0.233970 0.187323 -0.014454 0.094620 0.231029 -0.346663 0.904156
1777955704.916724920 -0.234458 0.186968 -0.014679 0.094854 0.230745 -0.347745 0.903788
1777955704.920995712 -0.234813 0.186721 -0.014845 0.095020 0.230575 -0.348503 0.903522
1777955704.926757574 -0.235277 0.186398 -0.015071 0.095223 0.230325 -0.349538 0.903165
1777955704.930623293 -0.235575 0.186187 -0.015224 0.095381 0.230183 -0.350273 0.902899
1777955704.936737299 -0.236019 0.185858 -0.015469 0.095666 0.229991 -0.351489 0.902445
1777955704.938554049 -0.236145 0.185762 -0.015542 0.095749 0.229932 -0.351844 0.902313
1777955704.938518047 -0.235020 0.185517 -0.011809 0.095964 0.229848 -0.351959 0.902267
1777955704.940774679 -0.235170 0.185395 -0.011888 0.096067 0.229774 -0.352401 0.902102
1777955704.946980953 -0.235567 0.185063 -0.012107 0.096367 0.229654 -0.353565 0.901645
1777955704.950758934 -0.235794 0.184863 -0.012241 0.096534 0.229582 -0.354230 0.901385
1777955704.956634521 -0.236123 0.184555 -0.012445 0.096790 0.229504 -0.355275 0.900966
1777955704.962570190 -0.236423 0.184247 -0.012648 0.097068 0.229487 -0.356371 0.900507
1777955704.966736317 -0.236615 0.184033 -0.012790 0.097251 0.229489 -0.357186 0.900164
1777955704.970968962 -0.236802 0.183817 -0.012933 0.097436 0.229492 -0.358014 0.899814
1777955704.976874828 -0.237075 0.183509 -0.013136 0.097671 0.229484 -0.359139 0.899342
1777955704.981055498 -0.237287 0.183281 -0.013282 0.097838 0.229478 -0.359935 0.899007
1777955704.986690760 -0.237606 0.182960 -0.013482 0.098100 0.229404 -0.360989 0.898575
1777955704.991105795 -0.237887 0.182696 -0.013642 0.098305 0.229347 -0.361815 0.898235
1777955704.996815920 -0.238290 0.182348 -0.013850 0.098626 0.229271 -0.362875 0.897792
1777955705.000860691 -0.238598 0.182103 -0.013999 0.098853 0.229218 -0.363625 0.897477
1777955705.006755114 -0.239076 0.181756 -0.014214 0.099140 0.229082 -0.364691 0.897047
1777955705.010810852 -0.239419 0.181526 -0.014361 0.099337 0.228988 -0.365424 0.896751
1777955705.016824722 -0.239935 0.181209 -0.014579 0.099572 0.228754 -0.366532 0.896332
1777955705.021056175 -0.240296 0.181005 -0.014732 0.099738 0.228590 -0.367312 0.896036
1777955705.026602507 -0.240760 0.180766 -0.014935 0.099935 0.228354 -0.368334 0.895655
1777955705.030622959 -0.241084 0.180613 -0.015085 0.100078 0.228184 -0.369074 0.895377
1777955705.036522388 -0.241539 0.180410 -0.015312 0.100283 0.227987 -0.370152 0.894959
1777955705.038300037 -0.241670 0.180352 -0.015383 0.100344 0.227928 -0.370477 0.894833
1777955705.037978888 -0.242526 0.179270 -0.011711 0.100704 0.227785 -0.370399 0.894862
1777955705.040894747 -0.242747 0.179168 -0.011813 0.100806 0.227688 -0.370931 0.894654
1777955705.046806574 -0.243174 0.178965 -0.012020 0.101016 0.227485 -0.371998 0.894239
1777955705.050996304 -0.243461 0.178821 -0.012164 0.101165 0.227342 -0.372753 0.893944
1777955705.056705713 -0.243831 0.178616 -0.012354 0.101358 0.227248 -0.373674 0.893562
1777955705.060980558 -0.244091 0.178451 -0.012490 0.101503 0.227178 -0.374364 0.893274
1777955705.066685677 -0.244424 0.178220 -0.012670 0.101753 0.227200 -0.375312 0.892842
1777955705.070749521 -0.244655 0.178050 -0.012799 0.101930 0.227216 -0.375988 0.892534
1777955705.076689005 -0.244994 0.177792 -0.012990 0.102150 0.227163 -0.376927 0.892126
1777955705.081059694 -0.245250 0.177593 -0.013131 0.102312 0.227124 -0.377619 0.891825
1777955705.086776257 -0.245596 0.177323 -0.013321 0.102567 0.227056 -0.378470 0.891452
1777955705.091177940 -0.245874 0.177109 -0.013475 0.102763 0.227004 -0.379124 0.891164
1777955705.096734524 -0.246231 0.176841 -0.013675 0.103014 0.226934 -0.379933 0.890809
1777955705.100759983 -0.246490 0.176653 -0.013823 0.103196 0.226883 -0.380518 0.890551
1777955705.106626987 -0.246855 0.176395 -0.014037 0.103376 0.226775 -0.381321 0.890214
1777955705.110869884 -0.247104 0.176225 -0.014188 0.103506 0.226696 -0.381901 0.889970
1777955705.116708279 -0.247444 0.175999 -0.014393 0.103685 0.226566 -0.382774 0.889607
1777955705.120747805 -0.247685 0.175842 -0.014532 0.103809 0.226476 -0.383379 0.889356
1777955705.126709700 -0.248047 0.175600 -0.014737 0.103961 0.226356 -0.384226 0.889003
1777955705.131183624 -0.248322 0.175405 -0.014891 0.104074 0.226265 -0.384861 0.888737
1777955705.136639595 -0.248668 0.175158 -0.015078 0.104335 0.226225 -0.385614 0.888391
1777955705.138817310 -0.248811 0.175058 -0.015152 0.104439 0.226208 -0.385914 0.888253
1777955705.138375998 -0.247407 0.175379 -0.011692 0.104578 0.226183 -0.385847 0.888272
1777955705.140757084 -0.247561 0.175269 -0.011761 0.104691 0.226165 -0.386176 0.888120
1777955705.146678448 -0.247944 0.175002 -0.011939 0.104923 0.226201 -0.386627 0.887887
1777955705.150722265 -0.248198 0.174828 -0.012068 0.105081 0.226225 -0.386935 0.887728
1777955705.156697512 -0.248570 0.174603 -0.012244 0.105404 0.226246 -0.387474 0.887449
1777955705.160785913 -0.248825 0.174481 -0.012340 0.105624 0.226261 -0.387843 0.887258
1777955705.166733980 -0.249212 0.174338 -0.012479 0.105797 0.226386 -0.388242 0.887032
1777955705.170882940 -0.249502 0.174257 -0.012588 0.105917 0.226473 -0.388519 0.886873
1777955705.176695347 -0.249967 0.174159 -0.012760 0.106250 0.226350 -0.389482 0.886443
1777955705.180943012 -0.250367 0.174093 -0.012899 0.106493 0.226260 -0.390185 0.886127
1777955705.186573029 -0.250948 0.174035 -0.013105 0.106633 0.225813 -0.390897 0.885911
1777955705.191060066 -0.251414 0.174032 -0.013282 0.106674 0.225373 -0.391403 0.885794
1777955705.196574450 -0.251934 0.174092 -0.013492 0.106746 0.224926 -0.392054 0.885611
1777955705.200700283 -0.252269 0.174189 -0.013638 0.106800 0.224591 -0.392542 0.885474
1777955705.206596136 -0.252629 0.174379 -0.013833 0.106718 0.224109 -0.393526 0.885169
1777955705.210817575 -0.252778 0.174540 -0.013964 0.106652 0.223820 -0.394297 0.884907
1777955705.216626883 -0.252867 0.174765 -0.014131 0.106573 0.223684 -0.395186 0.884554
1777955705.220756531 -0.252863 0.174911 -0.014240 0.106516 0.223588 -0.395817 0.884303
1777955705.226696253 -0.252793 0.175048 -0.014403 0.106272 0.223634 -0.396221 0.884140
1777955705.230992317 -0.252710 0.175065 -0.014537 0.106169 0.223671 -0.396635 0.883957
1777955705.236764669 -0.252599 0.174955 -0.014730 0.106279 0.223858 -0.397422 0.883543
1777955705.238833904 -0.252569 0.174873 -0.014801 0.106318 0.223926 -0.397704 0.883394
1777955705.238803148 -0.251439 0.175332 -0.011108 0.106494 0.223786 -0.397721 0.883401
1777955705.240721941 -0.251414 0.175237 -0.011164 0.106530 0.223848 -0.397982 0.883263
1777955705.246586323 -0.251401 0.174850 -0.011337 0.106728 0.224130 -0.398346 0.883004
1777955705.250954151 -0.251465 0.174485 -0.011466 0.106848 0.224373 -0.398316 0.882941
1777955705.256720304 -0.251633 0.173914 -0.011633 0.107073 0.224663 -0.398219 0.882884
1777955705.261059523 -0.251809 0.173434 -0.011756 0.107347 0.224847 -0.398324 0.882756
1777955705.266595125 -0.252076 0.172808 -0.011912 0.107734 0.225004 -0.398605 0.882542
1777955705.271066904 -0.252313 0.172326 -0.012040 0.107999 0.225100 -0.398792 0.882401
1777955705.276628971 -0.252612 0.171800 -0.012199 0.108260 0.225263 -0.398851 0.882301
1777955705.280705214 -0.252819 0.171482 -0.012317 0.108426 0.225407 -0.398834 0.882251
1777955705.286581278 -0.253075 0.171158 -0.012499 0.108518 0.225386 -0.398880 0.882224
1777955705.291042566 -0.253231 0.171030 -0.012648 0.108487 0.225255 -0.398971 0.882221
1777955705.296665907 -0.253387 0.171012 -0.012840 0.108431 0.225160 -0.399099 0.882194
1777955705.300959110 -0.253487 0.171089 -0.012982 0.108393 0.225164 -0.399221 0.882142
1777955705.306727171 -0.253616 0.171279 -0.013169 0.108321 0.225169 -0.399417 0.882061
1777955705.310956240 -0.253719 0.171463 -0.013305 0.108202 0.225028 -0.399608 0.882025
1777955705.316589594 -0.253884 0.171740 -0.013488 0.108026 0.224762 -0.399863 0.881999
1777955705.321114302 -0.254047 0.171980 -0.013638 0.107904 0.224593 -0.400015 0.881988
1777955705.326664448 -0.254276 0.172279 -0.013831 0.107749 0.224381 -0.400148 0.882000
1777955705.330810547 -0.254464 0.172496 -0.013977 0.107635 0.224164 -0.400295 0.882003
1777955705.336697102 -0.254740 0.172773 -0.014180 0.107524 0.223839 -0.400594 0.881963
1777955705.338769674 -0.254836 0.172859 -0.014251 0.107511 0.223739 -0.400729 0.881929
