id: 7
T_world_origin: 
  -0.203041    0.978653   0.0318277     1.81651
  -0.972399   -0.205346    0.110788    0.426832
   0.114958 -0.00845483    0.993334   0.0111417
          0           0           0           1
T_origin_endpoint_L: 
  0.766164  -0.642418   0.017064   0.864052
  0.641679   0.763287 -0.0751108  0.0667794
 0.0352278  0.0684968   0.997029 -0.0899583
         0          0          0          1
T_origin_endpoint_R: 
   0.960939   -0.276756 -0.00147886   -0.319332
   0.276612    0.960587  -0.0275405  0.00671624
 0.00904257   0.0260556     0.99962   0.0324511
          0           0           0           1
T_lidar_imu: 
     1      0      0  0.006
     0      1      0 -0.012
     0      0      1  0.008
     0      0      0      1
imu_bias: -0.000135944 -0.000721569  -0.00545996 -0.000255845  -0.00057839   0.00175269
frame_id: 2
num_frames: 185
frame_0
id: 1061
stamp: 1777101584.962754011
T_odom_lidar: 
  0.473539    0.87961 -0.0452389    1.71164
  -0.87288   0.475537   0.109289  -0.426981
  0.117645 -0.0122646    0.99298  0.0117516
         0          0          0          1
T_world_lidar: 
  0.473539    0.87961 -0.0452389    1.71164
  -0.87288   0.475537   0.109289  -0.426981
  0.117645 -0.0122646    0.99298  0.0117516
         0          0          0          1
v_world_imu: -0.0522526 -0.0248398 0.00481309
frame_1
id: 1062
stamp: 1777101585.062690258
T_odom_lidar: 
  0.444058   0.895026 -0.0417241    1.70567
 -0.888257   0.445852   0.110529  -0.430759
  0.117529 -0.0120195   0.992997   0.011904
         0          0          0          1
T_world_lidar: 
  0.444058   0.895026 -0.0417241    1.70567
 -0.888257   0.445852   0.110529  -0.430759
  0.117529 -0.0120195   0.992997   0.011904
         0          0          0          1
v_world_imu:  -0.0626381  -0.0231813 -0.00434144
frame_2
id: 1063
stamp: 1777101585.162955999
T_odom_lidar: 
  0.414915   0.909057 -0.0382232    1.69962
 -0.902281   0.416506   0.111409  -0.434491
  0.117198 -0.0117374   0.993039  0.0106741
         0          0          0          1
T_world_lidar: 
  0.414915   0.909057 -0.0382232    1.69962
 -0.902281   0.416506   0.111409  -0.434491
  0.117198 -0.0117374   0.993039  0.0106741
         0          0          0          1
v_world_imu: -0.0633036 -0.0477535  0.0011696
frame_3
id: 1064
stamp: 1777101585.262745619
T_odom_lidar: 
  0.384016   0.922671 -0.0347706     1.6928
 -0.915808   0.385415   0.112918     -0.438
  0.117587 -0.0115192   0.992996  0.0104319
         0          0          0          1
T_world_lidar: 
  0.384016   0.922671 -0.0347706     1.6928
 -0.915808   0.385415   0.112918     -0.438
  0.117587 -0.0115192   0.992996  0.0104319
         0          0          0          1
v_world_imu:  -0.0694702   -0.016841 -0.00160891
frame_4
id: 1065
stamp: 1777101585.362875223
T_odom_lidar: 
  0.348612   0.936777  -0.030295    1.68561
 -0.929975   0.349744   0.113249  -0.442281
  0.116685 -0.0113066   0.993105  0.0104294
         0          0          0          1
T_world_lidar: 
  0.348612   0.936777  -0.030295    1.68561
 -0.929975   0.349744   0.113249  -0.442281
  0.116685 -0.0113066   0.993105  0.0104294
         0          0          0          1
v_world_imu:   -0.0837372   -0.0425514 -0.000525823
frame_5
id: 1066
stamp: 1777101585.462776661
T_odom_lidar: 
   0.31103   0.950043 -0.0260321    1.67787
 -0.943154   0.311919   0.114748  -0.446357
  0.117136  -0.011138   0.993053   0.010146
         0          0          0          1
T_world_lidar: 
   0.31103   0.950043 -0.0260321    1.67787
 -0.943154   0.311919   0.114748  -0.446357
  0.117136  -0.011138   0.993053   0.010146
         0          0          0          1
v_world_imu: -0.0754594  -0.031585  0.0010394
frame_6
id: 1067
stamp: 1777101585.563501596
T_odom_lidar: 
  0.273501   0.961637 -0.0212589     1.6701
 -0.954838   0.274103   0.114678  -0.450215
  0.116106 -0.0110658   0.993175 0.00997165
         0          0          0          1
T_world_lidar: 
  0.273501   0.961637 -0.0212589     1.6701
 -0.954838   0.274103   0.114678  -0.450215
  0.116106 -0.0110658   0.993175 0.00997165
         0          0          0          1
v_world_imu:  -0.0847255  -0.0283095 -0.00475767
frame_7
id: 1068
stamp: 1777101585.662821770
T_odom_lidar: 
  0.237233   0.971294 -0.0175335    1.66205
 -0.964433   0.237647   0.115728  -0.453523
  0.116573 -0.0105447   0.993126 0.00962557
         0          0          0          1
T_world_lidar: 
  0.237233   0.971294 -0.0175335    1.66205
 -0.964433   0.237647   0.115728  -0.453523
  0.116573 -0.0105447   0.993126 0.00962557
         0          0          0          1
v_world_imu: -0.0628599 -0.0200617 0.00194535
frame_8
id: 1069
stamp: 1777101585.762743473
T_odom_lidar: 
   0.198718    0.979958  -0.0139333     1.65372
  -0.973209    0.198988    0.115186   -0.457277
    0.11565 -0.00932963    0.993246  0.00952099
          0           0           0           1
T_world_lidar: 
   0.198718    0.979958  -0.0139333     1.65372
  -0.973209    0.198988    0.115186   -0.457277
    0.11565 -0.00932963    0.993246  0.00952099
          0           0           0           1
v_world_imu:  -0.0915612  -0.0235273 -0.00823038
frame_9
id: 1070
stamp: 1777101585.862861395
T_odom_lidar: 
   0.164153    0.986384  -0.0100274     1.64695
  -0.979586    0.164201    0.115968   -0.459408
   0.116035 -0.00921381    0.993202  0.00906409
          0           0           0           1
T_world_lidar: 
   0.164153    0.986384  -0.0100274     1.64695
  -0.979586    0.164201    0.115968   -0.459408
   0.116035 -0.00921381    0.993202  0.00906409
          0           0           0           1
v_world_imu: -0.0635366  -0.033959 0.00129469
frame_10
id: 1071
stamp: 1777101585.962731600
T_odom_lidar: 
   0.131211     0.99133 -0.00690768     1.63963
    -0.9846    0.131126    0.115624   -0.462166
   0.115527 -0.00836986    0.993269   0.0088229
          0           0           0           1
T_world_lidar: 
   0.131211     0.99133 -0.00690768     1.63963
    -0.9846    0.131126    0.115624   -0.462166
   0.115527 -0.00836986    0.993269   0.0088229
          0           0           0           1
v_world_imu:  -0.0672371 -0.00986572 -0.00955949
frame_11
id: 1072
stamp: 1777101586.062747002
T_odom_lidar: 
   0.103477    0.994626 -0.00344249     1.63478
  -0.987896    0.103177    0.115828   -0.462588
    0.11556 -0.00858462    0.993263  0.00860497
          0           0           0           1
T_world_lidar: 
   0.103477    0.994626 -0.00344249     1.63478
  -0.987896    0.103177    0.115828   -0.462588
    0.11556 -0.00858462    0.993263  0.00860497
          0           0           0           1
v_world_imu:  -0.0376049 -0.00664404  0.00600269
frame_12
id: 1073
stamp: 1777101586.162916183
T_odom_lidar: 
  0.0732693    0.997312 0.000108857      1.6288
  -0.990579   0.0727619    0.116014   -0.463666
   0.115695 -0.00860812    0.993248  0.00865805
          0           0           0           1
T_world_lidar: 
  0.0732693    0.997312 0.000108857      1.6288
  -0.990579   0.0727619    0.116014   -0.463666
   0.115695 -0.00860812    0.993248  0.00865805
          0           0           0           1
v_world_imu:  -0.0738991 -0.00707876 -0.00082153
frame_13
id: 1074
stamp: 1777101586.262863159
T_odom_lidar: 
  0.0419643    0.999115  0.00286165     1.62114
  -0.992467   0.0413548    0.115322   -0.464858
   0.115101 -0.00767948    0.993324  0.00903372
          0           0           0           1
T_world_lidar: 
  0.0419643    0.999115  0.00286165     1.62114
  -0.992467   0.0413548    0.115322   -0.464858
   0.115101 -0.00767948    0.993324  0.00903372
          0           0           0           1
v_world_imu: -0.0642393 -0.0078947 0.00420857
frame_14
id: 1075
stamp: 1777101586.362805367
T_odom_lidar: 
 0.00744339    0.999941  0.00791832     1.61495
  -0.993276  0.00647846    0.115587    -0.46531
   0.115529 -0.00872544    0.993266  0.00910274
          0           0           0           1
T_world_lidar: 
 0.00744339    0.999941  0.00791832     1.61495
  -0.993276  0.00647846    0.115587    -0.46531
   0.115529 -0.00872544    0.993266  0.00910274
          0           0           0           1
v_world_imu:  -0.0696943  0.00247494 0.000981209
frame_15
id: 1076
stamp: 1777101586.462930918
T_odom_lidar: 
-0.0313101   0.999441  0.0117533    1.60588
 -0.992866 -0.0324534   0.114731  -0.466539
  0.115049 -0.0080772   0.993327 0.00949399
         0          0          0          1
T_world_lidar: 
-0.0313101   0.999441  0.0117533    1.60588
 -0.992866 -0.0324534   0.114731  -0.466539
  0.115049 -0.0080772   0.993327 0.00949399
         0          0          0          1
v_world_imu: -0.0980667 -0.0127403 0.00440399
frame_16
id: 1077
stamp: 1777101586.563657761
T_odom_lidar: 
 -0.0687338      0.9975   0.0164275     1.59792
  -0.990882   -0.070172    0.115016   -0.466985
   0.115881 -0.00837224    0.993228  0.00953984
          0           0           0           1
T_world_lidar: 
 -0.0687338      0.9975   0.0164275     1.59792
  -0.990882   -0.070172    0.115016   -0.466985
   0.115881 -0.00837224    0.993228  0.00953984
          0           0           0           1
v_world_imu: -0.0777393 0.00401736 0.00519016
frame_17
id: 1078
stamp: 1777101586.662925482
T_odom_lidar: 
   -0.10757    0.994012    0.019197     1.58781
  -0.987493   -0.109063    0.113854   -0.467837
   0.115266 -0.00670958    0.993312  0.00995062
          0           0           0           1
T_world_lidar: 
   -0.10757    0.994012    0.019197     1.58781
  -0.987493   -0.109063    0.113854   -0.467837
   0.115266 -0.00670958    0.993312  0.00995062
          0           0           0           1
v_world_imu:  -0.0997274   0.0163029 0.000234414
frame_18
id: 1079
stamp: 1777101586.762886763
T_odom_lidar: 
  -0.134325    0.990671   0.0229793     1.58124
  -0.984024   -0.136086    0.114793   -0.467655
   0.116849 -0.00719267    0.993124  0.00995936
          0           0           0           1
T_world_lidar: 
  -0.134325    0.990671   0.0229793     1.58124
  -0.984024   -0.136086    0.114793   -0.467655
   0.116849 -0.00719267    0.993124  0.00995936
          0           0           0           1
v_world_imu: -0.0577053 -0.0212259 0.00394763
frame_19
id: 1080
stamp: 1777101586.862787485
T_odom_lidar: 
  -0.150878    0.988275   0.0234156     1.57719
  -0.981741   -0.152572    0.113609   -0.466428
    0.11585 -0.00584687     0.99325  0.00974929
          0           0           0           1
T_world_lidar: 
  -0.150878    0.988275   0.0234156     1.57719
  -0.981741   -0.152572    0.113609   -0.466428
    0.11585 -0.00584687     0.99325  0.00974929
          0           0           0           1
v_world_imu:  0.0233871  0.0135823 -0.0116538
frame_20
id: 1081
stamp: 1777101586.962888956
T_odom_lidar: 
  -0.154364    0.987696   0.0250667       1.578
  -0.981219   -0.156223    0.113148    -0.46464
   0.115672 -0.00712993    0.993262  0.00936955
          0           0           0           1
T_world_lidar: 
  -0.154364    0.987696   0.0250667       1.578
  -0.981219   -0.156223    0.113148    -0.46464
   0.115672 -0.00712993    0.993262  0.00936955
          0           0           0           1
v_world_imu: 0.000466231   0.0236439 -0.00156346
frame_21
id: 1082
stamp: 1777101587.062767029
T_odom_lidar: 
  -0.152996    0.987907    0.025123     1.57788
  -0.981399   -0.154873    0.113448   -0.464415
   0.115967 -0.00729858    0.993226   0.0093894
          0           0           0           1
T_world_lidar: 
  -0.152996    0.987907    0.025123     1.57788
  -0.981399   -0.154873    0.113448   -0.464415
   0.115967 -0.00729858    0.993226   0.0093894
          0           0           0           1
v_world_imu:  0.00310593  -0.0258663 0.000168797
frame_22
id: 1083
stamp: 1777101587.162925959
T_odom_lidar: 
  -0.151034    0.988209   0.0251345     1.57937
  -0.981774   -0.152921    0.112852   -0.465664
   0.115365 -0.00763181    0.993294  0.00930359
          0           0           0           1
T_world_lidar: 
  -0.151034    0.988209   0.0251345     1.57937
  -0.981774   -0.152921    0.112852   -0.465664
   0.115365 -0.00763181    0.993294  0.00930359
          0           0           0           1
v_world_imu:    0.0177993     0.011392 -0.000547941
frame_23
id: 1084
stamp: 1777101587.262887955
T_odom_lidar: 
  -0.150523    0.988275   0.0256131     1.57948
  -0.981807   -0.152471    0.113169   -0.464732
   0.115747 -0.00811256    0.993246  0.00938724
          0           0           0           1
T_world_lidar: 
  -0.150523    0.988275   0.0256131     1.57948
  -0.981807   -0.152471    0.113169   -0.464732
   0.115747 -0.00811256    0.993246  0.00938724
          0           0           0           1
v_world_imu:  -0.0147389 -0.00462416  0.00111811
frame_24
id: 1085
stamp: 1777101587.362837791
T_odom_lidar: 
  -0.152822    0.987944   0.0247486      1.5785
  -0.981505   -0.154652    0.112826   -0.465633
   0.115293 -0.00704864    0.993306  0.00953495
          0           0           0           1
T_world_lidar: 
  -0.152822    0.987944   0.0247486      1.5785
  -0.981505   -0.154652    0.112826   -0.465633
   0.115293 -0.00704864    0.993306  0.00953495
          0           0           0           1
v_world_imu:   0.00870643   0.00742222 -0.000298709
frame_25
id: 1086
stamp: 1777101587.462899685
T_odom_lidar: 
  -0.150416    0.988286   0.0258153      1.5801
  -0.981833   -0.152387    0.113056   -0.463847
   0.115665 -0.00834098    0.993253  0.00954605
          0           0           0           1
T_world_lidar: 
  -0.150416    0.988286   0.0258153      1.5801
  -0.981833   -0.152387    0.113056   -0.463847
   0.115665 -0.00834098    0.993253  0.00954605
          0           0           0           1
v_world_imu:   -0.0102793     0.004521 -0.000285114
frame_26
id: 1087
stamp: 1777101587.563656807
T_odom_lidar: 
  -0.154234    0.987742   0.0240323     1.58014
  -0.981382   -0.155968    0.112089   -0.459284
   0.114463 -0.00629696    0.993408  0.00973352
          0           0           0           1
T_world_lidar: 
  -0.154234    0.987742   0.0240323     1.58014
  -0.981382   -0.155968    0.112089   -0.459284
   0.114463 -0.00629696    0.993408  0.00973352
          0           0           0           1
v_world_imu:  0.0308919   0.126945 0.00165383
frame_27
id: 1088
stamp: 1777101587.662989855
T_odom_lidar: 
 -0.152098   0.987964  0.0281762    1.58615
 -0.981299  -0.154352   0.115012   -0.43946
  0.117976 -0.0101563   0.992964 0.00996448
         0          0          0          1
T_world_lidar: 
 -0.152098   0.987964  0.0281762    1.58615
 -0.981299  -0.154352   0.115012   -0.43946
  0.117976 -0.0101563   0.992964 0.00996448
         0          0          0          1
v_world_imu:  0.0924447   0.196404 0.00165243
frame_28
id: 1089
stamp: 1777101587.762950182
T_odom_lidar: 
  -0.150968    0.988156   0.0274875     1.59136
  -0.981681   -0.153133    0.113373    -0.42614
   0.116239 -0.00986834    0.993172   0.0101458
          0           0           0           1
T_world_lidar: 
  -0.150968    0.988156   0.0274875     1.59136
  -0.981681   -0.153133    0.113373    -0.42614
   0.116239 -0.00986834    0.993172   0.0101458
          0           0           0           1
v_world_imu:  0.0618067   0.109531 0.00215918
frame_29
id: 1090
stamp: 1777101587.862910986
T_odom_lidar: 
  -0.160534    0.986696    0.025703     1.60076
  -0.980108   -0.162433    0.114037   -0.413587
   0.116695 -0.00688492    0.993144   0.0105976
          0           0           0           1
T_world_lidar: 
  -0.160534    0.986696    0.025703     1.60076
  -0.980108   -0.162433    0.114037   -0.413587
   0.116695 -0.00688492    0.993144   0.0105976
          0           0           0           1
v_world_imu:   0.144881   0.149097 0.00371015
frame_30
id: 1091
stamp: 1777101587.963060379
T_odom_lidar: 
 -0.158104   0.986976  0.0296757    1.62147
 -0.980393  -0.160487   0.114337  -0.398381
   0.11761 -0.0110168   0.992999  0.0105839
         0          0          0          1
T_world_lidar: 
 -0.158104   0.986976  0.0296757    1.62147
 -0.980393  -0.160487   0.114337  -0.398381
   0.11761 -0.0110168   0.992999  0.0105839
         0          0          0          1
v_world_imu:    0.250183    0.136779 -0.00555971
frame_31
id: 1092
stamp: 1777101588.062903643
T_odom_lidar: 
 -0.154019   0.987647  0.0288525     1.6415
 -0.981168  -0.156323    0.11346  -0.387982
  0.116569 -0.0108341   0.993124  0.0103525
         0          0          0          1
T_world_lidar: 
 -0.154019   0.987647  0.0288525     1.6415
 -0.981168  -0.156323    0.11346  -0.387982
  0.116569 -0.0108341   0.993124  0.0103525
         0          0          0          1
v_world_imu:     0.17371   0.0842311 0.000963963
frame_32
id: 1093
stamp: 1777101588.163058996
T_odom_lidar: 
 -0.160229   0.986737  0.0260295    1.65859
 -0.980244  -0.162162   0.113253    -0.3776
  0.115972 -0.0073689   0.993225  0.0106058
         0          0          0          1
T_world_lidar: 
 -0.160229   0.986737  0.0260295    1.65859
 -0.980244  -0.162162   0.113253    -0.3776
  0.115972 -0.0073689   0.993225  0.0106058
         0          0          0          1
v_world_imu:   0.193754   0.139883 0.00496281
frame_33
id: 1094
stamp: 1777101588.262924671
T_odom_lidar: 
 -0.155134   0.987457  0.0293676    1.68496
  -0.98095  -0.157494   0.113723  -0.361676
  0.116921 -0.0111659   0.993078   0.010527
         0          0          0          1
T_world_lidar: 
 -0.155134   0.987457  0.0293676    1.68496
  -0.98095  -0.157494   0.113723  -0.361676
  0.116921 -0.0111659   0.993078   0.010527
         0          0          0          1
v_world_imu:    0.275523    0.166891 -0.00292553
frame_34
id: 1095
stamp: 1777101588.363076448
T_odom_lidar: 
 -0.152061   0.987865  0.0316173    1.71248
 -0.981419  -0.154702   0.113505  -0.346719
  0.117019 -0.0137701   0.993034  0.0102635
         0          0          0          1
T_world_lidar: 
 -0.152061   0.987865  0.0316173    1.71248
 -0.981419  -0.154702   0.113505  -0.346719
  0.117019 -0.0137701   0.993034  0.0102635
         0          0          0          1
v_world_imu:    0.264929    0.140175 -0.00142231
frame_35
id: 1096
stamp: 1777101588.463032246
T_odom_lidar: 
 -0.154401   0.987525  0.0309032    1.73223
 -0.981106  -0.156938   0.113146  -0.334486
  0.116585 -0.0128494   0.993098  0.0103702
         0          0          0          1
T_world_lidar: 
 -0.154401   0.987525  0.0309032    1.73223
 -0.981106  -0.156938   0.113146  -0.334486
  0.116585 -0.0128494   0.993098  0.0103702
         0          0          0          1
v_world_imu:   0.143196   0.113373 0.00363744
frame_36
id: 1097
stamp: 1777101588.563704729
T_odom_lidar: 
 -0.157721   0.987063  0.0288162    1.74904
 -0.980558  -0.159998   0.113603  -0.323251
  0.116744 -0.0103383   0.993108  0.0107055
         0          0          0          1
T_world_lidar: 
 -0.157721   0.987063  0.0288162    1.74904
 -0.980558  -0.159998   0.113603  -0.323251
  0.116744 -0.0103383   0.993108  0.0107055
         0          0          0          1
v_world_imu:     0.178056     0.122518 -0.000310675
frame_37
id: 1098
stamp: 1777101588.662829399
T_odom_lidar: 
 -0.153856   0.987569  0.0321902    1.77167
 -0.981106  -0.156555    0.11367  -0.311089
  0.117297 -0.0140931   0.992997  0.0103325
         0          0          0          1
T_world_lidar: 
 -0.153856   0.987569  0.0321902    1.77167
 -0.981106  -0.156555    0.11367  -0.311089
  0.117297 -0.0140931   0.992997  0.0103325
         0          0          0          1
v_world_imu:   0.264565   0.134026 -0.0120219
frame_38
id: 1099
stamp: 1777101588.763009787
T_odom_lidar: 
 -0.154659   0.987388  0.0338323    1.78408
 -0.980789  -0.157566   0.115006  -0.302049
  0.118886 -0.0153956   0.992789  0.0106983
         0          0          0          1
T_world_lidar: 
 -0.154659   0.987388  0.0338323    1.78408
 -0.980789  -0.157566   0.115006  -0.302049
  0.118886 -0.0153956   0.992789  0.0106983
         0          0          0          1
v_world_imu:   0.021614  0.0389457 0.00939207
frame_39
id: 1100
stamp: 1777101588.863095760
T_odom_lidar: 
  -0.16572   0.985774  0.0280428    1.78484
 -0.979286  -0.167851   0.113245  -0.304565
  0.116341 -0.0086949   0.993171  0.0109756
         0          0          0          1
T_world_lidar: 
  -0.16572   0.985774  0.0280428    1.78484
 -0.979286  -0.167851   0.113245  -0.304565
  0.116341 -0.0086949   0.993171  0.0109756
         0          0          0          1
v_world_imu:   0.0836503  -0.0373374 -0.00694859
frame_40
id: 1101
stamp: 1777101588.963053942
T_odom_lidar: 
 -0.154627   0.987457  0.0319178    1.79377
 -0.981101  -0.157275   0.112719   -0.30293
  0.116325 -0.0138852   0.993114   0.010242
         0          0          0          1
T_world_lidar: 
 -0.154627   0.987457  0.0319178    1.79377
 -0.981101  -0.157275   0.112719   -0.30293
  0.116325 -0.0138852   0.993114   0.010242
         0          0          0          1
v_world_imu:  0.0415013  0.0553918 -0.0001352
frame_41
id: 1102
stamp: 1777101589.063031197
T_odom_lidar: 
 -0.158961    0.98682  0.0302831    1.79077
 -0.980192  -0.161415   0.114757  -0.299645
  0.118133 -0.0114412   0.992932  0.0107666
         0          0          0          1
T_world_lidar: 
 -0.158961    0.98682  0.0302831    1.79077
 -0.980192  -0.161415   0.114757  -0.299645
  0.118133 -0.0114412   0.992932  0.0107666
         0          0          0          1
v_world_imu: -0.0616157  0.0110013 0.00821424
frame_42
id: 1103
stamp: 1777101589.162895679
T_odom_lidar: 
  -0.163427    0.986147   0.0283791     1.78891
  -0.979514   -0.165624    0.114548   -0.299477
   0.117662 -0.00907747    0.993012   0.0108097
          0           0           0           1
T_world_lidar: 
  -0.163427    0.986147   0.0283791     1.78891
  -0.979514   -0.165624    0.114548   -0.299477
   0.117662 -0.00907747    0.993012   0.0108097
          0           0           0           1
v_world_imu:   0.0234037   0.0242908 -0.00142321
frame_43
id: 1104
stamp: 1777101589.263047695
T_odom_lidar: 
 -0.160443   0.986607  0.0293922    1.79326
 -0.980162  -0.162764    0.11309  -0.294124
  0.116359 -0.0106647    0.99315   0.010028
         0          0          0          1
T_world_lidar: 
 -0.160443   0.986607  0.0293922    1.79326
 -0.980162  -0.162764    0.11309  -0.294124
  0.116359 -0.0106647    0.99315   0.010028
         0          0          0          1
v_world_imu:   0.0318416    0.114634 -0.00139494
frame_44
id: 1105
stamp: 1777101589.362993479
T_odom_lidar: 
 -0.161859   0.986319  0.0312429    1.79744
 -0.979711  -0.164406   0.114616  -0.278008
  0.118184 -0.0120574   0.992918  0.0101726
         0          0          0          1
T_world_lidar: 
 -0.161859   0.986319  0.0312429    1.79744
 -0.979711  -0.164406   0.114616  -0.278008
  0.118184 -0.0120574   0.992918  0.0101726
         0          0          0          1
v_world_imu:  0.0277206    0.18177 0.00187289
frame_45
id: 1106
stamp: 1777101589.462899685
T_odom_lidar: 
 -0.163329    0.98608  0.0311567    1.80059
 -0.979447  -0.165857   0.114783  -0.262668
  0.118353 -0.0117689   0.992902  0.0102509
         0          0          0          1
T_world_lidar: 
 -0.163329    0.98608  0.0311567    1.80059
 -0.979447  -0.165857   0.114783  -0.262668
  0.118353 -0.0117689   0.992902  0.0102509
         0          0          0          1
v_world_imu:   0.0423443    0.136797 0.000435786
frame_46
id: 1107
stamp: 1777101589.563857794
T_odom_lidar: 
 -0.164969   0.985807  0.0311347     1.8057
 -0.979283  -0.167472   0.113835  -0.247827
  0.117433 -0.0117104   0.993012 0.00993195
         0          0          0          1
T_world_lidar: 
 -0.164969   0.985807  0.0311347     1.8057
 -0.979283  -0.167472   0.113835  -0.247827
  0.117433 -0.0117104   0.993012 0.00993195
         0          0          0          1
v_world_imu:   0.0475812    0.170016 -0.00211832
frame_47
id: 1108
stamp: 1777101589.663017273
T_odom_lidar: 
 -0.167048   0.985424  0.0321704    1.80985
 -0.978805   -0.16967   0.114682  -0.227025
  0.118469 -0.0123312   0.992881  0.0098739
         0          0          0          1
T_world_lidar: 
 -0.167048   0.985424  0.0321704    1.80985
 -0.978805   -0.16967   0.114682  -0.227025
  0.118469 -0.0123312   0.992881  0.0098739
         0          0          0          1
v_world_imu:  0.0433389   0.230023 0.00267919
frame_48
id: 1109
stamp: 1777101589.762915611
T_odom_lidar: 
 -0.170562   0.984815  0.0323737    1.81274
 -0.978133   -0.17319   0.115158  -0.206679
  0.119016 -0.0120243    0.99282 0.00801247
         0          0          0          1
T_world_lidar: 
 -0.170562   0.984815  0.0323737    1.81274
 -0.978133   -0.17319   0.115158  -0.206679
  0.119016 -0.0120243    0.99282 0.00801247
         0          0          0          1
v_world_imu:   0.0514269    0.180434 -0.00163703
frame_49
id: 1110
stamp: 1777101589.863121271
T_odom_lidar: 
 -0.170704   0.984802  0.0320285    1.81884
 -0.978259  -0.173276    0.11395  -0.187003
  0.117768 -0.0118805    0.99297 0.00611161
         0          0          0          1
T_world_lidar: 
 -0.170704   0.984802  0.0320285    1.81884
 -0.978259  -0.173276    0.11395  -0.187003
  0.117768 -0.0118805    0.99297 0.00611161
         0          0          0          1
v_world_imu:   0.0649546    0.224579 -0.00483228
frame_50
id: 1111
stamp: 1777101589.963059425
T_odom_lidar: 
  -0.17404   0.984195  0.0327097     1.8241
  -0.97756  -0.176679   0.114718  -0.161635
  0.118684 -0.0120102   0.992859 0.00594557
         0          0          0          1
T_world_lidar: 
  -0.17404   0.984195  0.0327097     1.8241
  -0.97756  -0.176679   0.114718  -0.161635
  0.118684 -0.0120102   0.992859 0.00594557
         0          0          0          1
v_world_imu:    0.0424812     0.263746 -0.000698142
frame_51
id: 1112
stamp: 1777101590.062941074
T_odom_lidar: 
 -0.176353   0.983774  0.0329921    1.82959
 -0.977085  -0.179015   0.115147  -0.136556
  0.119184 -0.0119297     0.9928 0.00579486
         0          0          0          1
T_world_lidar: 
 -0.176353   0.983774  0.0329921    1.82959
 -0.977085  -0.179015   0.115147  -0.136556
  0.119184 -0.0119297     0.9928 0.00579486
         0          0          0          1
v_world_imu:   0.0694488    0.235005 -0.00275437
frame_52
id: 1113
stamp: 1777101590.163109303
T_odom_lidar: 
-0.175198  0.983944 0.0340642   1.83647
-0.977375 -0.177985  0.114279 -0.116601
 0.118507 -0.013272  0.992865 0.0053337
        0         0         0         1
T_world_lidar: 
-0.175198  0.983944 0.0340642   1.83647
-0.977375 -0.177985  0.114279 -0.116601
 0.118507 -0.013272  0.992865 0.0053337
        0         0         0         1
v_world_imu:   0.0495778    0.167648 -0.00690232
frame_53
id: 1114
stamp: 1777101590.263060570
T_odom_lidar: 
 -0.178865   0.983293  0.0337824    1.84052
 -0.976765  -0.181588   0.113824  -0.097971
  0.118057 -0.0126383   0.992926 0.00521896
         0          0          0          1
T_world_lidar: 
 -0.178865   0.983293  0.0337824    1.84052
 -0.976765  -0.181588   0.113824  -0.097971
  0.118057 -0.0126383   0.992926 0.00521896
         0          0          0          1
v_world_imu:    0.0452715     0.206371 -0.000506367
frame_54
id: 1115
stamp: 1777101590.362944126
T_odom_lidar: 
 -0.178583   0.983277  0.0357064    1.84731
 -0.976788  -0.181534   0.113711 -0.0750583
  0.118291 -0.0145707   0.992872 0.00500799
         0          0          0          1
T_world_lidar: 
 -0.178583   0.983277  0.0357064    1.84731
 -0.976788  -0.181534   0.113711 -0.0750583
  0.118291 -0.0145707   0.992872 0.00500799
         0          0          0          1
v_world_imu:   0.0817786    0.232272 -0.00474475
frame_55
id: 1116
stamp: 1777101590.463066339
T_odom_lidar: 
 -0.179283    0.98313  0.0362455    1.85475
 -0.976778  -0.182276   0.112606 -0.0512593
  0.117313 -0.0152155   0.992978 0.00462926
         0          0          0          1
T_world_lidar: 
 -0.179283    0.98313  0.0362455    1.85475
 -0.976778  -0.182276   0.112606 -0.0512593
  0.117313 -0.0152155   0.992978 0.00462926
         0          0          0          1
v_world_imu:   0.0744793    0.263243 -0.00259915
frame_56
id: 1117
stamp: 1777101590.563970089
T_odom_lidar: 
 -0.180418   0.982907   0.036653    1.86078
 -0.976545  -0.183453   0.112711 -0.0248472
  0.117509 -0.0154582   0.992952 0.00447359
         0          0          0          1
T_world_lidar: 
 -0.180418   0.982907   0.036653    1.86078
 -0.976545  -0.183453   0.112711 -0.0248472
  0.117509 -0.0154582   0.992952 0.00447359
         0          0          0          1
v_world_imu:   0.0368029    0.261897 -0.00300267
frame_57
id: 1118
stamp: 1777101590.663109064
T_odom_lidar: 
 -0.179691   0.983034  0.0368113    1.86193
 -0.976813  -0.182731   0.111558 0.00076676
  0.116392 -0.0159117   0.993076  0.0041778
         0          0          0          1
T_world_lidar: 
 -0.179691   0.983034  0.0368113    1.86193
 -0.976813  -0.182731   0.111558 0.00076676
  0.116392 -0.0159117   0.993076  0.0041778
         0          0          0          1
v_world_imu:  -0.0456807    0.293712 0.000971509
frame_58
id: 1119
stamp: 1777101590.762990713
T_odom_lidar: 
 -0.182136   0.982596  0.0364997    1.85157
 -0.976214  -0.185144   0.112816   0.033036
   0.11761 -0.0150836   0.992945 0.00430392
         0          0          0          1
T_world_lidar: 
 -0.182136   0.982596  0.0364997    1.85157
 -0.976214  -0.185144   0.112816   0.033036
   0.11761 -0.0150836   0.992945 0.00430392
         0          0          0          1
v_world_imu:  -0.157547   0.348659 0.00347631
frame_59
id: 1120
stamp: 1777101590.863180637
T_odom_lidar: 
 -0.185265   0.982008  0.0365554    1.83669
 -0.975389  -0.188287   0.114738  0.0610749
  0.119556 -0.0143989   0.992723 0.00456932
         0          0          0          1
T_world_lidar: 
 -0.185265   0.982008  0.0365554    1.83669
 -0.975389  -0.188287   0.114738  0.0610749
  0.119556 -0.0143989   0.992723 0.00456932
         0          0          0          1
v_world_imu:  -0.108479   0.203028 0.00100285
frame_60
id: 1121
stamp: 1777101590.963103533
T_odom_lidar: 
 -0.182225   0.982456  0.0396693    1.82847
 -0.976427  -0.185559   0.110261  0.0779061
  0.115688 -0.0186418   0.993111 0.00401919
         0          0          0          1
T_world_lidar: 
 -0.182225   0.982456  0.0396693    1.82847
 -0.976427  -0.185559   0.110261  0.0779061
  0.115688 -0.0186418   0.993111 0.00401919
         0          0          0          1
v_world_imu: -0.0783993   0.223856 0.00113106
frame_61
id: 1122
stamp: 1777101591.063029289
T_odom_lidar: 
 -0.186737   0.981626   0.039236    1.81747
  -0.97553  -0.189999   0.110638    0.10609
   0.11606 -0.0176157   0.993086 0.00465027
         0          0          0          1
T_world_lidar: 
 -0.186737   0.981626   0.039236    1.81747
  -0.97553  -0.189999   0.110638    0.10609
   0.11606 -0.0176157   0.993086 0.00465027
         0          0          0          1
v_world_imu: -0.0938193   0.330723  0.0122616
frame_62
id: 1123
stamp: 1777101591.162940502
T_odom_lidar: 
 -0.189951   0.981098  0.0369565    1.81158
 -0.974972  -0.192927    0.11049     0.1361
  0.115531  -0.015044    0.99319 0.00441986
         0          0          0          1
T_world_lidar: 
 -0.189951   0.981098  0.0369565    1.81158
 -0.974972  -0.192927    0.11049     0.1361
  0.115531  -0.015044    0.99319 0.00441986
         0          0          0          1
v_world_imu:  0.00469277    0.360341 -0.00926805
frame_63
id: 1124
stamp: 1777101591.263050556
T_odom_lidar: 
 -0.187354   0.981541  0.0384024    1.80448
 -0.975374  -0.190524   0.111111   0.167397
  0.116377 -0.0166394   0.993066 0.00353431
         0          0          0          1
T_world_lidar: 
 -0.187354   0.981541  0.0384024    1.80448
 -0.975374  -0.190524   0.111111   0.167397
  0.116377 -0.0166394   0.993066 0.00353431
         0          0          0          1
v_world_imu:  -0.157688   0.271406 0.00790227
frame_64
id: 1125
stamp: 1777101591.363063335
T_odom_lidar: 
 -0.201463   0.978894  0.0343305    1.79121
 -0.972581  -0.204075   0.111533   0.191435
  0.116185 -0.0109193   0.993168 0.00423593
         0          0          0          1
T_world_lidar: 
 -0.201463   0.978894  0.0343305    1.79121
 -0.972581  -0.204075   0.111533   0.191435
  0.116185 -0.0109193   0.993168 0.00423593
         0          0          0          1
v_world_imu:  -0.0711282    0.261769 0.000597918
frame_65
id: 1126
stamp: 1777101591.462169886
T_odom_lidar: 
 -0.200473   0.979032  0.0361444    1.79497
 -0.972833  -0.203292   0.110758    0.21753
  0.115784 -0.0129585    0.99319 0.00366593
         0          0          0          1
T_world_lidar: 
 -0.200473   0.979032  0.0361444    1.79497
 -0.972833  -0.203292   0.110758    0.21753
  0.115784 -0.0129585    0.99319 0.00366593
         0          0          0          1
v_world_imu:   0.078084   0.259384 -0.0075782
frame_66
id: 1127
stamp: 1777101591.562110662
T_odom_lidar: 
 -0.201057   0.978884  0.0368984    1.80399
  -0.97289  -0.203937   0.109068    0.23963
   0.11429 -0.0139692   0.993349 0.00326188
         0          0          0          1
T_world_lidar: 
 -0.201057   0.978884  0.0368984    1.80399
  -0.97289  -0.203937   0.109068    0.23963
   0.11429 -0.0139692   0.993349 0.00326188
         0          0          0          1
v_world_imu:   0.0587509    0.212208 0.000467803
frame_67
id: 1128
stamp: 1777101591.663114548
T_odom_lidar: 
 -0.202116   0.978695  0.0361251    1.81391
 -0.972829  -0.204884   0.107821   0.261394
  0.112925 -0.0133513   0.993514 0.00328299
         0          0          0          1
T_world_lidar: 
 -0.202116   0.978695  0.0361251    1.81391
 -0.972829  -0.204884   0.107821   0.261394
  0.112925 -0.0133513   0.993514 0.00328299
         0          0          0          1
v_world_imu:     0.10874    0.235719 -0.00417197
frame_68
id: 1129
stamp: 1777101591.763007402
T_odom_lidar: 
 -0.201976   0.978726  0.0360652     1.8253
 -0.972701  -0.204756   0.109211   0.285807
  0.114272 -0.0130228   0.993364 0.00364905
         0          0          0          1
T_world_lidar: 
 -0.201976   0.978726  0.0360652     1.8253
 -0.972701  -0.204756   0.109211   0.285807
  0.114272 -0.0130228   0.993364 0.00364905
         0          0          0          1
v_world_imu:  0.0801681   0.239793 0.00762767
frame_69
id: 1130
stamp: 1777101591.862120867
T_odom_lidar: 
 -0.202862   0.978553   0.035791    1.83989
 -0.972641  -0.205593   0.108168   0.304822
  0.113206 -0.0128687   0.993488 0.00368616
         0          0          0          1
T_world_lidar: 
 -0.202862   0.978553   0.035791    1.83989
 -0.972641  -0.205593   0.108168   0.304822
  0.113206 -0.0128687   0.993488 0.00368616
         0          0          0          1
v_world_imu:    0.166251    0.183578 -0.00377966
frame_70
id: 1131
stamp: 1777101591.963024139
T_odom_lidar: 
 -0.195811   0.979893  0.0383201    1.85274
 -0.974167  -0.198852    0.10703   0.318631
  0.112498 -0.0163726   0.993517 0.00317354
         0          0          0          1
T_world_lidar: 
 -0.195811   0.979893  0.0383201    1.85274
 -0.974167  -0.198852    0.10703   0.318631
  0.112498 -0.0163726   0.993517 0.00317354
         0          0          0          1
v_world_imu: -0.000915659    0.0852926  -0.00288573
frame_71
id: 1132
stamp: 1777101592.062079430
T_odom_lidar: 
 -0.201631   0.978772  0.0367482    1.85534
 -0.972837  -0.204482   0.108515   0.331202
  0.113726 -0.0138699   0.993415 0.00348435
         0          0          0          1
T_world_lidar: 
 -0.201631   0.978772  0.0367482    1.85534
 -0.972837  -0.204482   0.108515   0.331202
  0.113726 -0.0138699   0.993415 0.00348435
         0          0          0          1
v_world_imu:  0.0483319   0.135406 0.00290582
frame_72
id: 1133
stamp: 1777101592.161991119
T_odom_lidar: 
 -0.199973   0.979127  0.0363584     1.8572
 -0.973165  -0.202793   0.108745   0.337617
  0.113848 -0.0136367   0.993405 0.00337332
         0          0          0          1
T_world_lidar: 
 -0.199973   0.979127  0.0363584     1.8572
 -0.973165  -0.202793   0.108745   0.337617
  0.113848 -0.0136367   0.993405 0.00337332
         0          0          0          1
v_world_imu:   0.0197418  0.00164558 -0.00294415
frame_73
id: 1134
stamp: 1777101592.263227701
T_odom_lidar: 
 -0.199379   0.979256  0.0361213    1.85758
 -0.973434  -0.202159   0.107509   0.335571
  0.112581 -0.0137267   0.993548 0.00313399
         0          0          0          1
T_world_lidar: 
 -0.199379   0.979256  0.0361213    1.85758
 -0.973434  -0.202159   0.107509   0.335571
  0.112581 -0.0137267   0.993548 0.00313399
         0          0          0          1
v_world_imu:  0.00785803  -0.0197255 -0.00127925
frame_74
id: 1135
stamp: 1777101592.363247633
T_odom_lidar: 
 -0.200129   0.979113  0.0358581    1.85705
 -0.973232  -0.202881   0.107977   0.335824
  0.112997 -0.0132889   0.993506  0.0032562
         0          0          0          1
T_world_lidar: 
 -0.200129   0.979113  0.0358581    1.85705
 -0.973232  -0.202881   0.107977   0.335824
  0.112997 -0.0132889   0.993506  0.0032562
         0          0          0          1
v_world_imu: 0.00202758   0.016611 0.00281241
frame_75
id: 1136
stamp: 1777101592.463245630
T_odom_lidar: 
 -0.200465   0.979046  0.0358056    1.85665
 -0.973129  -0.203213   0.108275   0.336003
  0.113282 -0.0131381   0.993476 0.00335366
         0          0          0          1
T_world_lidar: 
 -0.200465   0.979046  0.0358056    1.85665
 -0.973129  -0.203213   0.108275   0.336003
  0.113282 -0.0131381   0.993476 0.00335366
         0          0          0          1
v_world_imu:   0.00374771   -0.0143895 -0.000219888
frame_76
id: 1137
stamp: 1777101592.563821793
T_odom_lidar: 
 -0.199423   0.979261  0.0357472    1.85724
 -0.973395  -0.202165   0.107846   0.334786
  0.112836 -0.0132892   0.993525 0.00322498
         0          0          0          1
T_world_lidar: 
 -0.199423   0.979261  0.0357472    1.85724
 -0.973395  -0.202165   0.107846   0.334786
  0.112836 -0.0132892   0.993525 0.00322498
         0          0          0          1
v_world_imu:    0.0143438 -0.000203237  8.57972e-05
frame_77
id: 1138
stamp: 1777101592.663129568
T_odom_lidar: 
 -0.199927   0.979153  0.0359018    1.85694
 -0.973233   -0.20269   0.108322     0.3352
  0.113341 -0.0132844   0.993467  0.0033706
         0          0          0          1
T_world_lidar: 
 -0.199927   0.979153  0.0359018    1.85694
 -0.973233   -0.20269   0.108322     0.3352
  0.113341 -0.0132844   0.993467  0.0033706
         0          0          0          1
v_world_imu:  -0.0127942 -0.00121464  0.00237644
frame_78
id: 1139
stamp: 1777101592.763175726
T_odom_lidar: 
 -0.200162   0.979113  0.0356835    1.85668
  -0.97319  -0.202899   0.108318   0.334898
  0.113296 -0.0130457   0.993476 0.00339628
         0          0          0          1
T_world_lidar: 
 -0.200162   0.979113  0.0356835    1.85668
  -0.97319  -0.202899   0.108318   0.334898
  0.113296 -0.0130457   0.993476 0.00339628
         0          0          0          1
v_world_imu:   0.0152977 -0.00111928 -0.00178714
frame_79
id: 1140
stamp: 1777101592.862105608
T_odom_lidar: 
 -0.199501   0.979235  0.0360342    1.85729
 -0.973327  -0.202281   0.108244   0.334769
  0.113286 -0.0134782   0.993471 0.00330808
         0          0          0          1
T_world_lidar: 
 -0.199501   0.979235  0.0360342    1.85729
 -0.973327  -0.202281   0.108244   0.334769
  0.113286 -0.0134782   0.993471 0.00330808
         0          0          0          1
v_world_imu: -0.00625438 -0.00198231 0.000695385
frame_80
id: 1141
stamp: 1777101592.963103294
T_odom_lidar: 
 -0.200394   0.979057  0.0359069    1.85646
 -0.973106  -0.203159   0.108585   0.335091
  0.113606 -0.0131813   0.993438 0.00345785
         0          0          0          1
T_world_lidar: 
 -0.200394   0.979057  0.0359069    1.85646
 -0.973106  -0.203159   0.108585   0.335091
  0.113606 -0.0131813   0.993438 0.00345785
         0          0          0          1
v_world_imu:  0.00125586  0.00607649 0.000795723
frame_81
id: 1142
stamp: 1777101593.063133955
T_odom_lidar: 
 -0.199822   0.979167  0.0360894    1.85693
 -0.973238  -0.202609   0.108431   0.335002
  0.113484 -0.0134567   0.993449 0.00342881
         0          0          0          1
T_world_lidar: 
 -0.199822   0.979167  0.0360894    1.85693
 -0.973238  -0.202609   0.108431   0.335002
  0.113484 -0.0134567   0.993449 0.00342881
         0          0          0          1
v_world_imu:   0.00399327  -0.00598745 -0.000950956
frame_82
id: 1143
stamp: 1777101593.162195206
T_odom_lidar: 
  -0.19996   0.979141    0.03604    1.85671
 -0.973219  -0.202739   0.108361    0.33518
  0.113407  -0.013407   0.993458 0.00347051
         0          0          0          1
T_world_lidar: 
  -0.19996   0.979141    0.03604    1.85671
 -0.973219  -0.202739   0.108361    0.33518
  0.113407  -0.013407   0.993458 0.00347051
         0          0          0          1
v_world_imu: -0.00419122  0.00960836  0.00161578
frame_83
id: 1144
stamp: 1777101593.262141466
T_odom_lidar: 
 -0.200241   0.979085  0.0360143    1.85643
 -0.973145  -0.203017   0.108499   0.335622
  0.113542 -0.0133211   0.993444 0.00352785
         0          0          0          1
T_world_lidar: 
 -0.200241   0.979085  0.0360143    1.85643
 -0.973145  -0.203017   0.108499   0.335622
  0.113542 -0.0133211   0.993444 0.00352785
         0          0          0          1
v_world_imu:   0.00194624  -0.00212879 -0.000608635
frame_84
id: 1145
stamp: 1777101593.363139629
T_odom_lidar: 
 -0.199697   0.979195  0.0360318    1.85686
 -0.973293  -0.202475   0.108191   0.335595
  0.113236  -0.013464   0.993477 0.00341405
         0          0          0          1
T_world_lidar: 
 -0.199697   0.979195  0.0360318    1.85686
 -0.973293  -0.202475   0.108191   0.335595
  0.113236  -0.013464   0.993477 0.00341405
         0          0          0          1
v_world_imu:   0.00294265   0.00486951 -0.000512744
frame_85
id: 1146
stamp: 1777101593.462145805
T_odom_lidar: 
 -0.200135    0.97911    0.03591     1.8565
 -0.973187  -0.202898   0.108353   0.336118
  0.113375 -0.0132619   0.993464 0.00341264
         0          0          0          1
T_world_lidar: 
 -0.200135    0.97911    0.03591     1.8565
 -0.973187  -0.202898   0.108353   0.336118
  0.113375 -0.0132619   0.993464 0.00341264
         0          0          0          1
v_world_imu: -0.00479679  0.00382198 0.000195081
frame_86
id: 1147
stamp: 1777101593.562143564
T_odom_lidar: 
 -0.199905   0.979157  0.0359238     1.8567
 -0.973255  -0.202668    0.10817   0.336377
  0.113196 -0.0133393   0.993483 0.00328731
         0          0          0          1
T_world_lidar: 
 -0.199905   0.979157  0.0359238     1.8567
 -0.973255  -0.202668    0.10817   0.336377
  0.113196 -0.0133393   0.993483 0.00328731
         0          0          0          1
v_world_imu:   0.0068231   0.0024041 -0.00151262
frame_87
id: 1148
stamp: 1777101593.662195206
T_odom_lidar: 
 -0.199269   0.979306  0.0353897    1.85731
 -0.973535  -0.201961   0.106966   0.338085
    0.1119 -0.0131381   0.993633 0.00309197
         0          0          0          1
T_world_lidar: 
 -0.199269   0.979306  0.0353897    1.85731
 -0.973535  -0.201961   0.106966   0.338085
    0.1119 -0.0131381   0.993633 0.00309197
         0          0          0          1
v_world_imu:   0.0259931   0.0670817 -0.00246798
frame_88
id: 1149
stamp: 1777101593.763255119
T_odom_lidar: 
 -0.198718   0.979466  0.0340383    1.85971
 -0.973643  -0.201265   0.107293   0.350186
   0.11194 -0.0118202   0.993645 0.00297497
         0          0          0          1
T_world_lidar: 
 -0.198718   0.979466  0.0340383    1.85971
 -0.973643  -0.201265   0.107293   0.350186
   0.11194 -0.0118202   0.993645 0.00297497
         0          0          0          1
v_world_imu:    0.0434964     0.191225 -2.01097e-05
frame_89
id: 1150
stamp: 1777101593.863096714
T_odom_lidar: 
 -0.197521   0.979703  0.0341681    1.85922
 -0.973704  -0.200109   0.108887   0.372365
  0.113514 -0.0117622   0.993467 0.00293007
         0          0          0          1
T_world_lidar: 
 -0.197521   0.979703  0.0341681    1.85922
 -0.973704  -0.200109   0.108887   0.372365
  0.113514 -0.0117622   0.993467 0.00293007
         0          0          0          1
v_world_imu:   -0.0571526     0.205384 -9.98439e-05
frame_90
id: 1151
stamp: 1777101593.962204218
T_odom_lidar: 
 -0.200925   0.979029  0.0336407    1.85065
  -0.97299  -0.203435    0.10911   0.390953
  0.113665 -0.0108093    0.99346 0.00288961
         0          0          0          1
T_world_lidar: 
 -0.200925   0.979029  0.0336407    1.85065
  -0.97299  -0.203435    0.10911   0.390953
  0.113665 -0.0108093    0.99346 0.00288961
         0          0          0          1
v_world_imu:   -0.112604    0.209033 -0.00010988
frame_91
id: 1152
stamp: 1777101594.063171387
T_odom_lidar: 
 -0.200734   0.979086  0.0330977    1.83911
 -0.973025  -0.203185   0.109259   0.411212
  0.113699  -0.010273   0.993462 0.00270188
         0          0          0          1
T_world_lidar: 
 -0.200734   0.979086  0.0330977    1.83911
 -0.973025  -0.203185   0.109259   0.411212
  0.113699  -0.010273   0.993462 0.00270188
         0          0          0          1
v_world_imu:  -0.110174   0.207432 0.00105096
frame_92
id: 1153
stamp: 1777101594.162273645
T_odom_lidar: 
  -0.203041    0.978653   0.0318277     1.82922
  -0.972399   -0.205346    0.110788    0.429316
   0.114958 -0.00845483    0.993334  0.00240386
          0           0           0           1
T_world_lidar: 
  -0.203041    0.978653   0.0318277     1.82922
  -0.972399   -0.205346    0.110788    0.429316
   0.114958 -0.00845483    0.993334  0.00240386
          0           0           0           1
v_world_imu:   -0.0639505     0.167702 -0.000593497
frame_93
id: 1154
stamp: 1777101594.263303518
T_odom_lidar: 
  -0.201625    0.978947   0.0317695      1.8224
   -0.97274    -0.20393     0.11041    0.439141
   0.114564 -0.00864203    0.993378  0.00216874
          0           0           0           1
T_world_lidar: 
  -0.201625    0.978947   0.0317695      1.8224
   -0.97274    -0.20393     0.11041    0.439141
   0.114564 -0.00864203    0.993378  0.00216874
          0           0           0           1
v_world_imu: -0.0323088  0.0794313 0.00313822
frame_94
id: 1155
stamp: 1777101594.363190413
T_odom_lidar: 
   -0.19976    0.979301     0.03265     1.82051
  -0.973042   -0.202182    0.110961     0.44347
   0.115266 -0.00960419    0.993288  0.00197375
          0           0           0           1
T_world_lidar: 
   -0.19976    0.979301     0.03265     1.82051
  -0.973042   -0.202182    0.110961     0.44347
   0.115266 -0.00960419    0.993288  0.00197375
          0           0           0           1
v_world_imu:    0.0229193    0.0227624 -0.000655328
frame_95
id: 1156
stamp: 1777101594.462222099
T_odom_lidar: 
 -0.197086   0.979815  0.0334531    1.82195
 -0.973666  -0.199609   0.110141   0.443829
  0.114596 -0.0108648   0.993353 0.00166643
         0          0          0          1
T_world_lidar: 
 -0.197086   0.979815  0.0334531    1.82195
 -0.973666  -0.199609   0.110141   0.443829
  0.114596 -0.0108648   0.993353 0.00166643
         0          0          0          1
v_world_imu:    0.023714  -0.0150518 -0.00147632
frame_96
id: 1157
stamp: 1777101594.562218189
T_odom_lidar: 
  -0.19596   0.980041  0.0334604    1.82203
 -0.973947  -0.198486   0.109685   0.442225
  0.114137 -0.0110949   0.993403 0.00151528
         0          0          0          1
T_world_lidar: 
  -0.19596   0.980041  0.0334604    1.82203
 -0.973947  -0.198486   0.109685   0.442225
  0.114137 -0.0110949   0.993403 0.00151528
         0          0          0          1
v_world_imu: -0.00367422  -0.0251741 -0.00160795
frame_97
id: 1158
stamp: 1777101594.663185835
T_odom_lidar: 
   -0.1976   0.979715   0.033361    1.82106
 -0.973561  -0.200109   0.110157   0.443092
  0.114598 -0.0107121   0.993354 0.00161069
         0          0          0          1
T_world_lidar: 
   -0.1976   0.979715   0.033361    1.82106
 -0.973561  -0.200109   0.110157   0.443092
  0.114598 -0.0107121   0.993354 0.00161069
         0          0          0          1
v_world_imu:  0.0120186  0.0223288 0.00107757
frame_98
id: 1159
stamp: 1777101594.762283325
T_odom_lidar: 
 -0.195911   0.980044  0.0336481    1.82148
 -0.973933  -0.198461   0.109855   0.443136
   0.11434 -0.0112492   0.993378 0.00147549
         0          0          0          1
T_world_lidar: 
 -0.195911   0.980044  0.0336481    1.82148
 -0.973933  -0.198461   0.109855   0.443136
   0.11434 -0.0112492   0.993378 0.00147549
         0          0          0          1
v_world_imu:   0.0118881  -0.0159581 -0.00203975
frame_99
id: 1160
stamp: 1777101594.863280296
T_odom_lidar: 
 -0.196242   0.979981  0.0335485    1.82177
 -0.973904  -0.198775    0.10954   0.442497
  0.114015 -0.0111767   0.993416 0.00133386
         0          0          0          1
T_world_lidar: 
 -0.196242   0.979981  0.0335485    1.82177
 -0.973904  -0.198775    0.10954   0.442497
  0.114015 -0.0111767   0.993416 0.00133386
         0          0          0          1
v_world_imu:  0.00373416  0.00173673 -0.00101641
frame_100
id: 1161
stamp: 1777101594.963222980
T_odom_lidar: 
  -0.19621   0.979985  0.0336273    1.82133
 -0.973859  -0.198757   0.109978   0.443155
   0.11446 -0.0111695   0.993365 0.00134668
         0          0          0          1
T_world_lidar: 
  -0.19621   0.979985  0.0336273    1.82133
 -0.973859  -0.198757   0.109978   0.443155
   0.11446 -0.0111695   0.993365 0.00134668
         0          0          0          1
v_world_imu: -0.00164798  0.00234336 3.94873e-05
frame_101
id: 1162
stamp: 1777101595.062309265
T_odom_lidar: 
 -0.196077   0.980016  0.0334937    1.82149
 -0.973914  -0.198607   0.109754   0.442628
  0.114213 -0.0110998   0.993394 0.00122923
         0          0          0          1
T_world_lidar: 
 -0.196077   0.980016  0.0334937    1.82149
 -0.973914  -0.198607   0.109754   0.442628
  0.114213 -0.0110998   0.993394 0.00122923
         0          0          0          1
v_world_imu: 0.00923131  -0.007269  -0.002354
frame_102
id: 1163
stamp: 1777101595.163305044
T_odom_lidar: 
 -0.195698   0.980083  0.0337612    1.82178
 -0.973985  -0.198261   0.109753   0.442626
   0.11426 -0.0114045   0.993385 0.00115029
         0          0          0          1
T_world_lidar: 
 -0.195698   0.980083  0.0337612    1.82178
 -0.973985  -0.198261   0.109753   0.442626
   0.11426 -0.0114045   0.993385 0.00115029
         0          0          0          1
v_world_imu:  -0.00295433   0.00492917 -0.000179418
frame_103
id: 1164
stamp: 1777101595.263222218
T_odom_lidar: 
 -0.196209   0.979986  0.0336172     1.8212
  -0.97386  -0.198754   0.109971   0.442736
  0.114452 -0.0111611   0.993366 0.00117315
         0          0          0          1
T_world_lidar: 
 -0.196209   0.979986  0.0336172     1.8212
  -0.97386  -0.198754   0.109971   0.442736
  0.114452 -0.0111611   0.993366 0.00117315
         0          0          0          1
v_world_imu: -0.000538718  -0.00307804  -0.00106468
frame_104
id: 1165
stamp: 1777101595.362305880
T_odom_lidar: 
  -0.19566   0.980092  0.0337297    1.82168
 -0.973984  -0.198221   0.109835    0.44248
  0.114334  -0.011362   0.993377 0.00102208
         0          0          0          1
T_world_lidar: 
  -0.19566   0.980092  0.0337297    1.82168
 -0.973984  -0.198221   0.109835    0.44248
  0.114334  -0.011362   0.993377 0.00102208
         0          0          0          1
v_world_imu:   0.00581913 -0.000742455  -0.00150141
frame_105
id: 1166
stamp: 1777101595.463331461
T_odom_lidar: 
  -0.195867     0.98005   0.0337366     1.82153
  -0.973936   -0.198428    0.109888    0.442585
    0.11439  -0.0113339    0.993371 0.000982264
          0           0           0           1
T_world_lidar: 
  -0.195867     0.98005   0.0337366     1.82153
  -0.973936   -0.198428    0.109888    0.442585
    0.11439  -0.0113339    0.993371 0.000982264
          0           0           0           1
v_world_imu: -0.00550308  0.00174572 8.15749e-05
frame_106
id: 1167
stamp: 1777101595.562403917
T_odom_lidar: 
  -0.196028    0.980022   0.0336306     1.82139
  -0.973904   -0.198575    0.109906    0.442599
   0.114388  -0.0112085    0.993373 0.000936104
          0           0           0           1
T_world_lidar: 
  -0.196028    0.980022   0.0336306     1.82139
  -0.973904   -0.198575    0.109906    0.442599
   0.114388  -0.0112085    0.993373 0.000936104
          0           0           0           1
v_world_imu:   0.00415148 -0.000833071  -0.00111343
frame_107
id: 1168
stamp: 1777101595.662343264
T_odom_lidar: 
 -0.195648   0.980096  0.0336742    1.82174
 -0.973996  -0.198202   0.109762   0.442447
  0.114251 -0.0113238   0.993387 0.00081775
         0          0          0          1
T_world_lidar: 
 -0.195648   0.980096  0.0336742    1.82174
 -0.973996  -0.198202   0.109762   0.442447
  0.114251 -0.0113238   0.993387 0.00081775
         0          0          0          1
v_world_imu: -0.000389154 -0.000538607  -0.00035682
frame_108
id: 1169
stamp: 1777101595.763302565
T_odom_lidar: 
  -0.195994    0.980029   0.0336043     1.82148
  -0.973907    -0.19854    0.109941    0.442573
   0.114417  -0.0111796     0.99337 0.000780073
          0           0           0           1
T_world_lidar: 
  -0.195994    0.980029   0.0336043     1.82148
  -0.973907    -0.19854    0.109941    0.442573
   0.114417  -0.0111796     0.99337 0.000780073
          0           0           0           1
v_world_imu:  -0.00160656   0.00200862 -0.000147174
frame_109
id: 1170
stamp: 1777101595.862355232
T_odom_lidar: 
  -0.195843    0.980059   0.0336186     1.82164
  -0.973935   -0.198391    0.109965    0.442447
   0.114442  -0.0112065    0.993367 0.000683198
          0           0           0           1
T_world_lidar: 
  -0.195843    0.980059   0.0336186     1.82164
  -0.973935   -0.198391    0.109965    0.442447
   0.114442  -0.0112065    0.993367 0.000683198
          0           0           0           1
v_world_imu:  0.00284128  -0.0031806 -0.00117825
frame_110
id: 1171
stamp: 1777101595.962991953
T_odom_lidar: 
  -0.195783    0.980071   0.0336012     1.82175
  -0.973951    -0.19833    0.109928     0.44232
   0.114402  -0.0112038    0.993371 0.000570228
          0           0           0           1
T_world_lidar: 
  -0.195783    0.980071   0.0336012     1.82175
  -0.973951    -0.19833    0.109928     0.44232
   0.114402  -0.0112038    0.993371 0.000570228
          0           0           0           1
v_world_imu: -0.00207043  0.00153709 1.08871e-05
frame_111
id: 1172
stamp: 1777101596.063262224
T_odom_lidar: 
  -0.195999    0.980029   0.0335829     1.82157
  -0.973896   -0.198543    0.110033    0.442434
   0.114503  -0.0111398     0.99336 0.000532556
          0           0           0           1
T_world_lidar: 
  -0.195999    0.980029   0.0335829     1.82157
  -0.973896   -0.198543    0.110033    0.442434
   0.114503  -0.0111398     0.99336 0.000532556
          0           0           0           1
v_world_imu:   0.00013971 -0.000490971 -0.000338946
frame_112
id: 1173
stamp: 1777101596.163436651
T_odom_lidar: 
  -0.195715    0.980084    0.033632     1.82179
  -0.973965   -0.198265    0.109926    0.442307
   0.114405  -0.0112422    0.993371 0.000496249
          0           0           0           1
T_world_lidar: 
  -0.195715    0.980084    0.033632     1.82179
  -0.973965   -0.198265    0.109926    0.442307
   0.114405  -0.0112422    0.993371 0.000496249
          0           0           0           1
v_world_imu:  0.00138186 0.000585487 0.000338185
frame_113
id: 1174
stamp: 1777101596.262549162
T_odom_lidar: 
  -0.195842    0.980057   0.0336738     1.82168
  -0.973936   -0.198396    0.109944    0.442509
   0.114433  -0.0112645    0.993367 0.000567044
          0           0           0           1
T_world_lidar: 
  -0.195842    0.980057   0.0336738     1.82168
  -0.973936   -0.198396    0.109944    0.442509
   0.114433  -0.0112645    0.993367 0.000567044
          0           0           0           1
v_world_imu: -0.00297162  0.00288745  0.00146227
frame_114
id: 1175
stamp: 1777101596.362313271
T_odom_lidar: 
  -0.195896    0.980046    0.033687     1.82164
  -0.973935   -0.198451    0.109857    0.442713
   0.114351  -0.0112883    0.993376 0.000623781
          0           0           0           1
T_world_lidar: 
  -0.195896    0.980046    0.033687     1.82164
  -0.973935   -0.198451    0.109857    0.442713
   0.114351  -0.0112883    0.993376 0.000623781
          0           0           0           1
v_world_imu:   0.0018194 0.000939329 0.000906479
frame_115
id: 1176
stamp: 1777101596.463360071
T_odom_lidar: 
  -0.195698    0.980084   0.0337354     1.82177
  -0.973995   -0.198257    0.109671    0.442827
   0.114175  -0.0113958    0.993395 0.000666947
          0           0           0           1
T_world_lidar: 
  -0.195698    0.980084   0.0337354     1.82177
  -0.973995   -0.198257    0.109671    0.442827
   0.114175  -0.0113958    0.993395 0.000666947
          0           0           0           1
v_world_imu: -0.000888097   0.00267792   0.00114964
frame_116
id: 1177
stamp: 1777101596.564034700
T_odom_lidar: 
  -0.195927    0.980039   0.0336975     1.82163
  -0.973951   -0.198481    0.109659    0.443185
   0.114159  -0.0113345    0.993398 0.000766713
          0           0           0           1
T_world_lidar: 
  -0.195927    0.980039   0.0336975     1.82163
  -0.973951   -0.198481    0.109659    0.443185
   0.114159  -0.0113345    0.993398 0.000766713
          0           0           0           1
v_world_imu: -0.0005932 0.00285406 0.00138923
frame_117
id: 1178
stamp: 1777101596.662321091
T_odom_lidar: 
  -0.195813    0.980066   0.0335771     1.82178
  -0.973993   -0.198352    0.109521    0.443305
   0.113998  -0.0112582    0.993417 0.000844497
          0           0           0           1
T_world_lidar: 
  -0.195813    0.980066   0.0335771     1.82178
  -0.973993   -0.198352    0.109521    0.443305
   0.113998  -0.0112582    0.993417 0.000844497
          0           0           0           1
v_world_imu:    0.001703 0.000301137  0.00135066
frame_118
id: 1179
stamp: 1777101596.762299776
T_odom_lidar: 
  -0.195778    0.980072   0.0336125     1.82181
  -0.974008   -0.198321    0.109438    0.443452
   0.113923  -0.0113132    0.993425 0.000972418
          0           0           0           1
T_world_lidar: 
  -0.195778    0.980072   0.0336125     1.82181
  -0.974008   -0.198321    0.109438    0.443452
   0.113923  -0.0113132    0.993425 0.000972418
          0           0           0           1
v_world_imu: -0.00132421  0.00215492  0.00160833
frame_119
id: 1180
stamp: 1777101596.862519503
T_odom_lidar: 
  -0.19593   0.980046  0.0334963    1.82177
  -0.97398  -0.198458   0.109443   0.443559
  0.113907 -0.0111815   0.993429 0.00108965
         0          0          0          1
T_world_lidar: 
  -0.19593   0.980046  0.0334963    1.82177
  -0.97398  -0.198458   0.109443   0.443559
  0.113907 -0.0111815   0.993429 0.00108965
         0          0          0          1
v_world_imu:  0.000881513 -0.000484257  0.000846979
frame_120
id: 1181
stamp: 1777101596.962375164
T_odom_lidar: 
 -0.195754   0.980078  0.0335645    1.82192
 -0.974015  -0.198291   0.109435   0.443466
  0.113911   -0.01127   0.993427 0.00116961
         0          0          0          1
T_world_lidar: 
 -0.195754   0.980078  0.0335645    1.82192
 -0.974015  -0.198291   0.109435   0.443466
  0.113911   -0.01127   0.993427 0.00116961
         0          0          0          1
v_world_imu:  0.000793083 -0.000640862  0.000694036
frame_121
id: 1182
stamp: 1777101597.063379288
T_odom_lidar: 
-0.195886  0.980055 0.0334756   1.82187
-0.973978 -0.198413  0.109541  0.443479
 0.113998 -0.011147  0.993418  0.001265
        0         0         0         1
T_world_lidar: 
-0.195886  0.980055 0.0334756   1.82187
-0.973978 -0.198413  0.109541  0.443479
 0.113998 -0.011147  0.993418  0.001265
        0         0         0         1
v_world_imu:  -0.0011972 2.71538e-05 0.000920455
frame_122
id: 1183
stamp: 1777101597.162555695
T_odom_lidar: 
 -0.195816   0.980073  0.0333604     1.8219
 -0.973982  -0.198332   0.109652   0.443371
  0.114083 -0.0110208    0.99341 0.00134654
         0          0          0          1
T_world_lidar: 
 -0.195816   0.980073  0.0333604     1.8219
 -0.973982  -0.198332   0.109652   0.443371
  0.114083 -0.0110208    0.99341 0.00134654
         0          0          0          1
v_world_imu:  0.00129369 -0.00192234 0.000502588
frame_123
id: 1184
stamp: 1777101597.262497663
T_odom_lidar: 
  -0.19578   0.980083  0.0332876    1.82195
 -0.973998  -0.198287   0.109589   0.443243
  0.114007 -0.0109667   0.993419 0.00142775
         0          0          0          1
T_world_lidar: 
  -0.19578   0.980083  0.0332876    1.82195
 -0.973998  -0.198287   0.109589   0.443243
  0.114007 -0.0109667   0.993419 0.00142775
         0          0          0          1
v_world_imu:  -0.00131504 -0.000674797  0.000775515
frame_124
id: 1185
stamp: 1777101597.362247467
T_odom_lidar: 
 -0.195856   0.980065  0.0333518    1.82177
 -0.973972   -0.19837    0.10967   0.443192
    0.1141 -0.0110043   0.993408 0.00151532
         0          0          0          1
T_world_lidar: 
 -0.195856   0.980065  0.0333518    1.82177
 -0.973972   -0.19837    0.10967   0.443192
    0.1141 -0.0110043   0.993408 0.00151532
         0          0          0          1
v_world_imu: -0.00103618  -0.0010529 0.000549785
frame_125
id: 1186
stamp: 1777101597.462537289
T_odom_lidar: 
  -0.19576   0.980084  0.0333617    1.82177
 -0.973996  -0.198276   0.109629   0.443011
   0.11406 -0.0110332   0.993413 0.00158188
         0          0          0          1
T_world_lidar: 
  -0.19576   0.980084  0.0333617    1.82177
 -0.973996  -0.198276   0.109629   0.443011
   0.11406 -0.0110332   0.993413 0.00158188
         0          0          0          1
v_world_imu: 0.000188085 -0.00197195  0.00059572
frame_126
id: 1187
stamp: 1777101597.562392950
T_odom_lidar: 
 -0.195775   0.980082  0.0333421    1.82167
 -0.973987  -0.198289   0.109685    0.44287
  0.114112 -0.0110011   0.993407 0.00165007
         0          0          0          1
T_world_lidar: 
 -0.195775   0.980082  0.0333421    1.82167
 -0.973987  -0.198289   0.109685    0.44287
  0.114112 -0.0110011   0.993407 0.00165007
         0          0          0          1
v_world_imu:  -0.00218776 -0.000818646  0.000945142
frame_127
id: 1188
stamp: 1777101597.662455320
T_odom_lidar: 
 -0.195771   0.980081  0.0333833    1.82151
  -0.97399  -0.198289   0.109657    0.44273
  0.114092 -0.0110474   0.993409 0.00173314
         0          0          0          1
T_world_lidar: 
 -0.195771   0.980081  0.0333833    1.82151
  -0.97399  -0.198289   0.109657    0.44273
  0.114092 -0.0110474   0.993409 0.00173314
         0          0          0          1
v_world_imu: -0.000363916   -0.0021595  0.000727283
frame_128
id: 1189
stamp: 1777101597.762598038
T_odom_lidar: 
 -0.195695   0.980099  0.0333115     1.8215
 -0.974008  -0.198206   0.109652   0.442478
  0.114072 -0.0109874   0.993412 0.00179663
         0          0          0          1
T_world_lidar: 
 -0.195695   0.980099  0.0333115     1.8215
 -0.974008  -0.198206   0.109652   0.442478
  0.114072 -0.0109874   0.993412 0.00179663
         0          0          0          1
v_world_imu: -0.00153389 -0.00188186 0.000964837
frame_129
id: 1190
stamp: 1777101597.863405466
T_odom_lidar: 
 -0.195814   0.980076  0.0332745    1.82124
 -0.973977   -0.19832   0.109721    0.44233
  0.114134 -0.0109237   0.993405 0.00187492
         0          0          0          1
T_world_lidar: 
 -0.195814   0.980076  0.0332745    1.82124
 -0.973977   -0.19832   0.109721    0.44233
  0.114134 -0.0109237   0.993405 0.00187492
         0          0          0          1
v_world_imu: -0.00255923 -0.00167576 0.000436418
frame_130
id: 1191
stamp: 1777101597.962372541
T_odom_lidar: 
  -0.19316   0.980616  0.0328779    1.82154
 -0.974587  -0.195631   0.109125   0.442247
  0.113442 -0.0109637   0.993484 0.00182114
         0          0          0          1
T_world_lidar: 
  -0.19316   0.980616  0.0328779    1.82154
 -0.974587  -0.195631   0.109125   0.442247
  0.113442 -0.0109637   0.993484 0.00182114
         0          0          0          1
v_world_imu:   0.0163697  0.00592534 -0.00177153
frame_131
id: 1192
stamp: 1777101598.062328100
T_odom_lidar: 
 -0.182492   0.982598  0.0346212    1.82495
 -0.976657  -0.185222   0.108786   0.444591
  0.113305 -0.0139605   0.993462 0.00156541
         0          0          0          1
T_world_lidar: 
 -0.182492   0.982598  0.0346212    1.82495
 -0.976657  -0.185222   0.108786   0.444591
  0.113305 -0.0139605   0.993462 0.00156541
         0          0          0          1
v_world_imu:   0.0284168  -0.0142083 -0.00810947
frame_132
id: 1193
stamp: 1777101598.162390232
T_odom_lidar: 
 -0.167462   0.985322  0.0331167    1.82766
 -0.979408  -0.170112   0.108732   0.445812
   0.11277 -0.0142262   0.993519 0.00102118
         0          0          0          1
T_world_lidar: 
 -0.167462   0.985322  0.0331167    1.82766
 -0.979408  -0.170112   0.108732   0.445812
   0.11277 -0.0142262   0.993519 0.00102118
         0          0          0          1
v_world_imu:   0.0208304   0.0229398 -0.00507321
frame_133
id: 1194
stamp: 1777101598.262579203
T_odom_lidar: 
  -0.153518    0.987673   0.0305562      1.8297
  -0.981623   -0.155979    0.109939    0.448444
    0.11335   -0.013117    0.993469 0.000921679
          0           0           0           1
T_world_lidar: 
  -0.153518    0.987673   0.0305562      1.8297
  -0.981623   -0.155979    0.109939    0.448444
    0.11335   -0.013117    0.993469 0.000921679
          0           0           0           1
v_world_imu: 0.0312124 0.0446393 0.0035062
frame_134
id: 1195
stamp: 1777101598.362405539
T_odom_lidar: 
 -0.135503   0.990369  0.0284299     1.8339
 -0.984157  -0.137854   0.111493   0.453899
  0.114339 -0.0128718   0.993358 0.00113165
         0          0          0          1
T_world_lidar: 
 -0.135503   0.990369  0.0284299     1.8339
 -0.984157  -0.137854   0.111493   0.453899
  0.114339 -0.0128718   0.993358 0.00113165
         0          0          0          1
v_world_imu:  0.0305686   0.053649 0.00277569
frame_135
id: 1196
stamp: 1777101598.462330341
T_odom_lidar: 
 -0.116687   0.992834  0.0257663    1.83809
 -0.986419  -0.118874   0.113345     0.4571
  0.115596 -0.0121905   0.993222 0.00113928
         0          0          0          1
T_world_lidar: 
 -0.116687   0.992834  0.0257663    1.83809
 -0.986419  -0.118874   0.113345     0.4571
  0.115596 -0.0121905   0.993222 0.00113928
         0          0          0          1
v_world_imu:   0.0571957   0.0032939 -0.00096856
frame_136
id: 1197
stamp: 1777101598.562567234
T_odom_lidar: 
 -0.0996805     0.99474   0.0235838      1.8427
  -0.988317   -0.101728    0.113495    0.456207
   0.115297  -0.0119951    0.993259 0.000904173
          0           0           0           1
T_world_lidar: 
 -0.0996805     0.99474   0.0235838      1.8427
  -0.988317   -0.101728    0.113495    0.456207
   0.115297  -0.0119951    0.993259 0.000904173
          0           0           0           1
v_world_imu:   0.0401168 -0.00929662 -0.00185584
frame_137
id: 1198
stamp: 1777101598.662355900
T_odom_lidar: 
 -0.0861035    0.996036   0.0223449     1.84662
  -0.989483  -0.0881106    0.114719    0.457485
   0.116233  -0.0122321    0.993147 0.000983048
          0           0           0           1
T_world_lidar: 
 -0.0861035    0.996036   0.0223449     1.84662
  -0.989483  -0.0881106    0.114719    0.457485
   0.116233  -0.0122321    0.993147 0.000983048
          0           0           0           1
v_world_imu:  0.0254042  0.0177457 0.00251986
frame_138
id: 1199
stamp: 1777101598.762665987
T_odom_lidar: 
  -0.083416     0.99632    0.019686     1.84597
  -0.989755  -0.0851311    0.114622    0.456632
   0.115876 -0.00992298    0.993214  0.00119504
          0           0           0           1
T_world_lidar: 
  -0.083416     0.99632    0.019686     1.84597
  -0.989755  -0.0851311    0.114622    0.456632
   0.115876 -0.00992298    0.993214  0.00119504
          0           0           0           1
v_world_imu: -0.0319658  0.0205483  0.0137773
frame_139
id: 1200
stamp: 1777101598.862478733
T_odom_lidar: 
-0.0763992   0.996867  0.0204597    1.84955
 -0.990219 -0.0782603   0.115502   0.458692
  0.116742 -0.0114353   0.993096 0.00147636
         0          0          0          1
T_world_lidar: 
-0.0763992   0.996867  0.0204597    1.84955
 -0.990219 -0.0782603   0.115502   0.458692
  0.116742 -0.0114353   0.993096 0.00147636
         0          0          0          1
v_world_imu: 0.0172827 0.0170132 0.0039321
frame_140
id: 1201
stamp: 1777101598.962364435
T_odom_lidar: 
-0.0764315   0.996874  0.0200295    1.85037
 -0.990064 -0.0782568   0.116826   0.460711
  0.118028 -0.0109014    0.99295  0.0019013
         0          0          0          1
T_world_lidar: 
-0.0764315   0.996874  0.0200295    1.85037
 -0.990064 -0.0782568   0.116826   0.460711
  0.118028 -0.0109014    0.99295  0.0019013
         0          0          0          1
v_world_imu: -0.0153524 0.00281609 0.00407607
frame_141
id: 1202
stamp: 1777101599.062653780
T_odom_lidar: 
 -0.0769537    0.996853   0.0190193     1.84972
  -0.990162  -0.0786453    0.115736    0.458392
   0.116867 -0.00992586    0.993098  0.00195477
          0           0           0           1
T_world_lidar: 
 -0.0769537    0.996853   0.0190193     1.84972
  -0.990162  -0.0786453    0.115736    0.458392
   0.116867 -0.00992586    0.993098  0.00195477
          0           0           0           1
v_world_imu:  0.00667466  -0.0143816 0.000685375
frame_142
id: 1203
stamp: 1777101599.162472725
T_odom_lidar: 
-0.0748405      0.997  0.0197472    1.85114
 -0.990263 -0.0766366   0.116211   0.459128
  0.117376 -0.0108576   0.993028 0.00205381
         0          0          0          1
T_world_lidar: 
-0.0748405      0.997  0.0197472    1.85114
 -0.990263 -0.0766366   0.116211   0.459128
  0.117376 -0.0108576   0.993028 0.00205381
         0          0          0          1
v_world_imu: -0.000594747    0.0140823   0.00373525
frame_143
id: 1204
stamp: 1777101599.262359142
T_odom_lidar: 
-0.0764965   0.996883  0.0193229    1.85029
 -0.990086 -0.0782362   0.116657   0.459457
  0.117805 -0.0102075   0.992984 0.00238459
         0          0          0          1
T_world_lidar: 
-0.0764965   0.996883  0.0193229    1.85029
 -0.990086 -0.0782362   0.116657   0.459457
  0.117805 -0.0102075   0.992984 0.00238459
         0          0          0          1
v_world_imu:   0.00180528 -0.000557453   0.00111241
frame_144
id: 1205
stamp: 1777101599.362583399
T_odom_lidar: 
-0.0763901   0.996894  0.0191384    1.85063
 -0.990127 -0.0781061   0.116396   0.458709
   0.11753 -0.0100579   0.993018 0.00240202
         0          0          0          1
T_world_lidar: 
-0.0763901   0.996894  0.0191384    1.85063
 -0.990127 -0.0781061   0.116396   0.458709
   0.11753 -0.0100579   0.993018 0.00240202
         0          0          0          1
v_world_imu:   0.00516384  -0.00449404 -0.000371898
frame_145
id: 1206
stamp: 1777101599.462553978
T_odom_lidar: 
-0.0760209   0.996922  0.0191697    1.85102
 -0.990135 -0.0777448   0.116568   0.458826
    0.1177  -0.010119   0.992998 0.00240063
         0          0          0          1
T_world_lidar: 
-0.0760209   0.996922  0.0191697    1.85102
 -0.990135 -0.0777448   0.116568   0.458826
    0.1177  -0.010119   0.992998 0.00240063
         0          0          0          1
v_world_imu: -0.00314494  0.00142939  0.00219298
frame_146
id: 1207
stamp: 1777101599.562728405
T_odom_lidar: 
 -0.0767236    0.996873   0.0189162     1.85083
   -0.99011  -0.0784107    0.116339    0.458566
   0.117459 -0.00980319    0.993029  0.00244247
          0           0           0           1
T_world_lidar: 
 -0.0767236    0.996873   0.0189162     1.85083
   -0.99011  -0.0784107    0.116339    0.458566
   0.117459 -0.00980319    0.993029  0.00244247
          0           0           0           1
v_world_imu: 0.00684301 -0.0043013 0.00107345
frame_147
id: 1208
stamp: 1777101599.662595987
T_odom_lidar: 
-0.0761265   0.996915  0.0190876    1.85128
 -0.990172 -0.0778362   0.116195   0.458569
  0.117322 -0.0100545   0.993043 0.00240942
         0          0          0          1
T_world_lidar: 
-0.0761265   0.996915  0.0190876    1.85128
 -0.990172 -0.0778362   0.116195   0.458569
  0.117322 -0.0100545   0.993043 0.00240942
         0          0          0          1
v_world_imu: -0.000336599  -0.00048777   0.00244553
frame_148
id: 1209
stamp: 1777101599.762471676
T_odom_lidar: 
 -0.0765554    0.996887    0.018848     1.85088
  -0.990141  -0.0782342    0.116191    0.458367
   0.117304 -0.00976716    0.993048   0.0025167
          0           0           0           1
T_world_lidar: 
 -0.0765554    0.996887    0.018848     1.85088
  -0.990141  -0.0782342    0.116191    0.458367
   0.117304 -0.00976716    0.993048   0.0025167
          0           0           0           1
v_world_imu:  0.000167933 -0.000291877    0.0021521
frame_149
id: 1210
stamp: 1777101599.862415552
T_odom_lidar: 
 -0.0760628    0.996922   0.0189745     1.85118
  -0.990203  -0.0777576    0.115982    0.458404
     0.1171 -0.00996674     0.99307  0.00254339
          0           0           0           1
T_world_lidar: 
 -0.0760628    0.996922   0.0189745     1.85118
  -0.990203  -0.0777576    0.115982    0.458404
     0.1171 -0.00996674     0.99307  0.00254339
          0           0           0           1
v_world_imu:  0.00570519 -0.00339142 0.000845327
frame_150
id: 1211
stamp: 1777101599.962579966
T_odom_lidar: 
-0.0733952   0.997113  0.0194826    1.85203
 -0.990427 -0.0751653   0.115775   0.458623
  0.116905 -0.0107988   0.993084 0.00248416
         0          0          0          1
T_world_lidar: 
-0.0733952   0.997113  0.0194826    1.85203
 -0.990427 -0.0751653   0.115775   0.458623
  0.116905 -0.0107988   0.993084 0.00248416
         0          0          0          1
v_world_imu:    0.0278175    0.0117149 -0.000572037
frame_151
id: 1212
stamp: 1777101600.062473536
T_odom_lidar: 
-0.0632285   0.997759  0.0218883    1.85665
 -0.991061 -0.0653555   0.116303   0.462964
  0.117473 -0.0143389   0.992973 0.00209999
         0          0          0          1
T_world_lidar: 
-0.0632285   0.997759  0.0218883    1.85665
 -0.991061 -0.0653555   0.116303   0.462964
  0.117473 -0.0143389   0.992973 0.00209999
         0          0          0          1
v_world_imu:  0.0416535 0.00446846 -0.0012838
frame_152
id: 1213
stamp: 1777101600.162709713
T_odom_lidar: 
-0.0551868   0.998267  0.0204256    1.85845
 -0.991769 -0.0571718   0.114569   0.464388
  0.115538 -0.0139348   0.993205 0.00182575
         0          0          0          1
T_world_lidar: 
-0.0551868   0.998267  0.0204256    1.85845
 -0.991769 -0.0571718   0.114569   0.464388
  0.115538 -0.0139348   0.993205 0.00182575
         0          0          0          1
v_world_imu:   0.0462527   0.0361652 -0.00400634
frame_153
id: 1214
stamp: 1777101600.262564182
T_odom_lidar: 
-0.0406984   0.998986  0.0192551     1.8612
 -0.992485 -0.0426442   0.114695   0.466985
    0.1154 -0.0144424   0.993214 0.00160024
         0          0          0          1
T_world_lidar: 
-0.0406984   0.998986  0.0192551     1.8612
 -0.992485 -0.0426442   0.114695   0.466985
    0.1154 -0.0144424   0.993214 0.00160024
         0          0          0          1
v_world_imu:   0.0346056   0.0253649 -0.00106907
frame_154
id: 1215
stamp: 1777101600.362481833
T_odom_lidar: 
-0.0261874   0.999507  0.0173457    1.86457
  -0.99297  -0.028012   0.115002   0.470695
  0.115431 -0.0142122   0.993214 0.00152209
         0          0          0          1
T_world_lidar: 
-0.0261874   0.999507  0.0173457    1.86457
  -0.99297  -0.028012   0.115002   0.470695
  0.115431 -0.0142122   0.993214 0.00152209
         0          0          0          1
v_world_imu:  0.0166893  0.0434178 0.00572004
frame_155
id: 1216
stamp: 1777101600.462518454
T_odom_lidar: 
-0.00556517    0.999889   0.0138509     1.86852
  -0.993159 -0.00714225    0.116552    0.476007
   0.116638  -0.0131075    0.993088  0.00157387
          0           0           0           1
T_world_lidar: 
-0.00556517    0.999889   0.0138509     1.86852
  -0.993159 -0.00714225    0.116552    0.476007
   0.116638  -0.0131075    0.993088  0.00157387
          0           0           0           1
v_world_imu:   0.061107  0.0437162 0.00277561
frame_156
id: 1217
stamp: 1777101600.562617540
T_odom_lidar: 
 0.0231887   0.999678  0.0102609    1.87567
 -0.992847  0.0218255   0.117378   0.479215
  0.117116 -0.0129093   0.993034 0.00172409
         0          0          0          1
T_world_lidar: 
 0.0231887   0.999678  0.0102609    1.87567
 -0.992847  0.0218255   0.117378   0.479215
  0.117116 -0.0129093   0.993034 0.00172409
         0          0          0          1
v_world_imu:   0.071985  0.0299428 0.00423096
frame_157
id: 1218
stamp: 1777101600.662485600
T_odom_lidar: 
   0.0517247      0.99863   0.00796086      1.88311
   -0.991626     0.050414     0.118899     0.482542
    0.118335   -0.0140442     0.992874 -0.000561779
           0            0            0            1
T_world_lidar: 
   0.0517247      0.99863   0.00796086      1.88311
   -0.991626     0.050414     0.118899     0.482542
    0.118335   -0.0140442     0.992874 -0.000561779
           0            0            0            1
v_world_imu:  0.0515535  0.0265416 0.00274887
frame_158
id: 1219
stamp: 1777101600.762465239
T_odom_lidar: 
   0.0649697     0.997869   0.00599882      1.88558
   -0.990944    0.0638085      0.11815     0.482813
    0.117515   -0.0136207     0.992978 -0.000668043
           0            0            0            1
T_world_lidar: 
   0.0649697     0.997869   0.00599882      1.88558
   -0.990944    0.0638085      0.11815     0.482813
    0.117515   -0.0136207     0.992978 -0.000668043
           0            0            0            1
v_world_imu:  -0.0362199 -0.00919902  0.00669313
frame_159
id: 1220
stamp: 1777101600.862638712
T_odom_lidar: 
    0.075348     0.997148   0.00419944      1.88833
   -0.990116    0.0743157     0.118942     0.484637
    0.118291     -0.01312     0.992892 -0.000332927
           0            0            0            1
T_world_lidar: 
    0.075348     0.997148   0.00419944      1.88833
   -0.990116    0.0743157     0.118942     0.484637
    0.118291     -0.01312     0.992892 -0.000332927
           0            0            0            1
v_world_imu:   0.0557412   0.0233879 0.000592936
frame_160
id: 1221
stamp: 1777101600.962589979
T_odom_lidar: 
   0.0799817     0.996787   0.00435604      1.89131
   -0.989739    0.0788955     0.119134     0.487041
    0.118408   -0.0138399     0.992869 -0.000316836
           0            0            0            1
T_world_lidar: 
   0.0799817     0.996787   0.00435604      1.89131
   -0.989739    0.0788955     0.119134     0.487041
    0.118408   -0.0138399     0.992869 -0.000316836
           0            0            0            1
v_world_imu: 0.00766773  0.0335916 0.00419314
frame_161
id: 1222
stamp: 1777101601.062382221
T_odom_lidar: 
   0.0787785     0.996887   0.00321765      1.88985
   -0.989815    0.0778349     0.119198      0.48571
    0.118576   -0.0125751     0.992865 -0.000358759
           0            0            0            1
T_world_lidar: 
   0.0787785     0.996887   0.00321765      1.88985
   -0.989815    0.0778349     0.119198      0.48571
    0.118576   -0.0125751     0.992865 -0.000358759
           0            0            0            1
v_world_imu: -0.00826363  -0.0227693  0.00184525
frame_162
id: 1223
stamp: 1777101601.162538052
T_odom_lidar: 
   0.0778452      0.99696   0.00318148      1.88977
   -0.989934    0.0769175     0.118806     0.484959
      0.1182   -0.0123979     0.992912 -0.000334449
           0            0            0            1
T_world_lidar: 
   0.0778452      0.99696   0.00318148      1.88977
   -0.989934    0.0769175     0.118806     0.484959
      0.1182   -0.0123979     0.992912 -0.000334449
           0            0            0            1
v_world_imu:  0.0148663  0.0174259 0.00129928
frame_163
id: 1224
stamp: 1777101601.262588501
T_odom_lidar: 
   0.0795159     0.996825   0.00405897      1.89005
   -0.989716    0.0784618     0.119608     0.487078
     0.11891    -0.013528     0.992813 -0.000152175
           0            0            0            1
T_world_lidar: 
   0.0795159     0.996825   0.00405897      1.89005
   -0.989716    0.0784618     0.119608     0.487078
     0.11891    -0.013528     0.992813 -0.000152175
           0            0            0            1
v_world_imu: 0.00589018  0.0182498 0.00318128
frame_164
id: 1225
stamp: 1777101601.362221003
T_odom_lidar: 
 0.0786409   0.996897  0.0035594    1.88957
 -0.989829  0.0776577     0.1192   0.486251
  0.118554 -0.0128972   0.992864 5.5593e-06
         0          0          0          1
T_world_lidar: 
 0.0786409   0.996897  0.0035594    1.88957
 -0.989829  0.0776577     0.1192   0.486251
  0.118554 -0.0128972   0.992864 5.5593e-06
         0          0          0          1
v_world_imu: -0.0126766 -0.0236164 0.00216391
frame_165
id: 1226
stamp: 1777101601.462515116
T_odom_lidar: 
  0.0775457    0.996984  0.00323172     1.88887
  -0.989905   0.0766086    0.119241    0.486034
   0.118634  -0.0124457     0.99286 0.000189116
          0           0           0           1
T_world_lidar: 
  0.0775457    0.996984  0.00323172     1.88887
  -0.989905   0.0766086    0.119241    0.486034
   0.118634  -0.0124457     0.99286 0.000189116
          0           0           0           1
v_world_imu: 0.000675128   0.0172422  0.00119181
frame_166
id: 1227
stamp: 1777101601.562098265
T_odom_lidar: 
  0.0790102    0.996866  0.00389716     1.88945
  -0.989774   0.0779811    0.119445    0.487035
   0.118767  -0.0132947    0.992833 0.000186512
          0           0           0           1
T_world_lidar: 
  0.0790102    0.996866  0.00389716     1.88945
  -0.989774   0.0779811    0.119445    0.487035
   0.118767  -0.0132947    0.992833 0.000186512
          0           0           0           1
v_world_imu:  0.00537653 -0.00363517  0.00020167
frame_167
id: 1228
stamp: 1777101601.662589788
T_odom_lidar: 
  0.0784902    0.996909  0.00355048     1.88931
   -0.98988   0.0775135    0.118866    0.486206
   0.118224  -0.0128444    0.992904 0.000224822
          0           0           0           1
T_world_lidar: 
  0.0784902    0.996909  0.00355048     1.88931
   -0.98988   0.0775135    0.118866    0.486206
   0.118224  -0.0128444    0.992904 0.000224822
          0           0           0           1
v_world_imu:  -0.00705056 -0.000834407   0.00165471
frame_168
id: 1229
stamp: 1777101601.762558937
T_odom_lidar: 
  0.0779403    0.996951  0.00360881     1.88888
  -0.989892   0.0769572    0.119127    0.486813
   0.118486  -0.0128571    0.992872 0.000322122
          0           0           0           1
T_world_lidar: 
  0.0779403    0.996951  0.00360881     1.88888
  -0.989892   0.0769572    0.119127    0.486813
   0.118486  -0.0128571    0.992872 0.000322122
          0           0           0           1
v_world_imu: 0.00225361 0.00505903 0.00029245
frame_169
id: 1230
stamp: 1777101601.862486601
T_odom_lidar: 
  0.0786723    0.996894  0.00366633     1.88952
  -0.989893   0.0776834    0.118649    0.486653
   0.117996  -0.0129637    0.992929 0.000238859
          0           0           0           1
T_world_lidar: 
  0.0786723    0.996894  0.00366633     1.88952
  -0.989893   0.0776834    0.118649    0.486653
   0.117996  -0.0129637    0.992929 0.000238859
          0           0           0           1
v_world_imu:   0.00494301  -0.00486217 -0.000793812
frame_170
id: 1231
stamp: 1777101601.962213516
T_odom_lidar: 
   0.076744    0.997047  0.00259247     1.88885
  -0.990129   0.0759051    0.117829    0.486889
   0.117284  -0.0116095    0.993031 0.000297193
          0           0           0           1
T_world_lidar: 
   0.076744    0.997047  0.00259247     1.88885
  -0.990129   0.0759051    0.117829    0.486889
   0.117284  -0.0116095    0.993031 0.000297193
          0           0           0           1
v_world_imu:  -0.0146411   0.0284686 0.000889108
frame_171
id: 1232
stamp: 1777101602.062564611
T_odom_lidar: 
  0.0747346    0.997201  0.00222641     1.88871
  -0.990272   0.0739521     0.11787    0.496364
   0.117375  -0.0110137    0.993027 0.000342757
          0           0           0           1
T_world_lidar: 
  0.0747346    0.997201  0.00222641     1.88871
  -0.990272   0.0739521     0.11787    0.496364
   0.117375  -0.0110137    0.993027 0.000342757
          0           0           0           1
v_world_imu:   0.0126725    0.162742 0.000881639
frame_172
id: 1233
stamp: 1777101602.162121534
T_odom_lidar: 
 0.0752174   0.997159 0.00394158    1.88996
 -0.990152  0.0742196   0.118705    0.51366
  0.118076 -0.0128315   0.992922  0.0002591
         0          0          0          1
T_world_lidar: 
 0.0752174   0.997159 0.00394158    1.88996
 -0.990152  0.0742196   0.118705    0.51366
  0.118076 -0.0128315   0.992922  0.0002591
         0          0          0          1
v_world_imu:  0.00878799    0.171237 0.000521271
frame_173
id: 1234
stamp: 1777101602.262104750
T_odom_lidar: 
  0.0703948    0.997517  0.00224599     1.88879
  -0.990567   0.0696387    0.118016    0.528323
   0.117566  -0.0105325    0.993009 0.000292745
          0           0           0           1
T_world_lidar: 
  0.0703948    0.997517  0.00224599     1.88879
  -0.990567   0.0696387    0.118016    0.528323
   0.117566  -0.0105325    0.993009 0.000292745
          0           0           0           1
v_world_imu:  -0.0185804     0.15346 0.000931474
frame_174
id: 1235
stamp: 1777101602.362174273
T_odom_lidar: 
  0.0664819    0.997786  0.00204986     1.88796
  -0.990773   0.0657712    0.118506    0.547273
   0.118109 -0.00990949    0.992951 0.000390555
          0           0           0           1
T_world_lidar: 
  0.0664819    0.997786  0.00204986     1.88796
  -0.990773   0.0657712    0.118506    0.547273
   0.118109 -0.00990949    0.992951 0.000390555
          0           0           0           1
v_world_imu: -0.00241809    0.210105 -0.00160966
frame_175
id: 1236
stamp: 1777101602.462368011
T_odom_lidar: 
  0.0638295    0.997959  0.00174767     1.88818
  -0.990943   0.0631733    0.118491    0.567954
   0.118139 -0.00929507    0.992954 0.000367512
          0           0           0           1
T_world_lidar: 
  0.0638295    0.997959  0.00174767     1.88818
  -0.990943   0.0631733    0.118491    0.567954
   0.118139 -0.00929507    0.992954 0.000367512
          0           0           0           1
v_world_imu: 0.000465245    0.209409  0.00145812
frame_176
id: 1237
stamp: 1777101602.562147856
T_odom_lidar: 
  0.0607208    0.998154   0.0012596     1.88776
  -0.991142   0.0601449    0.118404     0.58827
   0.118109 -0.00843801    0.992965 0.000416518
          0           0           0           1
T_world_lidar: 
  0.0607208    0.998154   0.0012596     1.88776
  -0.991142   0.0601449    0.118404     0.58827
   0.118109 -0.00843801    0.992965 0.000416518
          0           0           0           1
v_world_imu: -0.0122686   0.218172 0.00046028
frame_177
id: 1238
stamp: 1777101602.662633419
T_odom_lidar: 
  0.0596132    0.998217  0.00310416     1.88867
  -0.991063   0.0588137    0.119729      0.6108
   0.119332  -0.0102138    0.992802 0.000391388
          0           0           0           1
T_world_lidar: 
  0.0596132    0.998217  0.00310416     1.88867
  -0.991063   0.0588137    0.119729      0.6108
   0.119332  -0.0102138    0.992802 0.000391388
          0           0           0           1
v_world_imu:    0.011853    0.182694 -0.00297662
frame_178
id: 1239
stamp: 1777101602.762182474
T_odom_lidar: 
  0.0571716     0.99836  0.00307788     1.88938
  -0.991332   0.0564034    0.118654    0.627214
   0.118286 -0.00983483    0.992931  6.8825e-05
          0           0           0           1
T_world_lidar: 
  0.0571716     0.99836  0.00307788     1.88938
  -0.991332   0.0564034    0.118654    0.627214
   0.118286 -0.00983483    0.992931  6.8825e-05
          0           0           0           1
v_world_imu:   0.0166469    0.173205 -0.00472038
frame_179
id: 1240
stamp: 1777101602.861994505
T_odom_lidar: 
   0.0558524     0.998431   0.00405319      1.89006
   -0.991387    0.0549758     0.118868     0.642994
    0.118459   -0.0106573     0.992902 -0.000419106
           0            0            0            1
T_world_lidar: 
   0.0558524     0.998431   0.00405319      1.89006
   -0.991387    0.0549758     0.118868     0.642994
    0.118459   -0.0106573     0.992902 -0.000419106
           0            0            0            1
v_world_imu: -0.00729789    0.144926 -0.00293517
frame_180
id: 1241
stamp: 1777101602.962029934
T_odom_lidar: 
  0.0532897     0.99857   0.0043128     1.89084
  -0.991561   0.0524036    0.118578    0.657768
   0.118182  -0.0105954    0.992935 -0.00084759
          0           0           0           1
T_world_lidar: 
  0.0532897     0.99857   0.0043128     1.89084
  -0.991561   0.0524036    0.118578    0.657768
   0.118182  -0.0105954    0.992935 -0.00084759
          0           0           0           1
v_world_imu:   0.0165852    0.156327 -0.00606161
frame_181
id: 1242
stamp: 1777101603.062310219
T_odom_lidar: 
  0.0528401    0.998586  0.00579144     1.89274
  -0.991606   0.0517836    0.118473    0.675994
   0.118006   -0.012003     0.99294 -0.00130271
          0           0           0           1
T_world_lidar: 
  0.0528401    0.998586  0.00579144     1.89274
  -0.991606   0.0517836    0.118473    0.675994
   0.118006   -0.012003     0.99294 -0.00130271
          0           0           0           1
v_world_imu:  0.00308934    0.196064 -0.00119615
frame_182
id: 1243
stamp: 1777101603.162268877
T_odom_lidar: 
  0.0522998    0.998613  0.00614587     1.89304
  -0.991632    0.051205    0.118504    0.695802
   0.118025  -0.0122922    0.992935 -0.00148232
          0           0           0           1
T_world_lidar: 
  0.0522998    0.998613  0.00614587     1.89304
  -0.991632    0.051205    0.118504    0.695802
   0.118025  -0.0122922    0.992935 -0.00148232
          0           0           0           1
v_world_imu:   0.0176268    0.210662 0.000920042
frame_183
id: 1244
stamp: 1777101603.262297153
T_odom_lidar: 
  0.0580913    0.998285  0.00730391     1.89672
   -0.99146   0.0568354    0.117378    0.718972
   0.116761  -0.0140602     0.99306 -0.00194255
          0           0           0           1
T_world_lidar: 
  0.0580913    0.998285  0.00730391     1.89672
   -0.99146   0.0568354    0.117378    0.718972
   0.116761  -0.0140602     0.99306 -0.00194255
          0           0           0           1
v_world_imu:     0.031406     0.255072 -9.18731e-05
frame_184
id: 1245
stamp: 1777101603.362563610
T_odom_lidar: 
  0.0758856    0.997103  0.00516336     1.90042
  -0.990215   0.0747511    0.117839    0.745461
   0.117112  -0.0140551    0.993019 -0.00220557
          0           0           0           1
T_world_lidar: 
  0.0758856    0.997103  0.00516336     1.90042
  -0.990215   0.0747511    0.117839    0.745461
   0.117112  -0.0140551    0.993019 -0.00220557
          0           0           0           1
v_world_imu:  0.0497879   0.283531 -0.0016516
