id: 2
T_world_origin: 
  -0.953348    0.282646    0.106016     1.07306
   -0.28193   -0.959183   0.0219963   -0.264504
   0.107906 -0.00891883    0.994121    0.013718
          0           0           0           1
T_origin_endpoint_L: 
   0.920281    0.391258 0.000604996     1.38002
  -0.390838    0.919218   0.0478036   -0.351306
  0.0181474  -0.0442292    0.998857   -0.159903
          0           0           0           1
T_origin_endpoint_R: 
   0.999791   0.0203386 -0.00200746    -1.85735
 -0.0203239    0.999768  0.00706345   0.0849429
 0.00215066 -0.00702117    0.999973    0.207719
          0           0           0           1
T_lidar_imu: 
     1      0      0  0.006
     0      1      0 -0.012
     0      0      1  0.008
     0      0      0      1
imu_bias: -9.84388e-05 -0.000404726  -0.00335529  2.03101e-05  -0.00036588   0.00122617
frame_id: 2
num_frames: 172
frame_0
id: 332
stamp: 1777101511.862473488
T_odom_lidar: 
  -0.985892   -0.117881    0.118829    -0.35527
   0.115829   -0.992978  -0.0240519    -0.33254
    0.12083 -0.00994864    0.992623  -0.0019862
          0           0           0           1
T_world_lidar: 
  -0.985892   -0.117881    0.118829    -0.35527
   0.115829   -0.992978  -0.0240519    -0.33254
    0.12083 -0.00994864    0.992623  -0.0019862
          0           0           0           1
v_world_imu:  -0.00874408   -0.0931945 -0.000850859
frame_1
id: 333
stamp: 1777101511.962459087
T_odom_lidar: 
  -0.989285  -0.0838696    0.119507   -0.355658
  0.0819646   -0.996419  -0.0207765   -0.341115
   0.120822  -0.0107586    0.992616 -0.00190824
          0           0           0           1
T_world_lidar: 
  -0.989285  -0.0838696    0.119507   -0.355658
  0.0819646   -0.996419  -0.0207765   -0.341115
   0.120822  -0.0107586    0.992616 -0.00190824
          0           0           0           1
v_world_imu: -0.00522192  -0.0826641 0.000789799
frame_2
id: 334
stamp: 1777101512.062291145
T_odom_lidar: 
  -0.991471   -0.050089    0.120317   -0.355349
  0.0484018   -0.998685  -0.0169062   -0.349288
   0.121006  -0.0109384    0.992592 -0.00186552
          0           0           0           1
T_world_lidar: 
  -0.991471   -0.050089    0.120317   -0.355349
  0.0484018   -0.998685  -0.0169062   -0.349288
   0.121006  -0.0109384    0.992592 -0.00186552
          0           0           0           1
v_world_imu:   0.002751 -0.0791386 0.00119276
frame_3
id: 335
stamp: 1777101512.162177563
T_odom_lidar: 
 -0.992237 -0.0274758   0.121287  -0.354856
 0.0257894  -0.999548 -0.0154529  -0.355686
  0.121657  -0.012205   0.992497 -0.0018872
         0          0          0          1
T_world_lidar: 
 -0.992237 -0.0274758   0.121287  -0.354856
 0.0257894  -0.999548 -0.0154529  -0.355686
  0.121657  -0.012205   0.992497 -0.0018872
         0          0          0          1
v_world_imu:  -0.0144562  -0.0520004 -0.00188784
frame_4
id: 336
stamp: 1777101512.262349129
T_odom_lidar: 
  -0.992759  -0.0149144    0.119191   -0.357814
  0.0136926   -0.999845  -0.0110628    -0.35756
   0.119337 -0.00935063     0.99281 -0.00174955
          0           0           0           1
T_world_lidar: 
  -0.992759  -0.0149144    0.119191   -0.357814
  0.0136926   -0.999845  -0.0110628    -0.35756
   0.119337 -0.00935063     0.99281 -0.00174955
          0           0           0           1
v_world_imu:  -0.0295984   -0.061144 -0.00581738
frame_5
id: 337
stamp: 1777101512.362379313
T_odom_lidar: 
  -0.992958  -0.0052319    0.118354   -0.358004
 0.00394773   -0.999931  -0.0110822   -0.362579
   0.118403  -0.0105369     0.99291 -0.00196252
          0           0           0           1
T_world_lidar: 
  -0.992958  -0.0052319    0.118354   -0.358004
 0.00394773   -0.999931  -0.0110822   -0.362579
   0.118403  -0.0105369     0.99291 -0.00196252
          0           0           0           1
v_world_imu:  0.0257567 -0.0391114   0.003309
frame_6
id: 338
stamp: 1777101512.462556601
T_odom_lidar: 
 -0.992903 -0.0029245   0.118889  -0.357449
0.00169556  -0.999944 -0.0104367  -0.362872
  0.118913 -0.0101611   0.992853 -0.0019124
         0          0          0          1
T_world_lidar: 
 -0.992903 -0.0029245   0.118889  -0.357449
0.00169556  -0.999944 -0.0104367  -0.362872
  0.118913 -0.0101611   0.992853 -0.0019124
         0          0          0          1
v_world_imu: -0.0211191  0.0257293 0.00124185
frame_7
id: 339
stamp: 1777101512.562602520
T_odom_lidar: 
  -0.992947 -0.00454502     0.11847   -0.358722
  0.0034777   -0.999951 -0.00921437   -0.362384
   0.118506 -0.00873738    0.992915  -0.0019292
          0           0           0           1
T_world_lidar: 
  -0.992947 -0.00454502     0.11847   -0.358722
  0.0034777   -0.999951 -0.00921437   -0.362384
   0.118506 -0.00873738    0.992915  -0.0019292
          0           0           0           1
v_world_imu:  0.00124551  -0.0188662 -0.00147895
frame_8
id: 340
stamp: 1777101512.662218094
T_odom_lidar: 
   -0.992959  -0.00071663     0.118454    -0.357885
-0.000441663    -0.999952  -0.00975186    -0.363927
    0.118456  -0.00973552     0.992912  -0.00208773
           0            0            0            1
T_world_lidar: 
   -0.992959  -0.00071663     0.118454    -0.357885
-0.000441663    -0.999952  -0.00975186    -0.363927
    0.118456  -0.00973552     0.992912  -0.00208773
           0            0            0            1
v_world_imu:   0.0111772 -0.00272425   0.0005953
frame_9
id: 341
stamp: 1777101512.762216091
T_odom_lidar: 
   -0.992896 -0.000553574     0.118987    -0.357085
-0.000663929    -0.999948   -0.0101924    -0.364028
    0.118986    -0.010199     0.992844  -0.00204895
           0            0            0            1
T_world_lidar: 
   -0.992896 -0.000553574     0.118987    -0.357085
-0.000663929    -0.999948   -0.0101924    -0.364028
    0.118986    -0.010199     0.992844  -0.00204895
           0            0            0            1
v_world_imu:  -0.014162   0.016256 0.00211269
frame_10
id: 342
stamp: 1777101512.862186193
T_odom_lidar: 
  -0.992938 -0.00243538    0.118612   -0.358485
 0.00137573   -0.999958 -0.00901477   -0.362747
   0.118629 -0.00878793      0.9929  -0.0018163
          0           0           0           1
T_world_lidar: 
  -0.992938 -0.00243538    0.118612   -0.358485
 0.00137573   -0.999958 -0.00901477   -0.362747
   0.118629 -0.00878793      0.9929  -0.0018163
          0           0           0           1
v_world_imu: -0.00291206  0.00684327  0.00173297
frame_11
id: 343
stamp: 1777101512.962391615
T_odom_lidar: 
   -0.99291 -0.00123282    0.118862   -0.357565
7.76905e-05   -0.999953 -0.00972237    -0.36291
   0.118869  -0.0096442    0.992863 -0.00177257
          0           0           0           1
T_world_lidar: 
   -0.99291 -0.00123282    0.118862   -0.357565
7.76905e-05   -0.999953 -0.00972237    -0.36291
   0.118869  -0.0096442    0.992863 -0.00177257
          0           0           0           1
v_world_imu:   0.00707262 -0.000742956   0.00163535
frame_12
id: 344
stamp: 1777101513.062264442
T_odom_lidar: 
   -0.992883 -0.000679487     0.119091    -0.356647
-0.000488845    -0.999952  -0.00978091    -0.362628
    0.119092  -0.00976952     0.992835  -0.00161003
           0            0            0            1
T_world_lidar: 
   -0.992883 -0.000679487     0.119091    -0.356647
-0.000488845    -0.999952  -0.00978091    -0.362628
    0.119092  -0.00976952     0.992835  -0.00161003
           0            0            0            1
v_world_imu:   0.0235098   -0.017557 0.000334765
frame_13
id: 345
stamp: 1777101513.162091732
T_odom_lidar: 
    -0.99303  -0.00034293     0.117862    -0.358715
-0.000793912    -0.999954  -0.00959845    -0.362364
     0.11786  -0.00962512     0.992984   -0.0017358
           0            0            0            1
T_world_lidar: 
    -0.99303  -0.00034293     0.117862    -0.358715
-0.000793912    -0.999954  -0.00959845    -0.362364
     0.11786  -0.00962512     0.992984   -0.0017358
           0            0            0            1
v_world_imu:  -0.0379336 -0.00153455 -0.00263275
frame_14
id: 346
stamp: 1777101513.262141705
T_odom_lidar: 
  -0.993092 -0.00192822    0.117322   -0.359917
0.000760374    -0.99995 -0.00999814   -0.362152
   0.117335 -0.00983986    0.993044 -0.00187592
          0           0           0           1
T_world_lidar: 
  -0.993092 -0.00192822    0.117322   -0.359917
0.000760374    -0.99995 -0.00999814   -0.362152
   0.117335 -0.00983986    0.993044 -0.00187592
          0           0           0           1
v_world_imu:  0.00372183 0.000351647 0.000307273
frame_15
id: 347
stamp: 1777101513.362113953
T_odom_lidar: 
  -0.993063 -0.00398869    0.117512   -0.359759
 0.00281281   -0.999944  -0.0101706   -0.361058
   0.117546  -0.0097695    0.993019 -0.00188333
          0           0           0           1
T_world_lidar: 
  -0.993063 -0.00398869    0.117512   -0.359759
 0.00281281   -0.999944  -0.0101706   -0.361058
   0.117546  -0.0097695    0.993019 -0.00188333
          0           0           0           1
v_world_imu: -0.00619364   0.0154507 0.000551371
frame_16
id: 348
stamp: 1777101513.462388277
T_odom_lidar: 
  -0.993101 -0.00880654    0.116935    -0.36105
 0.00768383    -0.99992  -0.0100484    -0.35939
   0.117014 -0.00908061    0.993089 -0.00201291
          0           0           0           1
T_world_lidar: 
  -0.993101 -0.00880654    0.116935    -0.36105
 0.00768383    -0.99992  -0.0100484    -0.35939
   0.117014 -0.00908061    0.993089 -0.00201291
          0           0           0           1
v_world_imu:  -0.0166189   0.0148661 -0.00273851
frame_17
id: 349
stamp: 1777101513.562043428
T_odom_lidar: 
  -0.993242  -0.0142981    0.115181   -0.362224
  0.0138641   -0.999893 -0.00456776   -0.356076
   0.115234 -0.00294002    0.993334 -0.00142654
          0           0           0           1
T_world_lidar: 
  -0.993242  -0.0142981    0.115181   -0.362224
  0.0138641   -0.999893 -0.00456776   -0.356076
   0.115234 -0.00294002    0.993334 -0.00142654
          0           0           0           1
v_world_imu: 0.00149127  -0.120519 -0.0076566
frame_18
id: 350
stamp: 1777101513.662057638
T_odom_lidar: 
   -0.99353 -0.00609689     0.11341   -0.356697
 0.00533628   -0.999961 -0.00700911    -0.36914
   0.113448 -0.00635858    0.993524 -0.00170149
          0           0           0           1
T_world_lidar: 
   -0.99353 -0.00609689     0.11341   -0.356697
 0.00533628   -0.999961 -0.00700911    -0.36914
   0.113448 -0.00635858    0.993524 -0.00170149
          0           0           0           1
v_world_imu:     0.103281    -0.152279 -0.000521162
frame_19
id: 351
stamp: 1777101513.762285709
T_odom_lidar: 
  -0.993524 -0.00371375    0.113561   -0.343364
 0.00269749   -0.999955 -0.00910133   -0.380295
    0.11359 -0.00873606    0.993489  -0.0014963
          0           0           0           1
T_world_lidar: 
  -0.993524 -0.00371375    0.113561   -0.343364
 0.00269749   -0.999955 -0.00910133   -0.380295
    0.11359 -0.00873606    0.993489  -0.0014963
          0           0           0           1
v_world_imu:    0.16093  -0.103355 0.00153014
frame_20
id: 352
stamp: 1777101513.862118959
T_odom_lidar: 
   -0.993544 -0.000835945     0.113441    -0.328394
-0.000224089    -0.999956  -0.00933127    -0.386436
    0.113444  -0.00929645     0.993501  -0.00134137
           0            0            0            1
T_world_lidar: 
   -0.993544 -0.000835945     0.113441    -0.328394
-0.000224089    -0.999956  -0.00933127    -0.386436
    0.113444  -0.00929645     0.993501  -0.00134137
           0            0            0            1
v_world_imu:   0.158562 -0.0353849 0.00222711
frame_21
id: 353
stamp: 1777101513.962275028
T_odom_lidar: 
   -0.993527 -0.000365024     0.113595    -0.313846
-0.000785801    -0.999949    -0.010086    -0.388719
    0.113593   -0.0101099     0.993476   -0.0011733
           0            0            0            1
T_world_lidar: 
   -0.993527 -0.000365024     0.113595    -0.313846
-0.000785801    -0.999949    -0.010086    -0.388719
    0.113593   -0.0101099     0.993476   -0.0011733
           0            0            0            1
v_world_imu:   0.135388   0.024322 0.00468308
frame_22
id: 354
stamp: 1777101514.062799454
T_odom_lidar: 
   -0.993476  -0.00509245     0.113924    -0.297889
  0.00409344    -0.999951  -0.00900131    -0.389073
    0.113964  -0.00847625     0.993449 -0.000676602
           0            0            0            1
T_world_lidar: 
   -0.993476  -0.00509245     0.113924    -0.297889
  0.00409344    -0.999951  -0.00900131    -0.389073
    0.113964  -0.00847625     0.993449 -0.000676602
           0            0            0            1
v_world_imu:   0.186265 -0.0260827 0.00242172
frame_23
id: 355
stamp: 1777101514.162240982
T_odom_lidar: 
    -0.99353  0.000365534     0.113571    -0.280497
 -0.00167857    -0.999933    -0.011466     -0.39359
    0.113559   -0.0115824     0.993464 -0.000853143
           0            0            0            1
T_world_lidar: 
    -0.99353  0.000365534     0.113571    -0.280497
 -0.00167857    -0.999933    -0.011466     -0.39359
    0.113559   -0.0115824     0.993464 -0.000853143
           0            0            0            1
v_world_imu:   0.153351 -0.0355833 -0.0015661
frame_24
id: 356
stamp: 1777101514.262949467
T_odom_lidar: 
   -0.993553  -0.00170372      0.11336    -0.266436
  0.00033564    -0.999927   -0.0120864    -0.395468
    0.113372   -0.0119705      0.99348 -0.000728753
           0            0            0            1
T_world_lidar: 
   -0.993553  -0.00170372      0.11336    -0.266436
  0.00033564    -0.999927   -0.0120864    -0.395468
    0.113372   -0.0119705      0.99348 -0.000728753
           0            0            0            1
v_world_imu:   0.119698 0.00789091 0.00206969
frame_25
id: 357
stamp: 1777101514.362717867
T_odom_lidar: 
   -0.993556   -0.0052156     0.113218    -0.255152
  0.00392529    -0.999925   -0.0116166    -0.395542
     0.11327   -0.0110973     0.993502 -0.000621569
           0            0            0            1
T_world_lidar: 
   -0.993556   -0.0052156     0.113218    -0.255152
  0.00392529    -0.999925   -0.0116166    -0.395542
     0.11327   -0.0110973     0.993502 -0.000621569
           0            0            0            1
v_world_imu:     0.114355   -0.0194289 -0.000357839
frame_26
id: 358
stamp: 1777101514.462821245
T_odom_lidar: 
   -0.993649  -0.00576412     0.112373    -0.242033
  0.00451788    -0.999925   -0.0113417    -0.398032
     0.11243    -0.010762     0.993601 -0.000722659
           0            0            0            1
T_world_lidar: 
   -0.993649  -0.00576412     0.112373    -0.242033
  0.00451788    -0.999925   -0.0113417    -0.398032
     0.11243    -0.010762     0.993601 -0.000722659
           0            0            0            1
v_world_imu:   0.166179 -0.0390726 1.8464e-05
frame_27
id: 359
stamp: 1777101514.562132359
T_odom_lidar: 
   -0.993626   -0.0055166     0.112589    -0.224089
  0.00414871    -0.999915   -0.0123802    -0.400675
    0.112647   -0.0118342     0.993565 -0.000713132
           0            0            0            1
T_world_lidar: 
   -0.993626   -0.0055166     0.112589    -0.224089
  0.00414871    -0.999915   -0.0123802    -0.400675
    0.112647   -0.0118342     0.993565 -0.000713132
           0            0            0            1
v_world_imu:   0.184875 -0.0201165 0.00037018
frame_28
id: 360
stamp: 1777101514.662059069
T_odom_lidar: 
   -0.993591  -0.00659129     0.112842    -0.205293
  0.00514876    -0.999901   -0.0130702    -0.402724
    0.112917   -0.0124055     0.993527 -0.000616923
           0            0            0            1
T_world_lidar: 
   -0.993591  -0.00659129     0.112842    -0.205293
  0.00514876    -0.999901   -0.0130702    -0.402724
    0.112917   -0.0124055     0.993527 -0.000616923
           0            0            0            1
v_world_imu:    0.158079  -0.0125024 0.000355195
frame_29
id: 361
stamp: 1777101514.762153387
T_odom_lidar: 
   -0.993705  -0.00824089     0.111727    -0.191716
  0.00693248    -0.999903   -0.0120942     -0.40392
    0.111816   -0.0112435     0.993665 -0.000432961
           0            0            0            1
T_world_lidar: 
   -0.993705  -0.00824089     0.111727    -0.191716
  0.00693248    -0.999903   -0.0120942     -0.40392
    0.111816   -0.0112435     0.993665 -0.000432961
           0            0            0            1
v_world_imu:   0.138328  -0.012186 0.00623629
frame_30
id: 362
stamp: 1777101514.862082958
T_odom_lidar: 
  -0.993821 -0.00920846    0.110612   -0.174832
 0.00795231   -0.999899  -0.0117922    -0.40581
   0.110709  -0.0108397    0.993794 3.88282e-05
          0           0           0           1
T_world_lidar: 
  -0.993821 -0.00920846    0.110612   -0.174832
 0.00795231   -0.999899  -0.0117922    -0.40581
   0.110709  -0.0108397    0.993794 3.88282e-05
          0           0           0           1
v_world_imu:   0.212697 -0.0350604 0.00540567
frame_31
id: 363
stamp: 1777101514.962139606
T_odom_lidar: 
  -0.993786 -0.00768872    0.111046   -0.151807
 0.00631771   -0.999899  -0.0126929   -0.408042
   0.111132  -0.0119125    0.993734 0.000463608
          0           0           0           1
T_world_lidar: 
  -0.993786 -0.00768872    0.111046   -0.151807
 0.00631771   -0.999899  -0.0126929   -0.408042
   0.111132  -0.0119125    0.993734 0.000463608
          0           0           0           1
v_world_imu:   0.230957 -0.0198011 0.00198019
frame_32
id: 364
stamp: 1777101515.062226295
T_odom_lidar: 
  -0.993923 -0.00455879    0.109987    -0.12967
 0.00315307   -0.999911  -0.0129514    -0.41108
   0.110036  -0.0125259    0.993849 0.000664901
          0           0           0           1
T_world_lidar: 
  -0.993923 -0.00455879    0.109987    -0.12967
 0.00315307   -0.999911  -0.0129514    -0.41108
   0.110036  -0.0125259    0.993849 0.000664901
          0           0           0           1
v_world_imu:    0.201107  -0.0455774 -0.00866641
frame_33
id: 365
stamp: 1777101515.162177563
T_odom_lidar: 
  -0.993812  0.00635537    0.110892   -0.103545
-0.00783526   -0.999886  -0.0129146   -0.415416
   0.110798  -0.0137036    0.993749 0.000823678
          0           0           0           1
T_world_lidar: 
  -0.993812  0.00635537    0.110892   -0.103545
-0.00783526   -0.999886  -0.0129146   -0.415416
   0.110798  -0.0137036    0.993749 0.000823678
          0           0           0           1
v_world_imu:   0.288226 -0.0171358 0.00914139
frame_34
id: 366
stamp: 1777101515.262066841
T_odom_lidar: 
 -0.993067  0.0322635   0.113037 -0.0750721
-0.0334649  -0.999402  -0.008747  -0.420311
  0.112687 -0.0124691   0.993552 0.00142763
         0          0          0          1
T_world_lidar: 
 -0.993067  0.0322635   0.113037 -0.0750721
-0.0334649  -0.999402  -0.008747  -0.420311
  0.112687 -0.0124691   0.993552 0.00142763
         0          0          0          1
v_world_imu:    0.29263 -0.0739963  0.0144818
frame_35
id: 367
stamp: 1777101515.362226725
T_odom_lidar: 
  -0.991181   0.0670592    0.114293  -0.0465844
  -0.067997   -0.997676 -0.00432235   -0.429028
   0.113738  -0.0120558    0.993438  0.00182077
          0           0           0           1
T_world_lidar: 
  -0.991181   0.0670592    0.114293  -0.0465844
  -0.067997   -0.997676 -0.00432235   -0.429028
   0.113738  -0.0120558    0.993438  0.00182077
          0           0           0           1
v_world_imu:    0.277612   -0.131118 0.000187287
frame_36
id: 368
stamp: 1777101515.462264061
T_odom_lidar: 
   -0.987798     0.104946     0.115068   -0.0194659
   -0.105719    -0.994396 -0.000626718     -0.43834
    0.114357    -0.012784     0.993357   0.00167703
           0            0            0            1
T_world_lidar: 
   -0.987798     0.104946     0.115068   -0.0194659
   -0.105719    -0.994396 -0.000626718     -0.43834
    0.114357    -0.012784     0.993357   0.00167703
           0            0            0            1
v_world_imu:   0.278896 -0.0849086 0.00224058
frame_37
id: 369
stamp: 1777101515.562152624
T_odom_lidar: 
   -0.9833   0.139312   0.117102 0.00949936
 -0.139864  -0.990164 0.00352839  -0.444789
  0.116441 -0.0129089   0.993114 0.00205964
         0          0          0          1
T_world_lidar: 
   -0.9833   0.139312   0.117102 0.00949936
 -0.139864  -0.990164 0.00352839  -0.444789
  0.116441 -0.0129089   0.993114 0.00205964
         0          0          0          1
v_world_imu:   0.282536 -0.0614773 0.00485274
frame_38
id: 370
stamp: 1777101515.662245035
T_odom_lidar: 
 -0.977211   0.175856   0.118881  0.0382056
 -0.176261  -0.984317 0.00718402  -0.451451
   0.11828 -0.0139338   0.992883 0.00239282
         0          0          0          1
T_world_lidar: 
 -0.977211   0.175856   0.118881  0.0382056
 -0.176261  -0.984317 0.00718402  -0.451451
   0.11828 -0.0139338   0.992883 0.00239282
         0          0          0          1
v_world_imu:   0.268159 -0.0644798 0.00175347
frame_39
id: 371
stamp: 1777101515.762201786
T_odom_lidar: 
 -0.970263   0.210817   0.118941    0.06548
 -0.210953  -0.977428  0.0115899  -0.457009
  0.118699 -0.0138456   0.992834 0.00255752
         0          0          0          1
T_world_lidar: 
 -0.970263   0.210817   0.118941    0.06548
 -0.210953  -0.977428  0.0115899  -0.457009
  0.118699 -0.0138456   0.992834 0.00255752
         0          0          0          1
v_world_imu:    0.282716  -0.0519682 0.000285779
frame_40
id: 372
stamp: 1777101515.862295389
T_odom_lidar: 
 -0.962624   0.243391   0.118807  0.0938397
 -0.243154  -0.969844  0.0167119  -0.461038
  0.119291  -0.012801   0.992777 0.00276194
         0          0          0          1
T_world_lidar: 
 -0.962624   0.243391   0.118807  0.0938397
 -0.243154  -0.969844  0.0167119  -0.461038
  0.119291  -0.012801   0.992777 0.00276194
         0          0          0          1
v_world_imu:   0.301355  -0.063365 0.00419156
frame_41
id: 373
stamp: 1777101515.962247133
T_odom_lidar: 
 -0.956862   0.265442   0.118136   0.119197
  -0.26484  -0.964062  0.0210586  -0.462523
   0.11948 -0.0111369   0.992774 0.00285784
         0          0          0          1
T_world_lidar: 
 -0.956862   0.265442   0.118136   0.119197
  -0.26484  -0.964062  0.0210586  -0.462523
   0.11948 -0.0111369   0.992774 0.00285784
         0          0          0          1
v_world_imu:     0.19028  0.00348298 -0.00487798
frame_42
id: 374
stamp: 1777101516.062324524
T_odom_lidar: 
 -0.951293    0.28514   0.117208   0.144812
 -0.284913  -0.958364   0.019047  -0.466941
  0.117759 -0.0152747   0.992925 0.00209147
         0          0          0          1
T_world_lidar: 
 -0.951293    0.28514   0.117208   0.144812
 -0.284913  -0.958364   0.019047  -0.466941
  0.117759 -0.0152747   0.992925 0.00209147
         0          0          0          1
v_world_imu:    0.267188   -0.021512 -0.00640348
frame_43
id: 375
stamp: 1777101516.162271738
T_odom_lidar: 
 -0.949764   0.290288   0.116968   0.167644
 -0.290246  -0.956787  0.0177788   -0.46466
  0.117074 -0.0170637   0.992977 0.00182067
         0          0          0          1
T_world_lidar: 
 -0.949764   0.290288   0.116968   0.167644
 -0.290246  -0.956787  0.0177788   -0.46466
  0.117074 -0.0170637   0.992977 0.00182067
         0          0          0          1
v_world_imu:  0.207686 0.0912315 0.0039726
frame_44
id: 376
stamp: 1777101516.262228251
T_odom_lidar: 
 -0.949975   0.289007   0.118418   0.190516
 -0.288976  -0.957171  0.0178057  -0.458618
  0.118492 -0.0173049   0.992804 0.00187701
         0          0          0          1
T_world_lidar: 
 -0.949975   0.289007   0.118418   0.190516
 -0.288976  -0.957171  0.0178057  -0.458618
  0.118492 -0.0173049   0.992804 0.00187701
         0          0          0          1
v_world_imu:    0.215371   0.0274786 -0.00775391
frame_45
id: 377
stamp: 1777101516.362437248
T_odom_lidar: 
  -0.948497    0.294351    0.117096    0.208493
  -0.294539   -0.955504   0.0160999   -0.458129
   0.116625  -0.0192187     0.99299 0.000856378
          0           0           0           1
T_world_lidar: 
  -0.948497    0.294351    0.117096    0.208493
  -0.294539   -0.955504   0.0160999   -0.458129
   0.116625  -0.0192187     0.99299 0.000856378
          0           0           0           1
v_world_imu:    0.157102  0.00489152 -0.00591393
frame_46
id: 378
stamp: 1777101516.462289333
T_odom_lidar: 
  -0.948606    0.294414    0.116048     0.22221
  -0.294578   -0.955491   0.0161295   -0.454845
   0.115631  -0.0188846    0.993113 0.000892727
          0           0           0           1
T_world_lidar: 
  -0.948606    0.294414    0.116048     0.22221
  -0.294578   -0.955491   0.0161295   -0.454845
   0.115631  -0.0188846    0.993113 0.000892727
          0           0           0           1
v_world_imu:   0.126844  0.0512935 0.00103057
frame_47
id: 379
stamp: 1777101516.562320471
T_odom_lidar: 
 -0.949467   0.292236   0.114501   0.237995
 -0.292211  -0.956196  0.0173857  -0.450134
  0.114567 -0.0169514   0.993271 0.00112623
         0          0          0          1
T_world_lidar: 
 -0.949467   0.292236   0.114501   0.237995
 -0.292211  -0.956196  0.0173857  -0.450134
  0.114567 -0.0169514   0.993271 0.00112623
         0          0          0          1
v_world_imu:    0.199484   0.0359549 0.000110204
frame_48
id: 380
stamp: 1777101516.662415266
T_odom_lidar: 
 -0.948548   0.295215   0.114478   0.259534
 -0.295336  -0.955254  0.0162888  -0.446808
  0.114164 -0.0183587   0.993292  0.0011201
         0          0          0          1
T_world_lidar: 
 -0.948548   0.295215   0.114478   0.259534
 -0.295336  -0.955254  0.0162888  -0.446808
  0.114164 -0.0183587   0.993292  0.0011201
         0          0          0          1
v_world_imu:    0.204956   0.0462685 0.000991798
frame_49
id: 381
stamp: 1777101516.762241840
T_odom_lidar: 
 -0.949268   0.293241   0.113576   0.279336
 -0.293299  -0.955877  0.0165776  -0.441692
  0.113426 -0.0175751   0.993391 0.00122199
         0          0          0          1
T_world_lidar: 
 -0.949268   0.293241   0.113576   0.279336
 -0.293299  -0.955877  0.0165776  -0.441692
  0.113426 -0.0175751   0.993391 0.00122199
         0          0          0          1
v_world_imu:    0.210254     0.04834 0.000778425
frame_50
id: 382
stamp: 1777101516.862261295
T_odom_lidar: 
  -0.94939     0.2931   0.112923   0.300912
 -0.293205  -0.955915  0.0160518  -0.437374
   0.11265 -0.0178702   0.993474   0.001184
         0          0          0          1
T_world_lidar: 
  -0.94939     0.2931   0.112923   0.300912
 -0.293205  -0.955915  0.0160518  -0.437374
   0.11265 -0.0178702   0.993474   0.001184
         0          0          0          1
v_world_imu:    0.223277   0.0395143 -0.00116696
frame_51
id: 383
stamp: 1777101516.962338686
T_odom_lidar: 
 -0.949689   0.292174   0.112806   0.323784
 -0.292337   -0.95619  0.0154716  -0.433023
  0.112384  -0.018284   0.993497 0.00126864
         0          0          0          1
T_world_lidar: 
 -0.949689   0.292174   0.112806   0.323784
 -0.292337   -0.95619  0.0154716  -0.433023
  0.112384  -0.018284   0.993497 0.00126864
         0          0          0          1
v_world_imu:    0.219743   0.0472943 0.000187346
frame_52
id: 384
stamp: 1777101517.062341213
T_odom_lidar: 
 -0.950054    0.29108   0.112557    0.34666
 -0.291227  -0.956528  0.0155037   -0.42791
  0.112177 -0.0180501   0.993524  0.0013594
         0          0          0          1
T_world_lidar: 
 -0.950054    0.29108   0.112557    0.34666
 -0.291227  -0.956528  0.0155037   -0.42791
  0.112177 -0.0180501   0.993524  0.0013594
         0          0          0          1
v_world_imu:   0.248072  0.0526429 0.00366411
frame_53
id: 385
stamp: 1777101517.162271023
T_odom_lidar: 
 -0.950439   0.290021   0.112041   0.369442
 -0.290079  -0.956866  0.0161468  -0.422522
  0.111891 -0.0171542   0.993572 0.00149578
         0          0          0          1
T_world_lidar: 
 -0.950439   0.290021   0.112041   0.369442
 -0.290079  -0.956866  0.0161468  -0.422522
  0.111891 -0.0171542   0.993572 0.00149578
         0          0          0          1
v_world_imu:    0.221073   0.0538968 0.000156446
frame_54
id: 386
stamp: 1777101517.262368441
T_odom_lidar: 
 -0.950949   0.288369   0.111979   0.391973
 -0.288364  -0.957377  0.0165903   -0.41694
   0.11199 -0.0165142   0.993572 0.00170015
         0          0          0          1
T_world_lidar: 
 -0.950949   0.288369   0.111979   0.391973
 -0.288364  -0.957377  0.0165903   -0.41694
   0.11199 -0.0165142   0.993572 0.00170015
         0          0          0          1
v_world_imu:     0.200535    0.0606834 -0.000450544
frame_55
id: 387
stamp: 1777101517.362312555
T_odom_lidar: 
 -0.951405   0.287065   0.111451   0.413237
 -0.286974  -0.957784  0.0172083  -0.411802
  0.111686 -0.0156115   0.993621 0.00179806
         0          0          0          1
T_world_lidar: 
 -0.951405   0.287065   0.111451   0.413237
 -0.286974  -0.957784  0.0172083  -0.411802
  0.111686 -0.0156115   0.993621 0.00179806
         0          0          0          1
v_world_imu:  0.221261  0.044883 0.0024918
frame_56
id: 388
stamp: 1777101517.462310314
T_odom_lidar: 
 -0.951915   0.285714   0.110569   0.433692
 -0.285502  -0.958207  0.0180817  -0.406857
  0.111115 -0.0143556   0.993704  0.0018828
         0          0          0          1
T_world_lidar: 
 -0.951915   0.285714   0.110569   0.433692
 -0.285502  -0.958207  0.0180817  -0.406857
  0.111115 -0.0143556   0.993704  0.0018828
         0          0          0          1
v_world_imu:     0.215511    0.0411691 -0.000453741
frame_57
id: 389
stamp: 1777101517.562328100
T_odom_lidar: 
 -0.952286   0.284412    0.11073   0.455215
 -0.284202  -0.958595  0.0180074  -0.402407
  0.111267 -0.0143216   0.993687 0.00199689
         0          0          0          1
T_world_lidar: 
 -0.952286   0.284412    0.11073   0.455215
 -0.284202  -0.958595  0.0180074  -0.402407
  0.111267 -0.0143216   0.993687 0.00199689
         0          0          0          1
v_world_imu:   0.188704  0.0546315 0.00291827
frame_58
id: 390
stamp: 1777101517.662388563
T_odom_lidar: 
 -0.952801   0.282984   0.109952   0.475715
 -0.282756  -0.959023  0.0179895   -0.39798
  0.110538 -0.0139493   0.993774 0.00199283
         0          0          0          1
T_world_lidar: 
 -0.952801   0.282984   0.109952   0.475715
 -0.282756  -0.959023  0.0179895   -0.39798
  0.110538 -0.0139493   0.993774 0.00199283
         0          0          0          1
v_world_imu:    0.233312   0.0374597 -0.00260172
frame_59
id: 391
stamp: 1777101517.762480021
T_odom_lidar: 
 -0.953085   0.281959   0.110129   0.500184
 -0.281804  -0.959316  0.0172981  -0.393825
  0.110526 -0.0145483   0.993767 0.00202208
         0          0          0          1
T_world_lidar: 
 -0.953085   0.281959   0.110129   0.500184
 -0.281804  -0.959316  0.0172981  -0.393825
  0.110526 -0.0145483   0.993767 0.00202208
         0          0          0          1
v_world_imu:  0.239031  0.050371 0.0021977
frame_60
id: 392
stamp: 1777101517.862371445
T_odom_lidar: 
  -0.95366   0.280481    0.10892    0.52359
 -0.280209  -0.959768   0.018116   -0.38784
  0.109619 -0.0132438   0.993885 0.00207296
         0          0          0          1
T_world_lidar: 
  -0.95366   0.280481    0.10892    0.52359
 -0.280209  -0.959768   0.018116   -0.38784
  0.109619 -0.0132438   0.993885 0.00207296
         0          0          0          1
v_world_imu:   0.240858  0.0586099 0.00181879
frame_61
id: 393
stamp: 1777101517.962384939
T_odom_lidar: 
  -0.953797     0.28009    0.108725    0.548447
  -0.279804   -0.959885   0.0181857   -0.382461
   0.109457  -0.0130763    0.993905 0.000926663
          0           0           0           1
T_world_lidar: 
  -0.953797     0.28009    0.108725    0.548447
  -0.279804   -0.959885   0.0181857   -0.382461
   0.109457  -0.0130763    0.993905 0.000926663
          0           0           0           1
v_world_imu:   0.237567  0.0494176 0.00138869
frame_62
id: 394
stamp: 1777101518.062460423
T_odom_lidar: 
 -0.953811   0.280323   0.108001   0.572062
 -0.280048  -0.959817  0.0180192  -0.377693
  0.108712 -0.0130584   0.993988 0.00100274
         0          0          0          1
T_world_lidar: 
 -0.953811   0.280323   0.108001   0.572062
 -0.280048  -0.959817  0.0180192  -0.377693
  0.108712 -0.0130584   0.993988 0.00100274
         0          0          0          1
v_world_imu:   0.256459  0.0451833 0.00437343
frame_63
id: 395
stamp: 1777101518.162580013
T_odom_lidar: 
 -0.954186   0.279152   0.107716   0.595818
 -0.278863  -0.960161  0.0180518  -0.372554
  0.108464 -0.0128132   0.994018 0.00121762
         0          0          0          1
T_world_lidar: 
 -0.954186   0.279152   0.107716   0.595818
 -0.278863  -0.960161  0.0180518  -0.372554
  0.108464 -0.0128132   0.994018 0.00121762
         0          0          0          1
v_world_imu:   0.236131  0.0547429 0.00162023
frame_64
id: 396
stamp: 1777101518.262493134
T_odom_lidar: 
 -0.954315   0.278373   0.108587   0.619708
  -0.27809  -0.960385  0.0180521  -0.367261
  0.109311 -0.0129695   0.993923 0.00151289
         0          0          0          1
T_world_lidar: 
 -0.954315   0.278373   0.108587   0.619708
  -0.27809  -0.960385  0.0180521  -0.367261
  0.109311 -0.0129695   0.993923 0.00151289
         0          0          0          1
v_world_imu:   0.215777  0.0435481 0.00372634
frame_65
id: 397
stamp: 1777101518.362588167
T_odom_lidar: 
 -0.954662   0.277631   0.107427   0.637521
 -0.277318  -0.960607  0.0181467  -0.363258
  0.108233 -0.0124674   0.994047 0.00152926
         0          0          0          1
T_world_lidar: 
 -0.954662   0.277631   0.107427   0.637521
 -0.277318  -0.960607  0.0181467  -0.363258
  0.108233 -0.0124674   0.994047 0.00152926
         0          0          0          1
v_world_imu:   0.181128  0.0256062 0.00356194
frame_66
id: 398
stamp: 1777101518.462541580
T_odom_lidar: 
  -0.95511   0.276182   0.107188   0.654105
 -0.275858  -0.961027  0.0181366  -0.359462
  0.108019 -0.0122462   0.994073  0.0018522
         0          0          0          1
T_world_lidar: 
  -0.95511   0.276182   0.107188   0.654105
 -0.275858  -0.961027  0.0181366  -0.359462
  0.108019 -0.0122462   0.994073  0.0018522
         0          0          0          1
v_world_imu:    0.15556  0.0465254 0.00317036
frame_67
id: 399
stamp: 1777101518.562431812
T_odom_lidar: 
 -0.955209   0.275787   0.107321   0.670884
 -0.275428  -0.961145  0.0184511  -0.355298
   0.10824 -0.0119346   0.994053 0.00219936
         0          0          0          1
T_world_lidar: 
 -0.955209   0.275787   0.107321   0.670884
 -0.275428  -0.961145  0.0184511  -0.355298
   0.10824 -0.0119346   0.994053 0.00219936
         0          0          0          1
v_world_imu:   0.169291  0.0420915 0.00200824
frame_68
id: 400
stamp: 1777101518.662588835
T_odom_lidar: 
 -0.955099   0.276053   0.107614   0.689599
 -0.275682  -0.961069  0.0186049  -0.351511
   0.10856 -0.0118977   0.994019 0.00246998
         0          0          0          1
T_world_lidar: 
 -0.955099   0.276053   0.107614   0.689599
 -0.275682  -0.961069  0.0186049  -0.351511
   0.10856 -0.0118977   0.994019 0.00246998
         0          0          0          1
v_world_imu:   0.192225  0.0412927 0.00251172
frame_69
id: 401
stamp: 1777101518.762598753
T_odom_lidar: 
 -0.955106   0.275753   0.108321   0.705027
   -0.2754  -0.961152  0.0185089  -0.348069
  0.109216 -0.0121535   0.993944 0.00262942
         0          0          0          1
T_world_lidar: 
 -0.955106   0.275753   0.108321   0.705027
   -0.2754  -0.961152  0.0185089  -0.348069
  0.109216 -0.0121535   0.993944 0.00262942
         0          0          0          1
v_world_imu:    0.101525    0.043159 -0.00183725
frame_70
id: 402
stamp: 1777101518.862488270
T_odom_lidar: 
 -0.955389   0.275713   0.105895   0.717725
 -0.275309  -0.961174  0.0187025  -0.345615
   0.10694 -0.0112856   0.994201 0.00259972
         0          0          0          1
T_world_lidar: 
 -0.955389   0.275713   0.105895   0.717725
 -0.275309  -0.961174  0.0187025  -0.345615
   0.10694 -0.0112856   0.994201 0.00259972
         0          0          0          1
v_world_imu:    0.194174   0.0458949 9.11141e-05
frame_71
id: 403
stamp: 1777101518.962495804
T_odom_lidar: 
 -0.954944    0.27661   0.107556   0.740996
 -0.276276  -0.960904  0.0182946  -0.341179
  0.108411 -0.0122447   0.994031 0.00290884
         0          0          0          1
T_world_lidar: 
 -0.954944    0.27661   0.107556   0.740996
 -0.276276  -0.960904  0.0182946  -0.341179
  0.108411 -0.0122447   0.994031 0.00290884
         0          0          0          1
v_world_imu:    0.218351   0.0702294 -0.00037113
frame_72
id: 404
stamp: 1777101519.062526941
T_odom_lidar: 
 -0.955753   0.273848   0.107444   0.762911
 -0.273483  -0.961701  0.0184089  -0.335619
   0.10837 -0.0117897   0.994041 0.00305463
         0          0          0          1
T_world_lidar: 
 -0.955753   0.273848   0.107444   0.762911
 -0.273483  -0.961701  0.0184089  -0.335619
   0.10837 -0.0117897   0.994041 0.00305463
         0          0          0          1
v_world_imu:     0.217757    0.0464642 -0.000813844
frame_73
id: 405
stamp: 1777101519.162683487
T_odom_lidar: 
 -0.955469   0.275051   0.106897   0.783263
 -0.274814  -0.961343  0.0172255  -0.333148
  0.107502 -0.0129183   0.994121 0.00284078
         0          0          0          1
T_world_lidar: 
 -0.955469   0.275051   0.106897   0.783263
 -0.274814  -0.961343  0.0172255  -0.333148
  0.107502 -0.0129183   0.994121 0.00284078
         0          0          0          1
v_world_imu:    0.184756   0.0386394 -0.00333324
frame_74
id: 406
stamp: 1777101519.262476683
T_odom_lidar: 
 -0.955381   0.275209   0.107274   0.803376
 -0.274989  -0.961295  0.0171362  -0.328975
  0.107838 -0.0131275   0.994082 0.00292557
         0          0          0          1
T_world_lidar: 
 -0.955381   0.275209   0.107274   0.803376
 -0.274989  -0.961295  0.0171362  -0.328975
  0.107838 -0.0131275   0.994082 0.00292557
         0          0          0          1
v_world_imu:   0.208607   0.064447 0.00297939
frame_75
id: 407
stamp: 1777101519.362589598
T_odom_lidar: 
 -0.955909   0.273256   0.107562   0.826422
 -0.272983  -0.961859  0.0175498  -0.323597
  0.108255 -0.0125866   0.994043  0.0031585
         0          0          0          1
T_world_lidar: 
 -0.955909   0.273256   0.107562   0.826422
 -0.272983  -0.961859  0.0175498  -0.323597
  0.108255 -0.0125866   0.994043  0.0031585
         0          0          0          1
v_world_imu:    0.247026   0.0444647 0.000592738
frame_76
id: 408
stamp: 1777101519.463252068
T_odom_lidar: 
 -0.956079   0.272782   0.107254   0.849833
 -0.272502  -0.961995  0.0175493  -0.319356
  0.107965 -0.0124484   0.994077 0.00309275
         0          0          0          1
T_world_lidar: 
 -0.956079   0.272782   0.107254   0.849833
 -0.272502  -0.961995  0.0175493  -0.319356
  0.107965 -0.0124484   0.994077 0.00309275
         0          0          0          1
v_world_imu:    0.217145   0.0459923 -0.00189641
frame_77
id: 409
stamp: 1777101519.562615871
T_odom_lidar: 
   -0.9563   0.272098   0.107021   0.872247
 -0.271769  -0.962195   0.017934  -0.314504
  0.107855 -0.0119346   0.994095 0.00305808
         0          0          0          1
T_world_lidar: 
   -0.9563   0.272098   0.107021   0.872247
 -0.271769  -0.962195   0.017934  -0.314504
  0.107855 -0.0119346   0.994095 0.00305808
         0          0          0          1
v_world_imu:   0.222808  0.0595399 0.00207253
frame_78
id: 410
stamp: 1777101519.662600994
T_odom_lidar: 
 -0.956786   0.270401   0.106976   0.895701
 -0.269994  -0.962683  0.0185489  -0.308975
     0.108 -0.0111355   0.994089 0.00357365
         0          0          0          1
T_world_lidar: 
 -0.956786   0.270401   0.106976   0.895701
 -0.269994  -0.962683  0.0185489  -0.308975
     0.108 -0.0111355   0.994089 0.00357365
         0          0          0          1
v_world_imu:   0.254495  0.0514795 0.00773152
frame_79
id: 411
stamp: 1777101519.762662649
T_odom_lidar: 
 -0.957207   0.269252   0.106107   0.917308
 -0.268827   -0.96301  0.0185609  -0.304536
   0.10718 -0.0107578   0.994181 0.00392137
         0          0          0          1
T_world_lidar: 
 -0.957207   0.269252   0.106107   0.917308
 -0.268827   -0.96301  0.0185609  -0.304536
   0.10718 -0.0107578   0.994181 0.00392137
         0          0          0          1
v_world_imu:     0.203649    0.0398884 -0.000409253
frame_80
id: 412
stamp: 1777101519.862571001
T_odom_lidar: 
 -0.957485   0.268217   0.106219   0.937747
 -0.267855  -0.963292  0.0179313  -0.300877
   0.10713 -0.0112824   0.994181 0.00412791
         0          0          0          1
T_world_lidar: 
 -0.957485   0.268217   0.106219   0.937747
 -0.267855  -0.963292  0.0179313  -0.300877
   0.10713 -0.0112824   0.994181 0.00412791
         0          0          0          1
v_world_imu:  0.179786 0.0488671 0.0028358
frame_81
id: 413
stamp: 1777101519.962671518
T_odom_lidar: 
 -0.958161   0.266096    0.10545   0.957919
 -0.265713  -0.963886  0.0179281  -0.296583
  0.106412 -0.0108414   0.994263 0.00435341
         0          0          0          1
T_world_lidar: 
 -0.958161   0.266096    0.10545   0.957919
 -0.265713  -0.963886  0.0179281  -0.296583
  0.106412 -0.0108414   0.994263 0.00435341
         0          0          0          1
v_world_imu:   0.237265  0.0438302 0.00229031
frame_82
id: 414
stamp: 1777101520.062642097
T_odom_lidar: 
 -0.957983   0.266565   0.105888   0.982537
  -0.26628  -0.963744  0.0170854  -0.292783
  0.106604 -0.0118285   0.994231 0.00449202
         0          0          0          1
T_world_lidar: 
 -0.957983   0.266565   0.105888   0.982537
  -0.26628  -0.963744  0.0170854  -0.292783
  0.106604 -0.0118285   0.994231 0.00449202
         0          0          0          1
v_world_imu:  0.239857 0.0411513 0.0026395
frame_83
id: 415
stamp: 1777101520.162591457
T_odom_lidar: 
 -0.957987   0.266613   0.105725    1.00676
 -0.266319  -0.963732  0.0171555  -0.288341
  0.106465 -0.0117219   0.994247 0.00453735
         0          0          0          1
T_world_lidar: 
 -0.957987   0.266613   0.105725    1.00676
 -0.266319  -0.963732  0.0171555  -0.288341
  0.106465 -0.0117219   0.994247 0.00453735
         0          0          0          1
v_world_imu:      0.2465   0.0429478 7.08758e-05
frame_84
id: 416
stamp: 1777101520.262785673
T_odom_lidar: 
 -0.956524   0.271743   0.105913    1.03289
 -0.271499  -0.962289  0.0169931  -0.284293
  0.106536 -0.0125008    0.99423 0.00440902
         0          0          0          1
T_world_lidar: 
 -0.956524   0.271743   0.105913    1.03289
 -0.271499  -0.962289  0.0169931  -0.284293
  0.106536 -0.0125008    0.99423 0.00440902
         0          0          0          1
v_world_imu:    0.256217   0.0494218 -0.00263394
frame_85
id: 417
stamp: 1777101520.362699986
T_odom_lidar: 
  -0.956139    0.273096    0.105912     1.05652
  -0.272419   -0.961948   0.0210882   -0.276326
   0.107641 -0.00868919    0.994152  0.00512189
          0           0           0           1
T_world_lidar: 
  -0.956139    0.273096    0.105912     1.05652
  -0.272419   -0.961948   0.0210882   -0.276326
   0.107641 -0.00868919    0.994152  0.00512189
          0           0           0           1
v_world_imu:   0.254789  0.0624567 0.00308883
frame_86
id: 418
stamp: 1777101520.462833166
T_odom_lidar: 
  -0.953348    0.282646    0.106016     1.08133
   -0.28193   -0.959183   0.0219963   -0.274499
   0.107906 -0.00891883    0.994121  0.00501054
          0           0           0           1
T_world_lidar: 
  -0.953348    0.282646    0.106016     1.08133
   -0.28193   -0.959183   0.0219963   -0.274499
   0.107906 -0.00891883    0.994121  0.00501054
          0           0           0           1
v_world_imu:    0.242455  -0.0318471 -0.00858693
frame_87
id: 419
stamp: 1777101520.562744856
T_odom_lidar: 
 -0.952179   0.286608    0.10588    1.10437
 -0.286091  -0.957986  0.0203707  -0.273999
   0.10727 -0.0108948    0.99417 0.00477635
         0          0          0          1
T_world_lidar: 
 -0.952179   0.286608    0.10588    1.10437
 -0.286091  -0.957986  0.0203707  -0.273999
   0.10727 -0.0108948    0.99417 0.00477635
         0          0          0          1
v_world_imu:   0.198291  0.0627849 0.00155304
frame_88
id: 420
stamp: 1777101520.662633181
T_odom_lidar: 
 -0.953573   0.281899   0.105983    1.12478
 -0.281108  -0.959409  0.0226349  -0.265731
  0.108061 -0.0082086    0.99411 0.00532251
         0          0          0          1
T_world_lidar: 
 -0.953573   0.281899   0.105983    1.12478
 -0.281108  -0.959409  0.0226349  -0.265731
  0.108061 -0.0082086    0.99411 0.00532251
         0          0          0          1
v_world_imu:   0.22863 0.0738915 0.0055794
frame_89
id: 421
stamp: 1777101520.762778282
T_odom_lidar: 
  -0.953353    0.282725     0.10576     1.14615
  -0.282103   -0.959152   0.0211168   -0.263533
    0.10741 -0.00970328    0.994167  0.00510294
          0           0           0           1
T_world_lidar: 
  -0.953353    0.282725     0.10576     1.14615
  -0.282103   -0.959152   0.0211168   -0.263533
    0.10741 -0.00970328    0.994167  0.00510294
          0           0           0           1
v_world_imu:    0.199988  0.00947762 -0.00766699
frame_90
id: 422
stamp: 1777101520.862733603
T_odom_lidar: 
 -0.953468   0.282576    0.10512    1.16803
 -0.282112  -0.959182  0.0195708  -0.260537
  0.106359 -0.0109955   0.994267 0.00496771
         0          0          0          1
T_world_lidar: 
 -0.953468   0.282576    0.10512    1.16803
 -0.282112  -0.959182  0.0195708  -0.260537
  0.106359 -0.0109955   0.994267 0.00496771
         0          0          0          1
v_world_imu:   0.207209  0.0874973 0.00376725
frame_91
id: 423
stamp: 1777101520.962845087
T_odom_lidar: 
 -0.954563   0.278716   0.105483    1.19202
 -0.278053  -0.960331  0.0212432  -0.252141
   0.10722 -0.0090519   0.994194 0.00541873
         0          0          0          1
T_world_lidar: 
 -0.954563   0.278716   0.105483    1.19202
 -0.278053  -0.960331  0.0212432  -0.252141
   0.10722 -0.0090519   0.994194 0.00541873
         0          0          0          1
v_world_imu:   0.261176  0.0669481 0.00194068
frame_92
id: 424
stamp: 1777101521.062779188
T_odom_lidar: 
  -0.954402    0.279412    0.105101     1.21781
  -0.278843   -0.960121   0.0203634   -0.248705
   0.106599 -0.00987184    0.994253  0.00526417
          0           0           0           1
T_world_lidar: 
  -0.954402    0.279412    0.105101     1.21781
  -0.278843   -0.960121   0.0203634   -0.248705
   0.106599 -0.00987184    0.994253  0.00526417
          0           0           0           1
v_world_imu:    0.261532   0.0249988 -0.00128248
frame_93
id: 425
stamp: 1777101521.162729502
T_odom_lidar: 
 -0.953996   0.280758   0.105196    1.24254
 -0.280275  -0.959719  0.0196537  -0.244356
  0.106476 -0.0107342   0.994257 0.00526373
         0          0          0          1
T_world_lidar: 
 -0.953996   0.280758   0.105196    1.24254
 -0.280275  -0.959719  0.0196537  -0.244356
  0.106476 -0.0107342   0.994257 0.00526373
         0          0          0          1
v_world_imu:   0.235278  0.0662779 0.00433314
frame_94
id: 426
stamp: 1777101521.262848854
T_odom_lidar: 
 -0.954655    0.27836    0.10559    1.26711
 -0.277877  -0.960418  0.0195502  -0.238853
  0.106853 -0.0106775   0.994218 0.00548721
         0          0          0          1
T_world_lidar: 
 -0.954655    0.27836    0.10559    1.26711
 -0.277877  -0.960418  0.0195502  -0.238853
  0.106853 -0.0106775   0.994218 0.00548721
         0          0          0          1
v_world_imu:   0.251945  0.0394961 0.00440354
frame_95
id: 427
stamp: 1777101521.362777710
T_odom_lidar: 
  -0.95395   0.280873    0.10531     1.2886
 -0.280492  -0.959674  0.0187156    -0.2364
   0.10632 -0.0116849   0.994263 0.00540076
         0          0          0          1
T_world_lidar: 
  -0.95395   0.280873    0.10531     1.2886
 -0.280492  -0.959674  0.0187156    -0.2364
   0.10632 -0.0116849   0.994263 0.00540076
         0          0          0          1
v_world_imu:   0.191534  0.0343815 0.00373981
frame_96
id: 428
stamp: 1777101521.462900400
T_odom_lidar: 
  -0.95443   0.279415   0.104837    1.30637
 -0.278912  -0.960114  0.0197333  -0.231774
  0.106169 -0.0104061   0.994294 0.00585802
         0          0          0          1
T_world_lidar: 
  -0.95443   0.279415   0.104837    1.30637
 -0.278912  -0.960114  0.0197333  -0.231774
  0.106169 -0.0104061   0.994294 0.00585802
         0          0          0          1
v_world_imu:   0.202477  0.0773158 0.00392571
frame_97
id: 429
stamp: 1777101521.562742472
T_odom_lidar: 
 -0.954239   0.279497    0.10635      1.329
 -0.278962   -0.96009   0.020176   -0.22622
  0.107745 -0.0104151   0.994124 0.00661855
         0          0          0          1
T_world_lidar: 
 -0.954239   0.279497    0.10635      1.329
 -0.278962   -0.96009   0.020176   -0.22622
  0.107745 -0.0104151   0.994124 0.00661855
         0          0          0          1
v_world_imu:  0.204849 0.0423521 0.0032997
frame_98
id: 430
stamp: 1777101521.662776232
T_odom_lidar: 
 -0.954188   0.279851   0.105875     1.3514
 -0.279394   -0.95998  0.0194294  -0.223107
  0.107075 -0.0110414    0.99419 0.00696393
         0          0          0          1
T_world_lidar: 
 -0.954188   0.279851   0.105875     1.3514
 -0.279394   -0.95998  0.0194294  -0.223107
  0.107075 -0.0110414    0.99419 0.00696393
         0          0          0          1
v_world_imu:  0.233316 0.0409617 0.0023856
frame_99
id: 431
stamp: 1777101521.762922764
T_odom_lidar: 
 -0.954247    0.27959   0.106026    1.37224
 -0.279172  -0.960052   0.019071  -0.218577
  0.107122  -0.011401    0.99418 0.00696501
         0          0          0          1
T_world_lidar: 
 -0.954247    0.27959   0.106026    1.37224
 -0.279172  -0.960052   0.019071  -0.218577
  0.107122  -0.011401    0.99418 0.00696501
         0          0          0          1
v_world_imu:   0.200902   0.059982 0.00768485
frame_100
id: 432
stamp: 1777101521.862848282
T_odom_lidar: 
 -0.954706   0.277837   0.106501    1.39411
 -0.277397  -0.960563  0.0192216  -0.213887
  0.107641 -0.0111921   0.994127 0.00753409
         0          0          0          1
T_world_lidar: 
 -0.954706   0.277837   0.106501    1.39411
 -0.277397  -0.960563  0.0192216  -0.213887
  0.107641 -0.0111921   0.994127 0.00753409
         0          0          0          1
v_world_imu:     0.203962    0.0444635 -0.000421988
frame_101
id: 433
stamp: 1777101521.963042736
T_odom_lidar: 
 -0.954929   0.277384   0.105682    1.41495
 -0.276969  -0.960693  0.0188827  -0.210065
  0.106765 -0.0112389   0.994221 0.00750555
         0          0          0          1
T_world_lidar: 
 -0.954929   0.277384   0.105682    1.41495
 -0.276969  -0.960693  0.0188827  -0.210065
  0.106765 -0.0112389   0.994221 0.00750555
         0          0          0          1
v_world_imu:   0.230059  0.0326325 0.00200497
frame_102
id: 434
stamp: 1777101522.062974930
T_odom_lidar: 
 -0.954932   0.277165    0.10623     1.4389
 -0.276806  -0.960749  0.0184094  -0.205297
  0.107163 -0.0118254   0.994171 0.00734088
         0          0          0          1
T_world_lidar: 
 -0.954932   0.277165    0.10623     1.4389
 -0.276806  -0.960749  0.0184094  -0.205297
  0.107163 -0.0118254   0.994171 0.00734088
         0          0          0          1
v_world_imu:    0.25225   0.051212 0.00330233
frame_103
id: 435
stamp: 1777101522.162845850
T_odom_lidar: 
 -0.955162   0.276227   0.106599    1.46315
 -0.275829  -0.961024  0.0187547  -0.199821
  0.107625 -0.0114893   0.994125 0.00781548
         0          0          0          1
T_world_lidar: 
 -0.955162   0.276227   0.106599    1.46315
 -0.275829  -0.961024  0.0187547  -0.199821
  0.107625 -0.0114893   0.994125 0.00781548
         0          0          0          1
v_world_imu:    0.235011   0.0466972 0.000281485
frame_104
id: 436
stamp: 1777101522.262970924
T_odom_lidar: 
 -0.954905   0.276985   0.106939    1.48704
 -0.276676  -0.960794  0.0180133  -0.195499
  0.107736 -0.0123864   0.994102 0.00757075
         0          0          0          1
T_world_lidar: 
 -0.954905   0.276985   0.106939    1.48704
 -0.276676  -0.960794  0.0180133  -0.195499
  0.107736 -0.0123864   0.994102 0.00757075
         0          0          0          1
v_world_imu:   0.256116   0.029727 0.00367589
frame_105
id: 437
stamp: 1777101522.362942219
T_odom_lidar: 
 -0.954733   0.277521   0.107082    1.50885
 -0.277169  -0.960644  0.0184566  -0.190924
   0.10799 -0.0120588   0.994079 0.00782424
         0          0          0          1
T_world_lidar: 
 -0.954733   0.277521   0.107082    1.50885
 -0.277169  -0.960644  0.0184566  -0.190924
   0.10799 -0.0120588   0.994079 0.00782424
         0          0          0          1
v_world_imu:   0.190252  0.0499083 0.00478776
frame_106
id: 438
stamp: 1777101522.462822437
T_odom_lidar: 
 -0.955005   0.276455   0.107418    1.52865
 -0.276112   -0.96095  0.0183571  -0.186144
  0.108298 -0.0121282   0.994044 0.00791267
         0          0          0          1
T_world_lidar: 
 -0.955005   0.276455   0.107418    1.52865
 -0.276112   -0.96095  0.0183571  -0.186144
  0.108298 -0.0121282   0.994044 0.00791267
         0          0          0          1
v_world_imu:    0.195791   0.0266473 0.000773923
frame_107
id: 439
stamp: 1777101522.562749624
T_odom_lidar: 
  -0.95516   0.275948   0.107344    1.54473
 -0.275545  -0.961103  0.0188631  -0.181629
  0.108374 -0.0115608   0.994043 0.00615041
         0          0          0          1
T_world_lidar: 
  -0.95516   0.275948   0.107344    1.54473
 -0.275545  -0.961103  0.0188631  -0.181629
  0.108374 -0.0115608   0.994043 0.00615041
         0          0          0          1
v_world_imu:   0.166932  0.0394178 0.00601929
frame_108
id: 440
stamp: 1777101522.662952185
T_odom_lidar: 
   -0.95606    0.273253    0.106215       1.562
  -0.272674   -0.961894   0.0202205    -0.17631
   0.107693 -0.00963021    0.994138  0.00584078
          0           0           0           1
T_world_lidar: 
   -0.95606    0.273253    0.106215       1.562
  -0.272674   -0.961894   0.0202205    -0.17631
   0.107693 -0.00963021    0.994138  0.00584078
          0           0           0           1
v_world_imu:    0.20431  0.0384052 0.00576929
frame_109
id: 441
stamp: 1777101522.762902021
T_odom_lidar: 
  -0.95635   0.272158    0.10642    1.58094
 -0.271652  -0.962198  0.0194986  -0.172813
  0.107704 -0.0102617    0.99413 0.00595103
         0          0          0          1
T_world_lidar: 
  -0.95635   0.272158    0.10642    1.58094
 -0.271652  -0.962198  0.0194986  -0.172813
  0.107704 -0.0102617    0.99413 0.00595103
         0          0          0          1
v_world_imu:     0.178484    0.0286679 -0.000709089
frame_110
id: 442
stamp: 1777101522.863058329
T_odom_lidar: 
 -0.956091   0.272993   0.106606    1.59982
 -0.272605  -0.961948  0.0184791  -0.170004
  0.107594 -0.0113936    0.99413 0.00598339
         0          0          0          1
T_world_lidar: 
 -0.956091   0.272993   0.106606    1.59982
 -0.272605  -0.961948  0.0184791  -0.170004
  0.107594 -0.0113936    0.99413 0.00598339
         0          0          0          1
v_world_imu:    0.178855   0.0289937 0.000243838
frame_111
id: 443
stamp: 1777101522.962982416
T_odom_lidar: 
 -0.956826   0.270575    0.10618    1.61793
 -0.270229   -0.96263  0.0179026  -0.166415
  0.107056 -0.0115632   0.994186 0.00570752
         0          0          0          1
T_world_lidar: 
 -0.956826   0.270575    0.10618    1.61793
 -0.270229   -0.96263  0.0179026  -0.166415
  0.107056 -0.0115632   0.994186 0.00570752
         0          0          0          1
v_world_imu:    0.193964   0.0385205 0.000306006
frame_112
id: 444
stamp: 1777101523.062916279
T_odom_lidar: 
 -0.956812   0.270498   0.106498    1.64014
 -0.270264  -0.962638  0.0168966  -0.162968
   0.10709 -0.0126158   0.994169 0.00545674
         0          0          0          1
T_world_lidar: 
 -0.956812   0.270498   0.106498    1.64014
 -0.270264  -0.962638  0.0168966  -0.162968
   0.10709 -0.0126158   0.994169 0.00545674
         0          0          0          1
v_world_imu:    0.245679   0.0364004 -0.00153044
frame_113
id: 445
stamp: 1777101523.162997723
T_odom_lidar: 
 -0.956776   0.270554   0.106678    1.66361
 -0.270361  -0.962617  0.0165492  -0.158341
  0.107168 -0.0130077   0.994156 0.00552195
         0          0          0          1
T_world_lidar: 
 -0.956776   0.270554   0.106678    1.66361
 -0.270361  -0.962617  0.0165492  -0.158341
  0.107168 -0.0130077   0.994156 0.00552195
         0          0          0          1
v_world_imu:     0.232312    0.0507012 -0.000622384
frame_114
id: 446
stamp: 1777101523.262941837
T_odom_lidar: 
 -0.955117   0.276274   0.106884    1.68845
 -0.276123  -0.960981   0.016503  -0.154127
  0.107273 -0.0137508   0.994135  0.0054051
         0          0          0          1
T_world_lidar: 
 -0.955117   0.276274   0.106884    1.68845
 -0.276123  -0.960981   0.016503  -0.154127
  0.107273 -0.0137508   0.994135  0.0054051
         0          0          0          1
v_world_imu:    0.256394   0.0324335 -0.00406629
frame_115
id: 447
stamp: 1777101523.363060474
T_odom_lidar: 
 -0.952191   0.286149   0.107005    1.71603
 -0.285839  -0.958098  0.0185567  -0.147666
  0.107832 -0.0129168   0.994085 0.00540801
         0          0          0          1
T_world_lidar: 
 -0.952191   0.286149   0.107005    1.71603
 -0.285839  -0.958098  0.0185567  -0.147666
  0.107832 -0.0129168   0.994085 0.00540801
         0          0          0          1
v_world_imu:   0.307672   0.100117 0.00282163
frame_116
id: 448
stamp: 1777101523.462982416
T_odom_lidar: 
  -0.946653    0.303696    0.107785      1.7442
  -0.302796   -0.952727    0.025017    -0.14013
   0.110288 -0.00895461    0.993859  0.00603788
          0           0           0           1
T_world_lidar: 
  -0.946653    0.303696    0.107785      1.7442
  -0.302796   -0.952727    0.025017    -0.14013
   0.110288 -0.00895461    0.993859  0.00603788
          0           0           0           1
v_world_imu:    0.267534   0.0199246 -0.00344604
frame_117
id: 449
stamp: 1777101523.562819719
T_odom_lidar: 
 -0.938503   0.327638   0.108925    1.77339
 -0.326893  -0.944727  0.0251373  -0.142707
  0.111141 -0.0120155   0.993732 0.00551562
         0          0          0          1
T_world_lidar: 
 -0.938503   0.327638   0.108925    1.77339
 -0.326893  -0.944727  0.0251373  -0.142707
  0.111141 -0.0120155   0.993732 0.00551562
         0          0          0          1
v_world_imu:   0.263037  0.0228156 0.00278862
frame_118
id: 450
stamp: 1777101523.663055420
T_odom_lidar: 
 -0.932821   0.344233   0.106529    1.79825
 -0.343336  -0.938818  0.0272264  -0.141061
  0.109384  -0.011178   0.993937 0.00523173
         0          0          0          1
T_world_lidar: 
 -0.932821   0.344233   0.106529    1.79825
 -0.343336  -0.938818  0.0272264  -0.141061
  0.109384  -0.011178   0.993937 0.00523173
         0          0          0          1
v_world_imu:   0.249116   0.031905 -0.0018892
frame_119
id: 451
stamp: 1777101523.762921333
T_odom_lidar: 
 -0.932113   0.346003   0.106991    1.82343
 -0.345219  -0.938152  0.0263579  -0.135722
  0.109494 -0.0123669   0.993911 0.00530806
         0          0          0          1
T_world_lidar: 
 -0.932113   0.346003   0.106991    1.82343
 -0.345219  -0.938152  0.0263579  -0.135722
  0.109494 -0.0123669   0.993911 0.00530806
         0          0          0          1
v_world_imu:   0.219147  0.0830822 0.00160841
frame_120
id: 452
stamp: 1777101523.863120794
T_odom_lidar: 
 -0.932099   0.346071   0.106891    1.84589
 -0.345274  -0.938129  0.0264763  -0.128287
   0.10944 -0.0122282   0.993918 0.00550795
         0          0          0          1
T_world_lidar: 
 -0.932099   0.346071   0.106891    1.84589
 -0.345274  -0.938129  0.0264763  -0.128287
   0.10944 -0.0122282   0.993918 0.00550795
         0          0          0          1
v_world_imu:   0.230056  0.0491394 0.00216303
frame_121
id: 453
stamp: 1777101523.963014364
T_odom_lidar: 
 -0.931579   0.347672   0.106228     1.8653
 -0.346965  -0.937527  0.0256679  -0.124348
  0.108516 -0.0129458    0.99401 0.00525425
         0          0          0          1
T_world_lidar: 
 -0.931579   0.347672   0.106228     1.8653
 -0.346965  -0.937527  0.0256679  -0.124348
  0.108516 -0.0129458    0.99401 0.00525425
         0          0          0          1
v_world_imu:    0.184217   0.0313039 -0.00374571
frame_122
id: 454
stamp: 1777101524.063052893
T_odom_lidar: 
 -0.932137   0.346445    0.10534    1.88331
 -0.345727  -0.937986  0.0255926  -0.119028
  0.107674 -0.0125631   0.994107 0.00515988
         0          0          0          1
T_world_lidar: 
 -0.932137   0.346445    0.10534    1.88331
 -0.345727  -0.937986  0.0255926  -0.119028
  0.107674 -0.0125631   0.994107 0.00515988
         0          0          0          1
v_world_imu:  0.192977 0.0684553 0.0018882
frame_123
id: 455
stamp: 1777101524.162827015
T_odom_lidar: 
 -0.932568   0.345234   0.105501    1.90464
 -0.344504  -0.938434  0.0256502  -0.112228
  0.107861  -0.012425   0.994088 0.00518567
         0          0          0          1
T_world_lidar: 
 -0.932568   0.345234   0.105501    1.90464
 -0.344504  -0.938434  0.0256502  -0.112228
  0.107861  -0.012425   0.994088 0.00518567
         0          0          0          1
v_world_imu:    0.234226   0.0570778 -0.00177636
frame_124
id: 456
stamp: 1777101524.263088703
T_odom_lidar: 
 -0.932474   0.345587    0.10518    1.92772
  -0.34499  -0.938289  0.0243975  -0.107367
   0.10712 -0.0135359   0.994154 0.00503656
         0          0          0          1
T_world_lidar: 
 -0.932474   0.345587    0.10518    1.92772
  -0.34499  -0.938289  0.0243975  -0.107367
   0.10712 -0.0135359   0.994154 0.00503656
         0          0          0          1
v_world_imu:    0.231185   0.0500077 0.000480848
frame_125
id: 457
stamp: 1777101524.363042355
T_odom_lidar: 
 -0.932951   0.344328   0.105077     1.9475
 -0.343715  -0.938755  0.0244623  -0.101448
  0.107065 -0.0132944   0.994163 0.00508333
         0          0          0          1
T_world_lidar: 
 -0.932951   0.344328   0.105077     1.9475
 -0.343715  -0.938755  0.0244623  -0.101448
  0.107065 -0.0132944   0.994163 0.00508333
         0          0          0          1
v_world_imu:   0.175127  0.0661734 0.00116229
frame_126
id: 458
stamp: 1777101524.462828398
T_odom_lidar: 
  -0.93328   0.343548   0.104707     1.9674
 -0.342948  -0.939041  0.0242491 -0.0959252
  0.106655  -0.013278   0.994207  0.0051639
         0          0          0          1
T_world_lidar: 
  -0.93328   0.343548   0.104707     1.9674
 -0.342948  -0.939041  0.0242491 -0.0959252
  0.106655  -0.013278   0.994207  0.0051639
         0          0          0          1
v_world_imu:    0.212461   0.0553615 -0.00146441
frame_127
id: 459
stamp: 1777101524.562081814
T_odom_lidar: 
 -0.932998    0.34414   0.105276    1.98959
   -0.3436  -0.938815  0.0237989 -0.0906047
  0.107025 -0.0139686   0.994158 0.00517503
         0          0          0          1
T_world_lidar: 
 -0.932998    0.34414   0.105276    1.98959
   -0.3436  -0.938815  0.0237989 -0.0906047
  0.107025 -0.0139686   0.994158 0.00517503
         0          0          0          1
v_world_imu:   0.214643  0.0662363 0.00707353
frame_128
id: 460
stamp: 1777101524.662858248
T_odom_lidar: 
 -0.933996   0.341659   0.104498    2.00695
 -0.341009  -0.939738   0.024584 -0.0841305
    0.1066 -0.0126735   0.994221 0.00539588
         0          0          0          1
T_world_lidar: 
 -0.933996   0.341659   0.104498    2.00695
 -0.341009  -0.939738   0.024584 -0.0841305
    0.1066 -0.0126735   0.994221 0.00539588
         0          0          0          1
v_world_imu:     0.155082     0.060225 -0.000942249
frame_129
id: 461
stamp: 1777101524.762338877
T_odom_lidar: 
 -0.933883   0.342228   0.103648    2.02375
 -0.341616  -0.939529  0.0241633 -0.0802774
   0.10565 -0.0128421    0.99432 0.00548213
         0          0          0          1
T_world_lidar: 
 -0.933883   0.342228   0.103648    2.02375
 -0.341616  -0.939529  0.0241633 -0.0802774
   0.10565 -0.0128421    0.99432 0.00548213
         0          0          0          1
v_world_imu:   0.184697  0.0414261 0.00354458
frame_130
id: 462
stamp: 1777101524.862095356
T_odom_lidar: 
 -0.933945   0.341825   0.104416    2.04458
 -0.341306  -0.939662  0.0233612 -0.0749702
  0.106101 -0.0138198   0.994259 0.00601803
         0          0          0          1
T_world_lidar: 
 -0.933945   0.341825   0.104416    2.04458
 -0.341306  -0.939662  0.0233612 -0.0749702
  0.106101 -0.0138198   0.994259 0.00601803
         0          0          0          1
v_world_imu:   0.206093  0.0714983 0.00731668
frame_131
id: 463
stamp: 1777101524.962940216
T_odom_lidar: 
 -0.934884   0.339492   0.103621    2.06438
 -0.338971  -0.940512  0.0231391 -0.0686282
  0.105312  -0.013492   0.994348 0.00645968
         0          0          0          1
T_world_lidar: 
 -0.934884   0.339492   0.103621    2.06438
 -0.338971  -0.940512  0.0231391 -0.0686282
  0.105312  -0.013492   0.994348 0.00645968
         0          0          0          1
v_world_imu:   0.210602  0.0506283 0.00415172
frame_132
id: 464
stamp: 1777101525.063020229
T_odom_lidar: 
 -0.935089   0.338845   0.103886    2.08443
 -0.338401  -0.940735  0.0224179 -0.0639531
  0.105326 -0.0141924   0.994337 0.00685136
         0          0          0          1
T_world_lidar: 
 -0.935089   0.338845   0.103886    2.08443
 -0.338401  -0.940735  0.0224179 -0.0639531
  0.105326 -0.0141924   0.994337 0.00685136
         0          0          0          1
v_world_imu:   0.181171  0.0610488 0.00303075
frame_133
id: 465
stamp: 1777101525.163120985
T_odom_lidar: 
 -0.935714   0.336893   0.104607    2.10502
 -0.336426  -0.941438  0.0226094 -0.0574669
  0.106098 -0.0140366   0.994257 0.00739905
         0          0          0          1
T_world_lidar: 
 -0.935714   0.336893   0.104607    2.10502
 -0.336426  -0.941438  0.0226094 -0.0574669
  0.106098 -0.0140366   0.994257 0.00739905
         0          0          0          1
v_world_imu:   0.219359  0.0681319 0.00756915
frame_134
id: 466
stamp: 1777101525.263216257
T_odom_lidar: 
 -0.936247   0.335558   0.104132    2.12223
 -0.335059  -0.941922  0.0227751  -0.052109
  0.105727 -0.0135673   0.994303 0.00768809
         0          0          0          1
T_world_lidar: 
 -0.936247   0.335558   0.104132    2.12223
 -0.335059  -0.941922  0.0227751  -0.052109
  0.105727 -0.0135673   0.994303 0.00768809
         0          0          0          1
v_world_imu:    0.156879   0.0437691 0.000475414
frame_135
id: 467
stamp: 1777101525.363023520
T_odom_lidar: 
 -0.936135   0.336032   0.103607    2.13812
 -0.335555  -0.941751  0.0225285 -0.0484596
  0.105143 -0.0136762   0.994363 0.00764894
         0          0          0          1
T_world_lidar: 
 -0.936135   0.336032   0.103607    2.13812
 -0.335555  -0.941751  0.0225285 -0.0484596
  0.105143 -0.0136762   0.994363 0.00764894
         0          0          0          1
v_world_imu:    0.171414   0.0608406 -0.00103702
frame_136
id: 468
stamp: 1777101525.463020325
T_odom_lidar: 
 -0.936595   0.334364   0.104833     2.1579
 -0.333842  -0.942348  0.0230118 -0.0417018
  0.106484 -0.0134449   0.994224 0.00811747
         0          0          0          1
T_world_lidar: 
 -0.936595   0.334364   0.104833     2.1579
 -0.333842  -0.942348  0.0230118 -0.0417018
  0.106484 -0.0134449   0.994224 0.00811747
         0          0          0          1
v_world_imu:   0.180789  0.0713484 0.00498685
frame_137
id: 469
stamp: 1777101525.563024998
T_odom_lidar: 
 -0.937508   0.332051   0.104025    2.17425
 -0.331441  -0.943181  0.0236099  -0.036443
  0.105954 -0.0123437   0.994294 0.00816405
         0          0          0          1
T_world_lidar: 
 -0.937508   0.332051   0.104025    2.17425
 -0.331441  -0.943181  0.0236099  -0.036443
  0.105954 -0.0123437   0.994294 0.00816405
         0          0          0          1
v_world_imu:    0.176624   0.0313964 -0.00123639
frame_138
id: 470
stamp: 1777101525.663171291
T_odom_lidar: 
 -0.936934   0.333951   0.103113    2.19273
 -0.333352   -0.94251  0.0235002 -0.0327168
  0.105033 -0.0123548   0.994392 0.00791392
         0          0          0          1
T_world_lidar: 
 -0.936934   0.333951   0.103113    2.19273
 -0.333352   -0.94251  0.0235002 -0.0327168
  0.105033 -0.0123548   0.994392 0.00791392
         0          0          0          1
v_world_imu:     0.209594    0.0518908 -0.000289491
frame_139
id: 471
stamp: 1777101525.763082027
T_odom_lidar: 
   -0.9375   0.331966   0.104364    2.21441
 -0.331323  -0.943213  0.0239514 -0.0256358
  0.106389 -0.0121238   0.994251  0.0081994
         0          0          0          1
T_world_lidar: 
   -0.9375   0.331966   0.104364    2.21441
 -0.331323  -0.943213  0.0239514 -0.0256358
  0.106389 -0.0121238   0.994251  0.0081994
         0          0          0          1
v_world_imu:    0.20306  0.0806329 0.00291164
frame_140
id: 472
stamp: 1777101525.862999439
T_odom_lidar: 
 -0.937777   0.331274    0.10408    2.23362
 -0.330658  -0.943455   0.023623 -0.0207036
   0.10602 -0.0122617   0.994288 0.00815173
         0          0          0          1
T_world_lidar: 
 -0.937777   0.331274    0.10408    2.23362
 -0.330658  -0.943455   0.023623 -0.0207036
   0.10602 -0.0122617   0.994288 0.00815173
         0          0          0          1
v_world_imu:    0.203437    0.029486 -0.00216063
frame_141
id: 473
stamp: 1777101525.963232517
T_odom_lidar: 
 -0.936494   0.334679   0.104734    2.25659
 -0.334255  -0.942224  0.0220957 -0.0171267
  0.106078 -0.0143153   0.994255 0.00775634
         0          0          0          1
T_world_lidar: 
 -0.936494   0.334679   0.104734    2.25659
 -0.334255  -0.942224  0.0220957 -0.0171267
  0.106078 -0.0143153   0.994255 0.00775634
         0          0          0          1
v_world_imu:   0.231214  0.0731165 0.00173178
frame_142
id: 474
stamp: 1777101526.063038111
T_odom_lidar: 
  -0.936928    0.333032    0.106095     2.27845
   -0.33262   -0.942802   0.0220843 -0.00958744
   0.107381  -0.0145979    0.994111  0.00812717
          0           0           0           1
T_world_lidar: 
  -0.936928    0.333032    0.106095     2.27845
   -0.33262   -0.942802   0.0220843 -0.00958744
   0.107381  -0.0145979    0.994111  0.00812717
          0           0           0           1
v_world_imu:    0.191757   0.0727297 -0.00219391
frame_143
id: 475
stamp: 1777101526.163007021
T_odom_lidar: 
  -0.937156    0.332646    0.105284     2.29464
  -0.332223   -0.942943   0.0220503 -0.00528935
   0.106612  -0.0143132    0.994198  0.00794021
          0           0           0           1
T_world_lidar: 
  -0.937156    0.332646    0.105284     2.29464
  -0.332223   -0.942943   0.0220503 -0.00528935
   0.106612  -0.0143132    0.994198  0.00794021
          0           0           0           1
v_world_imu:    0.152202   0.0349809 0.000507738
frame_144
id: 476
stamp: 1777101526.263110876
T_odom_lidar: 
  -0.936535    0.334644    0.104475     2.31214
  -0.334305   -0.942225   0.0212671 -0.00185954
   0.105556  -0.0150092      0.9943  0.00783006
          0           0           0           1
T_world_lidar: 
  -0.936535    0.334644    0.104475     2.31214
  -0.334305   -0.942225   0.0212671 -0.00185954
   0.105556  -0.0150092      0.9943  0.00783006
          0           0           0           1
v_world_imu:    0.201498    0.067785 0.000543658
frame_145
id: 477
stamp: 1777101526.363169670
T_odom_lidar: 
 -0.937248   0.332382   0.105302    2.33448
 -0.331927  -0.943041  0.0223282 0.00618158
  0.106726 -0.0140256    0.99419 0.00823175
         0          0          0          1
T_world_lidar: 
 -0.937248   0.332382   0.105302    2.33448
 -0.331927  -0.943041  0.0223282 0.00618158
  0.106726 -0.0140256    0.99419 0.00823175
         0          0          0          1
v_world_imu:    0.22043   0.090279 0.00275998
frame_146
id: 478
stamp: 1777101526.463049412
T_odom_lidar: 
 -0.937282    0.33219   0.105604    2.35756
 -0.331707  -0.943111  0.0226266  0.0128598
  0.107112 -0.0138219   0.994151 0.00843193
         0          0          0          1
T_world_lidar: 
 -0.937282    0.33219   0.105604    2.35756
 -0.331707  -0.943111  0.0226266  0.0128598
  0.107112 -0.0138219   0.994151 0.00843193
         0          0          0          1
v_world_imu:    0.234322   0.0536602 -0.00144306
frame_147
id: 479
stamp: 1777101526.563200712
T_odom_lidar: 
 -0.937042   0.332912   0.105457    2.38183
 -0.332581  -0.942836  0.0212344   0.017891
  0.106498 -0.0151754   0.994197 0.00840436
         0          0          0          1
T_world_lidar: 
 -0.937042   0.332912   0.105457    2.38183
 -0.332581  -0.942836  0.0212344   0.017891
  0.106498 -0.0151754   0.994197 0.00840436
         0          0          0          1
v_world_imu:   0.258489  0.0701221 0.00263803
frame_148
id: 480
stamp: 1777101526.663165808
T_odom_lidar: 
 -0.936718   0.333463   0.106594    2.40356
 -0.333108   -0.94264  0.0216449  0.0247853
  0.107697 -0.0152322   0.994067 0.00856093
         0          0          0          1
T_world_lidar: 
 -0.936718   0.333463   0.106594    2.40356
 -0.333108   -0.94264  0.0216449  0.0247853
  0.107697 -0.0152322   0.994067 0.00856093
         0          0          0          1
v_world_imu:   0.177103  0.0820167 0.00630803
frame_149
id: 481
stamp: 1777101526.763087034
T_odom_lidar: 
 -0.937665    0.33103   0.105847    2.42291
 -0.330647  -0.943506  0.0216662  0.0303632
   0.10704 -0.0146824   0.994146  0.0088059
         0          0          0          1
T_world_lidar: 
 -0.937665    0.33103   0.105847    2.42291
 -0.330647  -0.943506  0.0216662  0.0303632
   0.10704 -0.0146824   0.994146  0.0088059
         0          0          0          1
v_world_imu:    0.219686   0.0509143 -0.00238125
frame_150
id: 482
stamp: 1777101526.863109827
T_odom_lidar: 
-0.936496  0.334148  0.106402   2.44623
-0.333932 -0.942377 0.0203727 0.0347034
 0.107078 -0.016452  0.994114 0.0088113
        0         0         0         1
T_world_lidar: 
-0.936496  0.334148  0.106402   2.44623
-0.333932 -0.942377 0.0203727 0.0347034
 0.107078 -0.016452  0.994114 0.0088113
        0         0         0         1
v_world_imu:   0.226545  0.0604867 0.00229042
frame_151
id: 483
stamp: 1777101526.963147640
T_odom_lidar: 
 -0.936602   0.333897   0.106254    2.46418
 -0.333588  -0.942481  0.0211957  0.0411942
   0.10722 -0.0155933   0.994113  0.0089689
         0          0          0          1
T_world_lidar: 
 -0.936602   0.333897   0.106254    2.46418
 -0.333588  -0.942481  0.0211957  0.0411942
   0.10722 -0.0155933   0.994113  0.0089689
         0          0          0          1
v_world_imu:   0.154422  0.0759063 0.00312455
frame_152
id: 484
stamp: 1777101527.063132524
T_odom_lidar: 
 -0.937246   0.332379   0.105324    2.48234
 -0.331999  -0.943032  0.0216431   0.046019
  0.106518 -0.0146825   0.994202 0.00898714
         0          0          0          1
T_world_lidar: 
 -0.937246   0.332379   0.105324    2.48234
 -0.331999  -0.943032  0.0216431   0.046019
  0.106518 -0.0146825   0.994202 0.00898714
         0          0          0          1
v_world_imu:    0.227099   0.0242365 -0.00361824
frame_153
id: 485
stamp: 1777101527.163216829
T_odom_lidar: 
 -0.935661   0.336211    0.10724    2.50652
 -0.335999  -0.941637  0.0205871  0.0503626
  0.107902 -0.0167698    0.99402 0.00868412
         0          0          0          1
T_world_lidar: 
 -0.935661   0.336211    0.10724    2.50652
 -0.335999  -0.941637  0.0205871  0.0503626
  0.107902 -0.0167698    0.99402 0.00868412
         0          0          0          1
v_world_imu:    0.239575   0.0696478 -0.00173785
frame_154
id: 486
stamp: 1777101527.262205362
T_odom_lidar: 
 -0.936503   0.334004   0.106787     2.5239
 -0.333576  -0.942458  0.0223822  0.0582566
  0.108118 -0.0146606    0.99403 0.00885566
         0          0          0          1
T_world_lidar: 
 -0.936503   0.334004   0.106787     2.5239
 -0.333576  -0.942458  0.0223822  0.0582566
  0.108118 -0.0146606    0.99403 0.00885566
         0          0          0          1
v_world_imu:   0.142317  0.0762561 0.00584006
frame_155
id: 487
stamp: 1777101527.361986399
T_odom_lidar: 
 -0.937027   0.332781   0.106008    2.54076
 -0.332273  -0.942904  0.0229367  0.0629886
  0.107589 -0.0137315   0.994101 0.00870702
         0          0          0          1
T_world_lidar: 
 -0.937027   0.332781   0.106008    2.54076
 -0.332273  -0.942904  0.0229367  0.0629886
  0.107589 -0.0137315   0.994101 0.00870702
         0          0          0          1
v_world_imu:      0.2067   0.0219886 -0.00804206
frame_156
id: 488
stamp: 1777101527.462216616
T_odom_lidar: 
 -0.935794    0.33593   0.106964    2.56258
 -0.335629  -0.941752  0.0213464  0.0665465
  0.107904 -0.0159243   0.994034 0.00842579
         0          0          0          1
T_world_lidar: 
 -0.935794    0.33593   0.106964    2.56258
 -0.335629  -0.941752  0.0213464  0.0665465
  0.107904 -0.0159243   0.994034 0.00842579
         0          0          0          1
v_world_imu:    0.19521   0.067893 0.00583205
frame_157
id: 489
stamp: 1777101527.563158035
T_odom_lidar: 
 -0.937083   0.332576   0.106149    2.57871
  -0.33204   -0.94298  0.0232097  0.0737775
  0.107816 -0.0134963   0.994079 0.00862201
         0          0          0          1
T_world_lidar: 
 -0.937083   0.332576   0.106149    2.57871
  -0.33204   -0.94298  0.0232097  0.0737775
  0.107816 -0.0134963   0.994079 0.00862201
         0          0          0          1
v_world_imu:    0.166512   0.0641661 0.000492549
frame_158
id: 490
stamp: 1777101527.663213015
T_odom_lidar: 
 -0.936957   0.332976   0.106011    2.59796
 -0.332454  -0.942837   0.023086  0.0785139
  0.107638 -0.0136132   0.994097 0.00852786
         0          0          0          1
T_world_lidar: 
 -0.936957   0.332976   0.106011    2.59796
 -0.332454  -0.942837   0.023086  0.0785139
  0.107638 -0.0136132   0.994097 0.00852786
         0          0          0          1
v_world_imu:   0.223325  0.0388333 0.00065375
frame_159
id: 491
stamp: 1777101527.762196541
T_odom_lidar: 
 -0.936935   0.332898   0.106447     2.6205
 -0.332402   -0.94286  0.0228955  0.0843327
  0.107986 -0.0139316   0.994055 0.00854915
         0          0          0          1
T_world_lidar: 
 -0.936935   0.332898   0.106447     2.6205
 -0.332402   -0.94286  0.0228955  0.0843327
  0.107986 -0.0139316   0.994055 0.00854915
         0          0          0          1
v_world_imu:   0.229541  0.0817506 0.00113325
frame_160
id: 492
stamp: 1777101527.863219738
T_odom_lidar: 
  -0.93772   0.330554   0.106841    2.64358
 -0.329917  -0.943702  0.0240993  0.0931473
  0.108793 -0.0126505   0.993984 0.00882229
         0          0          0          1
T_world_lidar: 
  -0.93772   0.330554   0.106841    2.64358
 -0.329917  -0.943702  0.0240993  0.0931473
  0.108793 -0.0126505   0.993984 0.00882229
         0          0          0          1
v_world_imu:   0.228157  0.0760103 0.00372574
frame_161
id: 493
stamp: 1777101527.962394714
T_odom_lidar: 
  -0.93774   0.330526   0.106752    2.66711
 -0.329946  -0.943706  0.0235635  0.0987718
   0.10853 -0.0131258   0.994006 0.00875293
         0          0          0          1
T_world_lidar: 
  -0.93774   0.330526   0.106752    2.66711
 -0.329946  -0.943706  0.0235635  0.0987718
   0.10853 -0.0131258   0.994006 0.00875293
         0          0          0          1
v_world_imu:     0.24008   0.0484646 -0.00178127
frame_162
id: 494
stamp: 1777101528.062218428
T_odom_lidar: 
 -0.937557    0.33103   0.106797    2.69082
 -0.330551  -0.943516  0.0226679    0.10464
  0.108269 -0.0140495   0.994022 0.00861038
         0          0          0          1
T_world_lidar: 
 -0.937557    0.33103   0.106797    2.69082
 -0.330551  -0.943516  0.0226679    0.10464
  0.108269 -0.0140495   0.994022 0.00861038
         0          0          0          1
v_world_imu:   0.232958  0.0711107 0.00194417
frame_163
id: 495
stamp: 1777101528.162205458
T_odom_lidar: 
 -0.937928   0.329849   0.107197    2.71467
 -0.329411  -0.943924  0.0222854   0.111338
  0.108537 -0.0144098   0.993988 0.00883676
         0          0          0          1
T_world_lidar: 
 -0.937928   0.329849   0.107197    2.71467
 -0.329411  -0.943924  0.0222854   0.111338
  0.108537 -0.0144098   0.993988 0.00883676
         0          0          0          1
v_world_imu:   0.252937  0.0633583 0.00222508
frame_164
id: 496
stamp: 1777101528.263199806
T_odom_lidar: 
  -0.93792   0.329793   0.107437    2.73964
 -0.329401  -0.943936  0.0218935   0.117607
  0.108634 -0.0148556   0.993971  0.0089758
         0          0          0          1
T_world_lidar: 
  -0.93792   0.329793   0.107437    2.73964
 -0.329401  -0.943936  0.0218935   0.117607
  0.108634 -0.0148556   0.993971  0.0089758
         0          0          0          1
v_world_imu:    0.245754   0.0632073 0.000394458
frame_165
id: 497
stamp: 1777101528.362277031
T_odom_lidar: 
 -0.938355   0.328378   0.107972    2.76321
 -0.327997  -0.944428  0.0217795   0.124658
  0.109124 -0.0149777   0.993915 0.00916312
         0          0          0          1
T_world_lidar: 
 -0.938355   0.328378   0.107972    2.76321
 -0.327997  -0.944428  0.0217795   0.124658
  0.109124 -0.0149777   0.993915 0.00916312
         0          0          0          1
v_world_imu:  0.210705 0.0793284 0.0027036
frame_166
id: 498
stamp: 1777101528.462198496
T_odom_lidar: 
  -0.93815   0.328915   0.108121    2.78517
 -0.328504  -0.944244  0.0221081   0.131191
  0.109364 -0.0147774   0.993892 0.00929135
         0          0          0          1
T_world_lidar: 
  -0.93815   0.328915   0.108121    2.78517
 -0.328504  -0.944244  0.0221081   0.131191
  0.109364 -0.0147774   0.993892 0.00929135
         0          0          0          1
v_world_imu:   0.217324  0.0553418 0.00269709
frame_167
id: 499
stamp: 1777101528.562502623
T_odom_lidar: 
 -0.938771   0.327559   0.106835    2.80559
  -0.32706  -0.944732  0.0226599   0.137212
  0.108353 -0.0136689   0.994019 0.00941512
         0          0          0          1
T_world_lidar: 
 -0.938771   0.327559   0.106835    2.80559
  -0.32706  -0.944732  0.0226599   0.137212
  0.108353 -0.0136689   0.994019 0.00941512
         0          0          0          1
v_world_imu:   0.214191  0.0669431 0.00161333
frame_168
id: 500
stamp: 1777101528.662256002
T_odom_lidar: 
 -0.940582   0.322139   0.107391    2.82917
 -0.321407  -0.946623  0.0245309   0.146268
  0.109561 -0.0114429   0.993914  0.0098529
         0          0          0          1
T_world_lidar: 
 -0.940582   0.322139   0.107391    2.82917
 -0.321407  -0.946623  0.0245309   0.146268
  0.109561 -0.0114429   0.993914  0.0098529
         0          0          0          1
v_world_imu:  0.255136 0.0879147 0.0068738
frame_169
id: 501
stamp: 1777101528.762351751
T_odom_lidar: 
  -0.944671    0.309458    0.108775      2.8546
  -0.308557   -0.950865   0.0254419    0.156024
   0.111304 -0.00952907    0.993741   0.0103861
          0           0           0           1
T_world_lidar: 
  -0.944671    0.309458    0.108775      2.8546
  -0.308557   -0.950865   0.0254419    0.156024
   0.111304 -0.00952907    0.993741   0.0103861
          0           0           0           1
v_world_imu:   0.214354  0.0767537 0.00296584
frame_170
id: 502
stamp: 1777101528.863295317
T_odom_lidar: 
 -0.950497    0.29098   0.109021    2.87897
  -0.29054  -0.956648  0.0202523   0.161725
  0.110188 -0.0124252   0.993833    0.01018
         0          0          0          1
T_world_lidar: 
 -0.950497    0.29098   0.109021    2.87897
  -0.29054  -0.956648  0.0202523   0.161725
  0.110188 -0.0124252   0.993833    0.01018
         0          0          0          1
v_world_imu:       0.271   0.0573173 -0.00201639
frame_171
id: 503
stamp: 1777101528.962137699
T_odom_lidar: 
-0.958665  0.262446  0.109923   2.89781
-0.262329 -0.964849 0.0157865    0.1721
 0.110202 -0.013702  0.993815 0.0102635
        0         0         0         1
T_world_lidar: 
-0.958665  0.262446  0.109923   2.89781
-0.262329 -0.964849 0.0157865    0.1721
 0.110202 -0.013702  0.993815 0.0102635
        0         0         0         1
v_world_imu:  0.124613  0.138472 0.0055061
