1777101651.162286282 -0.537653 4.543853 -0.041582 -0.004423 -0.060693 0.090669 0.994020
1777101651.162305117 -0.537653 4.543854 -0.041583 -0.004423 -0.060693 0.090672 0.994020
1777101651.167830706 -0.537742 4.544200 -0.041835 -0.004391 -0.060685 0.091559 0.993939
1777101651.172070503 -0.537805 4.544473 -0.042033 -0.004365 -0.060679 0.092239 0.993877
1777101651.177685738 -0.537890 4.544838 -0.042298 -0.004252 -0.060651 0.093118 0.993797
1777101651.182362795 -0.537963 4.545139 -0.042517 -0.004157 -0.060628 0.093851 0.993730
1777101651.188004017 -0.538056 4.545493 -0.042781 -0.004108 -0.060647 0.094700 0.993648
1777101651.192448378 -0.538133 4.545758 -0.042986 -0.004070 -0.060661 0.095368 0.993584
1777101651.198056459 -0.538233 4.546094 -0.043250 -0.004037 -0.060665 0.096235 0.993500
1777101651.202760935 -0.538325 4.546383 -0.043475 -0.004013 -0.060671 0.096950 0.993430
1777101651.207985640 -0.538435 4.546707 -0.043727 -0.003935 -0.060695 0.097804 0.993345
1777101651.212105513 -0.538526 4.546967 -0.043927 -0.003874 -0.060714 0.098478 0.993278
1777101651.217982054 -0.538661 4.547344 -0.044210 -0.003848 -0.060729 0.099392 0.993186
1777101651.222083569 -0.538758 4.547607 -0.044403 -0.003830 -0.060739 0.100030 0.993121
1777101651.227943897 -0.538903 4.547986 -0.044683 -0.003763 -0.060770 0.101024 0.993019
1777101651.232267380 -0.539015 4.548268 -0.044895 -0.003714 -0.060793 0.101758 0.992943
1777101651.237976074 -0.539169 4.548638 -0.045179 -0.003610 -0.060835 0.102753 0.992838
1777101651.242375612 -0.539291 4.548922 -0.045397 -0.003529 -0.060867 0.103520 0.992757
1777101651.247873306 -0.539447 4.549276 -0.045665 -0.003484 -0.060904 0.104466 0.992656
1777101651.252079964 -0.539565 4.549546 -0.045863 -0.003450 -0.060932 0.105190 0.992578
1777101651.258094311 -0.539724 4.549942 -0.046147 -0.003363 -0.060961 0.106313 0.992457
1777101651.262452602 -0.539828 4.550244 -0.046360 -0.003299 -0.060981 0.107127 0.992368
1777101651.262211323 -0.539289 4.548216 -0.042522 -0.003463 -0.061144 0.106946 0.992377
1777101651.262539625 -0.539296 4.548238 -0.042537 -0.003458 -0.061145 0.107008 0.992370
1777101651.267978191 -0.539414 4.548613 -0.042784 -0.003410 -0.061114 0.108001 0.992265
1777101651.272290230 -0.539499 4.548917 -0.042985 -0.003372 -0.061089 0.108789 0.992180
1777101651.277853727 -0.539608 4.549316 -0.043248 -0.003352 -0.061053 0.109824 0.992069
1777101651.282027721 -0.539693 4.549621 -0.043445 -0.003336 -0.061026 0.110601 0.991984
1777101651.287893772 -0.539819 4.550054 -0.043723 -0.003307 -0.060994 0.111690 0.991864
1777101651.291840553 -0.539908 4.550350 -0.043912 -0.003288 -0.060973 0.112422 0.991783
1777101651.298090219 -0.540065 4.550813 -0.044210 -0.003250 -0.060954 0.113552 0.991655
1777101651.302987814 -0.540203 4.551166 -0.044438 -0.003220 -0.060964 0.114432 0.991553
1777101651.307943583 -0.540350 4.551513 -0.044663 -0.003190 -0.060979 0.115294 0.991453
1777101651.312386274 -0.540483 4.551817 -0.044863 -0.003153 -0.060994 0.116053 0.991363
1777101651.318023682 -0.540655 4.552199 -0.045117 -0.003123 -0.061015 0.116967 0.991255
1777101651.322273016 -0.540787 4.552487 -0.045309 -0.003088 -0.061039 0.117645 0.991173
1777101651.327914953 -0.540964 4.552871 -0.045571 -0.003039 -0.061064 0.118558 0.991063
1777101651.332063675 -0.541094 4.553156 -0.045772 -0.003003 -0.061082 0.119229 0.990982
1777101651.337929964 -0.541279 4.553561 -0.046066 -0.002955 -0.061080 0.120159 0.990869
1777101651.342386723 -0.541423 4.553868 -0.046298 -0.002922 -0.061101 0.120849 0.990784
1777101651.347923994 -0.541598 4.554244 -0.046593 -0.002863 -0.061121 0.121739 0.990674
1777101651.352068663 -0.541722 4.554519 -0.046821 -0.002824 -0.061128 0.122401 0.990592
1777101651.358100176 -0.541900 4.554919 -0.047152 -0.002776 -0.061132 0.123347 0.990475
1777101651.362418890 -0.542028 4.555207 -0.047387 -0.002728 -0.061134 0.124021 0.990391
1777101651.362198830 -0.542440 4.559577 -0.042633 -0.003290 -0.061132 0.123935 0.990400
1777101651.362534523 -0.542451 4.559603 -0.042649 -0.003286 -0.061132 0.123987 0.990393
1777101651.368072271 -0.542632 4.560031 -0.042915 -0.003226 -0.061151 0.124907 0.990277
1777101651.372299194 -0.542776 4.560355 -0.043120 -0.003151 -0.061189 0.125601 0.990187
1777101651.377720833 -0.542951 4.560773 -0.043384 -0.003053 -0.061226 0.126520 0.990068
1777101651.382291794 -0.543087 4.561132 -0.043612 -0.002987 -0.061232 0.127268 0.989972
1777101651.387777567 -0.543250 4.561571 -0.043886 -0.002932 -0.061252 0.128175 0.989854
1777101651.391991377 -0.543378 4.561913 -0.044092 -0.002874 -0.061282 0.128929 0.989754
1777101651.398027420 -0.543549 4.562423 -0.044392 -0.002825 -0.061297 0.130035 0.989609
1777101651.401891947 -0.543642 4.562767 -0.044593 -0.002794 -0.061306 0.130743 0.989515
1777101651.408033848 -0.543774 4.563336 -0.044920 -0.002777 -0.061254 0.131824 0.989375
1777101651.412171841 -0.543858 4.563730 -0.045143 -0.002799 -0.061229 0.132541 0.989281
1777101651.417916775 -0.543974 4.564280 -0.045455 -0.002820 -0.061204 0.133516 0.989151
1777101651.422078848 -0.544062 4.564676 -0.045681 -0.002823 -0.061186 0.134228 0.989056
1777101651.428036690 -0.544195 4.565245 -0.046008 -0.002847 -0.061153 0.135239 0.988920
1777101651.432119846 -0.544291 4.565635 -0.046237 -0.002873 -0.061139 0.135903 0.988830
1777101651.438003540 -0.544439 4.566184 -0.046563 -0.002901 -0.061146 0.136854 0.988698
1777101651.442264080 -0.544550 4.566571 -0.046798 -0.002892 -0.061158 0.137547 0.988601
1777101651.448052645 -0.544689 4.567084 -0.047117 -0.002925 -0.061169 0.138433 0.988477
1777101651.452340364 -0.544777 4.567453 -0.047352 -0.002936 -0.061148 0.139070 0.988389
1777101651.458041906 -0.544887 4.567926 -0.047661 -0.002940 -0.061110 0.139860 0.988279
1777101651.462448120 -0.544975 4.568279 -0.047900 -0.002927 -0.061101 0.140469 0.988194
1777101651.462587118 -0.544978 4.568290 -0.047908 -0.002927 -0.061102 0.140488 0.988191
1777101651.463039160 -0.545608 4.570149 -0.042277 -0.003170 -0.061062 0.140533 0.988186
1777101651.468099117 -0.545722 4.570559 -0.042514 -0.003145 -0.061070 0.141225 0.988087
1777101651.472057343 -0.545810 4.570869 -0.042702 -0.003100 -0.061066 0.141756 0.988011
1777101651.478100777 -0.545944 4.571327 -0.042989 -0.003043 -0.061043 0.142533 0.987901
1777101651.482433796 -0.546042 4.571641 -0.043193 -0.002985 -0.061043 0.143102 0.987819
1777101651.488036633 -0.546175 4.572033 -0.043460 -0.002886 -0.061075 0.143849 0.987709
1777101651.492185593 -0.546272 4.572322 -0.043663 -0.002818 -0.061091 0.144393 0.987629
1777101651.498061657 -0.546402 4.572742 -0.043952 -0.002716 -0.061084 0.145163 0.987517
1777101651.501904726 -0.546486 4.573025 -0.044144 -0.002675 -0.061078 0.145676 0.987442
1777101651.507775545 -0.546619 4.573460 -0.044438 -0.002569 -0.061073 0.146492 0.987321
1777101651.512273550 -0.546724 4.573794 -0.044664 -0.002501 -0.061083 0.147157 0.987222
1777101651.517695189 -0.546846 4.574205 -0.044938 -0.002441 -0.061083 0.147960 0.987102
1777101651.522292137 -0.546944 4.574562 -0.045174 -0.002382 -0.061054 0.148646 0.987001
1777101651.527863979 -0.547073 4.575006 -0.045463 -0.002329 -0.061026 0.149486 0.986876
1777101651.532282114 -0.547193 4.575363 -0.045695 -0.002283 -0.061028 0.150200 0.986768
1777101651.537886381 -0.547362 4.575824 -0.045990 -0.002216 -0.061044 0.151145 0.986622
1777101651.542444229 -0.547507 4.576205 -0.046232 -0.002173 -0.061059 0.151899 0.986506
1777101651.547926903 -0.547676 4.576663 -0.046523 -0.002104 -0.061056 0.152803 0.986367
1777101651.552091837 -0.547804 4.577008 -0.046745 -0.002066 -0.061049 0.153509 0.986257
1777101651.557864428 -0.547985 4.577477 -0.047052 -0.002008 -0.061080 0.154481 0.986104
1777101651.562310934 -0.548122 4.577832 -0.047287 -0.001945 -0.061095 0.155233 0.985985
1777101651.562533379 -0.548128 4.577850 -0.047299 -0.001942 -0.061095 0.155271 0.985979
1777101651.562294245 -0.547650 4.573755 -0.042297 -0.001648 -0.061035 0.155014 0.986024
1777101651.562310934 -0.547651 4.573756 -0.042297 -0.001648 -0.061036 0.155017 0.986023
1777101651.567927122 -0.547808 4.574158 -0.042558 -0.001577 -0.061033 0.155954 0.985876
1777101651.572425842 -0.547928 4.574480 -0.042771 -0.001523 -0.061019 0.156682 0.985761
1777101651.577852488 -0.548069 4.574861 -0.043034 -0.001449 -0.060996 0.157565 0.985622
1777101651.582295179 -0.548187 4.575169 -0.043252 -0.001368 -0.060987 0.158287 0.985507
1777101651.587942362 -0.548337 4.575558 -0.043525 -0.001283 -0.060995 0.159177 0.985363
1777101651.592208385 -0.548447 4.575849 -0.043732 -0.001204 -0.060980 0.159850 0.985255
1777101651.597999811 -0.548598 4.576243 -0.044015 -0.001103 -0.060942 0.160767 0.985109
1777101651.602104664 -0.548711 4.576523 -0.044216 -0.001039 -0.060938 0.161422 0.985002
1777101651.607724428 -0.548874 4.576904 -0.044492 -0.000913 -0.060942 0.162318 0.984854
1777101651.612303972 -0.549010 4.577216 -0.044719 -0.000835 -0.060944 0.163042 0.984735
1777101651.617824078 -0.549179 4.577598 -0.044989 -0.000752 -0.060949 0.163909 0.984591
1777101651.622011185 -0.549310 4.577892 -0.045195 -0.000686 -0.060947 0.164574 0.984480
1777101651.627776384 -0.549494 4.578301 -0.045484 -0.000585 -0.060933 0.165498 0.984326
1777101651.632129908 -0.549640 4.578617 -0.045705 -0.000516 -0.060938 0.166204 0.984207
1777101651.637966871 -0.549843 4.579054 -0.046006 -0.000440 -0.060957 0.167152 0.984045
1777101651.642110825 -0.549986 4.579372 -0.046224 -0.000381 -0.060952 0.167832 0.983929
1777101651.648065805 -0.550193 4.579837 -0.046541 -0.000302 -0.060935 0.168825 0.983761
1777101651.652212858 -0.550343 4.580167 -0.046763 -0.000253 -0.060935 0.169533 0.983639
1777101651.657928228 -0.550556 4.580628 -0.047072 -0.000198 -0.060959 0.170535 0.983464
1777101651.662299633 -0.550718 4.580989 -0.047309 -0.000141 -0.060956 0.171295 0.983332
1777101651.662494421 -0.550725 4.581005 -0.047320 -0.000140 -0.060955 0.171329 0.983326
1777101651.662280798 -0.551929 4.584950 -0.041549 -0.000501 -0.060888 0.171396 0.983319
1777101651.662299633 -0.551929 4.584951 -0.041550 -0.000500 -0.060888 0.171399 0.983318
1777101651.668017149 -0.552157 4.585490 -0.041815 -0.000460 -0.060880 0.172398 0.983144
1777101651.672347307 -0.552332 4.585906 -0.042018 -0.000426 -0.060878 0.173156 0.983011
1777101651.678000212 -0.552565 4.586451 -0.042288 -0.000359 -0.060859 0.174168 0.982833
1777101651.682215452 -0.552742 4.586859 -0.042492 -0.000314 -0.060859 0.174925 0.982699
1777101651.688065767 -0.552995 4.587427 -0.042778 -0.000262 -0.060880 0.175958 0.982513
1777101651.692381144 -0.553183 4.587844 -0.042991 -0.000214 -0.060877 0.176742 0.982373
1777101651.697954178 -0.553431 4.588383 -0.043266 -0.000141 -0.060878 0.177745 0.982192
1777101651.702030182 -0.553617 4.588778 -0.043468 -0.000099 -0.060896 0.178454 0.982062
1777101651.707397938 -0.553859 4.589296 -0.043733 -0.000014 -0.060900 0.179410 0.981888
1777101651.712408304 -0.554079 4.589781 -0.043980 0.000035 -0.060904 0.180269 0.981730
1777101651.718032122 -0.554323 4.590330 -0.044261 0.000096 -0.060907 0.181232 0.981552
1777101651.722280502 -0.554506 4.590745 -0.044475 0.000164 -0.060899 0.181953 0.981420
1777101651.727971077 -0.554752 4.591307 -0.044762 0.000229 -0.060889 0.182928 0.981239
1777101651.732146740 -0.554932 4.591722 -0.044974 0.000264 -0.060884 0.183643 0.981106
1777101651.737975836 -0.555185 4.592309 -0.045276 0.000341 -0.060872 0.184639 0.980919
1777101651.742310286 -0.555377 4.592751 -0.045504 0.000385 -0.060856 0.185373 0.980782
1777101651.748122215 -0.555640 4.593350 -0.045810 0.000427 -0.060847 0.186367 0.980594
1777101651.752064228 -0.555825 4.593760 -0.046017 0.000472 -0.060851 0.187054 0.980463
1777101651.757960081 -0.556104 4.594381 -0.046328 0.000531 -0.060861 0.188069 0.980268
1777101651.762491941 -0.556319 4.594866 -0.046568 0.000564 -0.060862 0.188860 0.980116
1777101651.762267590 -0.555961 4.590761 -0.041276 0.000944 -0.060770 0.188694 0.980153
1777101651.762585402 -0.555976 4.590792 -0.041290 0.000946 -0.060770 0.188749 0.980143
1777101651.768007040 -0.556225 4.591334 -0.041540 0.000975 -0.060775 0.189692 0.979960
1777101651.772071600 -0.556412 4.591746 -0.041729 0.001000 -0.060775 0.190412 0.979821
1777101651.777886629 -0.556679 4.592344 -0.042001 0.001031 -0.060771 0.191450 0.979619
1777101651.782114267 -0.556872 4.592781 -0.042201 0.001060 -0.060771 0.192217 0.979468
1777101651.788066387 -0.557141 4.593397 -0.042486 0.001099 -0.060759 0.193280 0.979260
1777101651.792340279 -0.557335 4.593841 -0.042693 0.001124 -0.060746 0.194063 0.979106
1777101651.798137188 -0.557603 4.594444 -0.042974 0.001179 -0.060744 0.195111 0.978898
1777101651.802136660 -0.557791 4.594862 -0.043171 0.001226 -0.060733 0.195845 0.978752
1777101651.808074951 -0.558077 4.595491 -0.043468 0.001270 -0.060726 0.196955 0.978529
1777101651.812170029 -0.558280 4.595929 -0.043671 0.001311 -0.060737 0.197727 0.978373
1777101651.817956448 -0.558567 4.596548 -0.043960 0.001397 -0.060736 0.198847 0.978146
1777101651.822232008 -0.558777 4.597007 -0.044175 0.001443 -0.060744 0.199684 0.977975
1777101651.828052998 -0.559056 4.597640 -0.044473 0.001486 -0.060752 0.200813 0.977743
1777101651.832015038 -0.559241 4.598077 -0.044677 0.001523 -0.060736 0.201568 0.977588
1777101651.838002920 -0.559524 4.598749 -0.044991 0.001564 -0.060706 0.202724 0.977351
1777101651.842257500 -0.559732 4.599234 -0.045218 0.001579 -0.060697 0.203548 0.977180
1777101651.848224878 -0.560025 4.599916 -0.045539 0.001633 -0.060674 0.204712 0.976939
1777101651.852329493 -0.560224 4.600386 -0.045763 0.001649 -0.060653 0.205505 0.976773
1777101651.857908964 -0.560492 4.601019 -0.046069 0.001672 -0.060641 0.206533 0.976557
1777101651.862393618 -0.560704 4.601520 -0.046315 0.001702 -0.060628 0.207355 0.976384
1777101651.862229824 -0.557704 4.595779 -0.042051 0.001983 -0.060414 0.207031 0.976465
1777101651.862571239 -0.557718 4.595813 -0.042067 0.001985 -0.060413 0.207094 0.976452
1777101651.867868900 -0.557934 4.596346 -0.042327 0.001997 -0.060413 0.208041 0.976251
1777101651.872122765 -0.558109 4.596774 -0.042534 0.002017 -0.060417 0.208784 0.976092
1777101651.877999306 -0.558356 4.597368 -0.042819 0.002044 -0.060411 0.209796 0.975875
1777101651.882247210 -0.558539 4.597800 -0.043028 0.002040 -0.060416 0.210530 0.975717
1777101651.887851238 -0.558783 4.598367 -0.043303 0.002062 -0.060429 0.211464 0.975514
1777101651.892401218 -0.558984 4.598821 -0.043528 0.002101 -0.060430 0.212248 0.975343
1777101651.898083448 -0.559238 4.599379 -0.043813 0.002104 -0.060450 0.213235 0.975127
1777101651.902264357 -0.559422 4.599781 -0.044023 0.002140 -0.060457 0.213959 0.974968
1777101651.908043861 -0.559670 4.600333 -0.044315 0.002201 -0.060446 0.214976 0.974744
1777101651.912634611 -0.559865 4.600771 -0.044550 0.002216 -0.060442 0.215777 0.974568
1777101651.917550325 -0.560070 4.601238 -0.044801 0.002267 -0.060435 0.216646 0.974375
1777101651.922366381 -0.560271 4.601697 -0.045048 0.002331 -0.060417 0.217504 0.974185
1777101651.927940369 -0.560505 4.602229 -0.045338 0.002386 -0.060398 0.218478 0.973968
1777101651.932272434 -0.560690 4.602638 -0.045564 0.002444 -0.060381 0.219258 0.973794
1777101651.938054323 -0.560948 4.603177 -0.045866 0.002542 -0.060376 0.220321 0.973554
1777101651.941952467 -0.561127 4.603538 -0.046072 0.002604 -0.060385 0.221048 0.973388
1777101651.948025942 -0.561406 4.604102 -0.046397 0.002699 -0.060384 0.222192 0.973128
1777101651.952168941 -0.561596 4.604492 -0.046621 0.002765 -0.060370 0.222981 0.972948
1777101651.958130598 -0.561874 4.605063 -0.046947 0.002841 -0.060364 0.224115 0.972687
1777101651.962490797 -0.562081 4.605483 -0.047187 0.002900 -0.060356 0.224952 0.972495
1777101651.962270737 -0.562643 4.609397 -0.042132 0.002489 -0.060301 0.224982 0.972492
1777101651.962615490 -0.562660 4.609433 -0.042148 0.002493 -0.060300 0.225048 0.972477
1777101651.967980385 -0.562928 4.610005 -0.042404 0.002557 -0.060297 0.226101 0.972232
1777101651.971954346 -0.563129 4.610430 -0.042593 0.002603 -0.060302 0.226860 0.972055
1777101651.978159189 -0.563442 4.611093 -0.042892 0.002676 -0.060289 0.228065 0.971774
1777101651.982134819 -0.563645 4.611517 -0.043089 0.002705 -0.060285 0.228821 0.971596
1777101651.987962246 -0.563952 4.612133 -0.043383 0.002756 -0.060303 0.229930 0.971333
1777101651.992116451 -0.564176 4.612566 -0.043593 0.002809 -0.060320 0.230727 0.971143
1777101651.997960806 -0.564489 4.613173 -0.043890 0.002866 -0.060339 0.231847 0.970875
1777101652.002457857 -0.564722 4.613639 -0.044122 0.002908 -0.060335 0.232675 0.970677
1777101652.007951975 -0.564998 4.614202 -0.044404 0.002965 -0.060320 0.233646 0.970445
1777101652.012423515 -0.565218 4.614655 -0.044633 0.003009 -0.060315 0.234419 0.970258
1777101652.018053055 -0.565490 4.615214 -0.044918 0.003056 -0.060325 0.235354 0.970031
1777101652.022252798 -0.565691 4.615622 -0.045130 0.003112 -0.060315 0.236057 0.969861
1777101652.027845860 -0.565961 4.616158 -0.045415 0.003171 -0.060309 0.236969 0.969638
1777101652.032473087 -0.566190 4.616593 -0.045652 0.003227 -0.060321 0.237685 0.969462
1777101652.038109779 -0.566470 4.617113 -0.045942 0.003313 -0.060339 0.238573 0.969243
1777101652.042141676 -0.566668 4.617485 -0.046154 0.003351 -0.060357 0.239177 0.969092
1777101652.047930479 -0.566944 4.618023 -0.046462 0.003404 -0.060367 0.240012 0.968885
1777101652.052388906 -0.567146 4.618436 -0.046700 0.003463 -0.060355 0.240633 0.968732
1777101652.058085442 -0.567397 4.618962 -0.047009 0.003509 -0.060332 0.241427 0.968535
1777101652.062498569 -0.567588 4.619367 -0.047248 0.003527 -0.060336 0.242016 0.968388
1777101652.062644243 -0.567594 4.619380 -0.047256 0.003529 -0.060336 0.242036 0.968383
1777101652.063088894 -0.566980 4.619029 -0.042697 0.003503 -0.060305 0.242027 0.968387
1777101652.067968845 -0.567183 4.619468 -0.042931 0.003569 -0.060300 0.242676 0.968225
1777101652.072127819 -0.567356 4.619844 -0.043133 0.003582 -0.060294 0.243222 0.968088
1777101652.078070641 -0.567606 4.620380 -0.043422 0.003578 -0.060280 0.243979 0.967899
1777101652.082342863 -0.567796 4.620762 -0.043628 0.003623 -0.060281 0.244542 0.967756
1777101652.087930441 -0.568058 4.621258 -0.043896 0.003656 -0.060311 0.245284 0.967566
1777101652.092069387 -0.568257 4.621625 -0.044090 0.003692 -0.060335 0.245841 0.967424
1777101652.097955942 -0.568537 4.622151 -0.044361 0.003764 -0.060369 0.246643 0.967217
1777101652.102374792 -0.568739 4.622553 -0.044565 0.003812 -0.060372 0.247259 0.967059
1777101652.107885599 -0.568983 4.623061 -0.044825 0.003858 -0.060371 0.247983 0.966874
1777101652.112642288 -0.569193 4.623503 -0.045049 0.003919 -0.060380 0.248646 0.966703
1777101652.117601871 -0.569413 4.623967 -0.045287 0.003993 -0.060394 0.249361 0.966517
1777101652.122457981 -0.569628 4.624423 -0.045527 0.004048 -0.060375 0.250088 0.966330
1777101652.128029823 -0.569881 4.624947 -0.045807 0.004108 -0.060359 0.250976 0.966101
1777101652.132082939 -0.570073 4.625327 -0.046011 0.004178 -0.060367 0.251646 0.965926
1777101652.137957573 -0.570343 4.625883 -0.046317 0.004258 -0.060365 0.252601 0.965676
1777101652.142182112 -0.570531 4.626286 -0.046544 0.004310 -0.060341 0.253277 0.965500
1777101652.147919178 -0.570788 4.626838 -0.046850 0.004382 -0.060328 0.254195 0.965260
1777101652.152123690 -0.570978 4.627244 -0.047072 0.004471 -0.060323 0.254871 0.965081
1777101652.158049345 -0.571242 4.627826 -0.047390 0.004589 -0.060301 0.255818 0.964832
1777101652.162416697 -0.571434 4.628269 -0.047630 0.004626 -0.060297 0.256481 0.964656
1777101652.162543774 -0.571440 4.628282 -0.047637 0.004628 -0.060296 0.256499 0.964651
1777101652.162391901 -0.570579 4.625715 -0.042663 0.004823 -0.060234 0.256422 0.964674
1777101652.162416697 -0.570580 4.625717 -0.042664 0.004823 -0.060234 0.256426 0.964673
1777101652.168059587 -0.570815 4.626271 -0.042934 0.004884 -0.060225 0.257257 0.964452
1777101652.172352314 -0.570994 4.626696 -0.043139 0.004941 -0.060220 0.257892 0.964283
1777101652.177942514 -0.571237 4.627256 -0.043405 0.004959 -0.060240 0.258720 0.964059
1777101652.182164192 -0.571423 4.627685 -0.043606 0.004980 -0.060246 0.259351 0.963889
1777101652.188063622 -0.571675 4.628292 -0.043889 0.005019 -0.060234 0.260196 0.963662
1777101652.192368031 -0.571857 4.628737 -0.044098 0.005047 -0.060222 0.260800 0.963500
1777101652.198151112 -0.572109 4.629335 -0.044385 0.005059 -0.060239 0.261605 0.963280
1777101652.202046156 -0.572286 4.629738 -0.044581 0.005080 -0.060251 0.262181 0.963123
1777101652.208089352 -0.572558 4.630362 -0.044882 0.005135 -0.060254 0.263031 0.962890
1777101652.212353468 -0.572751 4.630805 -0.045093 0.005186 -0.060241 0.263658 0.962719
1777101652.218039513 -0.573015 4.631401 -0.045377 0.005221 -0.060263 0.264509 0.962484
1777101652.222087622 -0.573200 4.631828 -0.045578 0.005262 -0.060277 0.265105 0.962319
1777101652.228140354 -0.573468 4.632476 -0.045878 0.005357 -0.060265 0.265996 0.962073
1777101652.232455015 -0.573658 4.632947 -0.046096 0.005363 -0.060251 0.266643 0.961895
1777101652.237992764 -0.573906 4.633553 -0.046374 0.005414 -0.060219 0.267485 0.961663
1777101652.242286205 -0.574107 4.634021 -0.046589 0.005473 -0.060202 0.268185 0.961469
1777101652.247948885 -0.574384 4.634646 -0.046878 0.005526 -0.060197 0.269114 0.961209
1777101652.252098322 -0.574589 4.635113 -0.047095 0.005555 -0.060186 0.269801 0.961017
1777101652.257961035 -0.574878 4.635785 -0.047408 0.005615 -0.060155 0.270779 0.960744
1777101652.262448072 -0.575103 4.636310 -0.047650 0.005644 -0.060129 0.271519 0.960536
1777101652.262280226 -0.574288 4.632337 -0.042984 0.005880 -0.060120 0.271287 0.960601
1777101652.262598991 -0.574304 4.632372 -0.043000 0.005882 -0.060118 0.271340 0.960586
1777101652.268019438 -0.574578 4.632970 -0.043258 0.005909 -0.060110 0.272247 0.960330
1777101652.272077084 -0.574792 4.633419 -0.043454 0.005932 -0.060123 0.272949 0.960130
1777101652.277946234 -0.575102 4.634076 -0.043740 0.005955 -0.060138 0.273944 0.959845
1777101652.282373428 -0.575334 4.634580 -0.043961 0.005940 -0.060138 0.274646 0.959645
1777101652.287966967 -0.575636 4.635215 -0.044245 0.005926 -0.060145 0.275544 0.959387
1777101652.291993380 -0.575860 4.635667 -0.044451 0.005933 -0.060167 0.276181 0.959202
1777101652.298104286 -0.576207 4.636353 -0.044768 0.005951 -0.060195 0.277154 0.958920
1777101652.301961660 -0.576429 4.636790 -0.044970 0.005940 -0.060216 0.277750 0.958746
1777101652.308139324 -0.576778 4.637493 -0.045294 0.005928 -0.060240 0.278706 0.958467
1777101652.312360048 -0.577009 4.637971 -0.045515 0.005926 -0.060254 0.279334 0.958283
1777101652.318028688 -0.577305 4.638608 -0.045809 0.005952 -0.060278 0.280178 0.958035
1777101652.322746277 -0.577535 4.639135 -0.046050 0.005942 -0.060290 0.280852 0.957837
1777101652.327915907 -0.577768 4.639704 -0.046310 0.005958 -0.060263 0.281561 0.957631
1777101652.332411051 -0.577966 4.640190 -0.046535 0.005979 -0.060240 0.282189 0.957447
1777101652.337966681 -0.578218 4.640783 -0.046816 0.006003 -0.060240 0.282988 0.957211
1777101652.342138290 -0.578408 4.641222 -0.047028 0.006048 -0.060231 0.283587 0.957034
1777101652.348102808 -0.578676 4.641847 -0.047337 0.006103 -0.060202 0.284433 0.956784
1777101652.352342844 -0.578867 4.642290 -0.047560 0.006147 -0.060180 0.285038 0.956605
1777101652.357974052 -0.579127 4.642875 -0.047860 0.006208 -0.060169 0.285857 0.956361
1777101652.362505674 -0.579341 4.643343 -0.048104 0.006286 -0.060168 0.286541 0.956156
1777101652.362655878 -0.579348 4.643358 -0.048112 0.006288 -0.060168 0.286564 0.956149
1777101652.363072872 -0.577688 4.641152 -0.043098 0.006406 -0.060049 0.286538 0.956164
1777101652.367988110 -0.577908 4.641646 -0.043331 0.006483 -0.060051 0.287282 0.955940
1777101652.372054100 -0.578094 4.642061 -0.043527 0.006530 -0.060055 0.287915 0.955749
1777101652.378104687 -0.578376 4.642687 -0.043823 0.006599 -0.060060 0.288881 0.955457
1777101652.382282257 -0.578574 4.643123 -0.044030 0.006646 -0.060057 0.289554 0.955253
1777101652.388060570 -0.578858 4.643731 -0.044326 0.006688 -0.060056 0.290513 0.954961
1777101652.392401457 -0.579082 4.644188 -0.044553 0.006717 -0.060073 0.291240 0.954738
1777101652.398045301 -0.579381 4.644783 -0.044846 0.006790 -0.060081 0.292207 0.954442
1777101652.402181149 -0.579607 4.645225 -0.045060 0.006820 -0.060096 0.292924 0.954221
1777101652.408045292 -0.579933 4.645864 -0.045362 0.006852 -0.060121 0.293931 0.953909
1777101652.412325382 -0.580168 4.646338 -0.045584 0.006863 -0.060124 0.294674 0.953680
1777101652.417891741 -0.580466 4.646965 -0.045873 0.006855 -0.060128 0.295603 0.953392
1777101652.422635078 -0.580714 4.647498 -0.046121 0.006849 -0.060129 0.296367 0.953155
1777101652.427862644 -0.580984 4.648073 -0.046395 0.006847 -0.060147 0.297211 0.952891
1777101652.432158470 -0.581202 4.648534 -0.046618 0.006875 -0.060154 0.297901 0.952675
1777101652.438114405 -0.581497 4.649167 -0.046929 0.006887 -0.060159 0.298824 0.952385
1777101652.442369938 -0.581704 4.649616 -0.047154 0.006898 -0.060156 0.299463 0.952185
1777101652.448002100 -0.581979 4.650204 -0.047451 0.006936 -0.060147 0.300306 0.951919
1777101652.452141523 -0.582182 4.650633 -0.047669 0.006956 -0.060150 0.300906 0.951730
1777101652.458195210 -0.582471 4.651259 -0.047985 0.006986 -0.060144 0.301789 0.951450
1777101652.462373257 -0.582661 4.651687 -0.048204 0.007020 -0.060127 0.302379 0.951264
1777101652.462539434 -0.582668 4.651704 -0.048212 0.007022 -0.060126 0.302402 0.951256
1777101652.462347269 -0.583580 4.649165 -0.043588 0.007084 -0.060303 0.302366 0.951256
1777101652.462373257 -0.583581 4.649168 -0.043590 0.007085 -0.060302 0.302370 0.951255
1777101652.468072653 -0.583847 4.649714 -0.043855 0.007138 -0.060277 0.303160 0.951005
1777101652.472116232 -0.584035 4.650093 -0.044046 0.007177 -0.060280 0.303724 0.950824
1777101652.478059292 -0.584309 4.650638 -0.044326 0.007272 -0.060297 0.304557 0.950556
1777101652.482436419 -0.584508 4.651034 -0.044536 0.007335 -0.060294 0.305178 0.950356
1777101652.487968206 -0.584758 4.651540 -0.044805 0.007401 -0.060280 0.305958 0.950106
1777101652.492275953 -0.584956 4.651938 -0.045018 0.007458 -0.060269 0.306562 0.949911
1777101652.497930288 -0.585212 4.652460 -0.045297 0.007566 -0.060247 0.307382 0.949647
1777101652.502182722 -0.585405 4.652855 -0.045508 0.007639 -0.060238 0.308015 0.949442
1777101652.507860899 -0.585661 4.653392 -0.045796 0.007699 -0.060228 0.308853 0.949170
1777101652.512077808 -0.585849 4.653794 -0.046012 0.007769 -0.060198 0.309489 0.948964
1777101652.517941952 -0.586128 4.654355 -0.046313 0.007859 -0.060178 0.310397 0.948668
1777101652.522598743 -0.586370 4.654804 -0.046553 0.007918 -0.060205 0.311153 0.948418
1777101652.527832270 -0.586653 4.655320 -0.046827 0.008010 -0.060229 0.312032 0.948127
1777101652.532395601 -0.586902 4.655787 -0.047068 0.008059 -0.060222 0.312794 0.947876
1777101652.538056374 -0.587219 4.656387 -0.047368 0.008084 -0.060216 0.313749 0.947560
1777101652.542304277 -0.587462 4.656840 -0.047591 0.008121 -0.060219 0.314478 0.947318
1777101652.547724247 -0.587770 4.657412 -0.047873 0.008190 -0.060234 0.315452 0.946993
1777101652.552459955 -0.588028 4.657912 -0.048120 0.008263 -0.060248 0.316290 0.946711
1777101652.557955265 -0.588314 4.658505 -0.048411 0.008326 -0.060222 0.317227 0.946399
1777101652.562342405 -0.588536 4.658988 -0.048648 0.008348 -0.060184 0.317978 0.946149
1777101652.562523365 -0.588545 4.659008 -0.048658 0.008350 -0.060183 0.318008 0.946139
1777101652.562319040 -0.587704 4.652434 -0.044392 0.008755 -0.060252 0.317850 0.946184
1777101652.562342405 -0.587705 4.652436 -0.044394 0.008755 -0.060252 0.317854 0.946183
1777101652.568120003 -0.587997 4.652996 -0.044673 0.008810 -0.060226 0.318829 0.945856
1777101652.572390556 -0.588221 4.653403 -0.044882 0.008873 -0.060233 0.319585 0.945600
1777101652.578148603 -0.588511 4.653943 -0.045169 0.008962 -0.060230 0.320580 0.945262
1777101652.582372427 -0.588708 4.654339 -0.045381 0.009016 -0.060207 0.321278 0.945026
1777101652.587989807 -0.588955 4.654871 -0.045664 0.009059 -0.060164 0.322145 0.944733
1777101652.592527866 -0.589153 4.655303 -0.045895 0.009108 -0.060134 0.322839 0.944498
1777101652.598242521 -0.589407 4.655849 -0.046189 0.009162 -0.060122 0.323723 0.944195
1777101652.602462292 -0.589595 4.656256 -0.046408 0.009196 -0.060113 0.324363 0.943976
1777101652.608183861 -0.589839 4.656813 -0.046707 0.009224 -0.060066 0.325172 0.943700
1777101652.612137794 -0.590006 4.657194 -0.046916 0.009234 -0.060037 0.325711 0.943516
1777101652.617830038 -0.590263 4.657726 -0.047217 0.009274 -0.060047 0.326480 0.943249
1777101652.621995211 -0.590461 4.658107 -0.047440 0.009313 -0.060086 0.327036 0.943054
1777101652.627895117 -0.590739 4.658651 -0.047760 0.009353 -0.060114 0.327797 0.942787
1777101652.632184505 -0.590934 4.659052 -0.047994 0.009355 -0.060122 0.328286 0.942617
1777101652.638120890 -0.591201 4.659600 -0.048314 0.009374 -0.060142 0.328976 0.942375
1777101652.642377377 -0.591389 4.659987 -0.048542 0.009387 -0.060187 0.329460 0.942202
1777101652.648072481 -0.591621 4.660511 -0.048848 0.009418 -0.060218 0.330093 0.941979
1777101652.652314901 -0.591775 4.660914 -0.049079 0.009423 -0.060200 0.330513 0.941832
1777101652.658049345 -0.591967 4.661465 -0.049397 0.009410 -0.060140 0.331041 0.941651
1777101652.662482977 -0.592114 4.661882 -0.049646 0.009426 -0.060108 0.331461 0.941505
1777101652.662605524 -0.592119 4.661893 -0.049653 0.009427 -0.060108 0.331473 0.941501
1777101652.663140535 -0.591646 4.656951 -0.043984 0.009609 -0.060061 0.331308 0.941560
1777101652.668067932 -0.591808 4.657350 -0.044225 0.009650 -0.060070 0.331802 0.941385
1777101652.672163963 -0.591942 4.657669 -0.044425 0.009700 -0.060080 0.332187 0.941248
1777101652.678091764 -0.592129 4.658123 -0.044708 0.009782 -0.060085 0.332756 0.941046
1777101652.682214260 -0.592258 4.658441 -0.044905 0.009851 -0.060083 0.333152 0.940905
1777101652.688138485 -0.592450 4.658914 -0.045192 0.009927 -0.060093 0.333753 0.940691
1777101652.692418098 -0.592594 4.659270 -0.045402 0.009995 -0.060110 0.334236 0.940517
1777101652.698173523 -0.592797 4.659781 -0.045697 0.010040 -0.060174 0.334941 0.940262
1777101652.702165365 -0.592937 4.660160 -0.045911 0.010029 -0.060222 0.335449 0.940078
1777101652.708083153 -0.593120 4.660753 -0.046236 0.009983 -0.060257 0.336229 0.939798
1777101652.712299347 -0.593223 4.661193 -0.046472 0.009925 -0.060267 0.336792 0.939596
1777101652.718128681 -0.593303 4.661808 -0.046800 0.009803 -0.060250 0.337504 0.939343
1777101652.722009182 -0.593307 4.662214 -0.047017 0.009773 -0.060195 0.337922 0.939196
1777101652.728159666 -0.593246 4.662844 -0.047358 0.009745 -0.060063 0.338478 0.939005
1777101652.732110500 -0.593173 4.663237 -0.047574 0.009770 -0.059963 0.338761 0.938909
1777101652.737988949 -0.593047 4.663802 -0.047889 0.009871 -0.059792 0.339188 0.938765
1777101652.742131948 -0.592958 4.664187 -0.048102 0.009965 -0.059692 0.339461 0.938671
1777101652.747943401 -0.592851 4.664706 -0.048388 0.010167 -0.059550 0.339894 0.938522
1777101652.752505541 -0.592792 4.665104 -0.048602 0.010328 -0.059438 0.340291 0.938383
1777101652.758230209 -0.592760 4.665603 -0.048868 0.010546 -0.059308 0.340870 0.938179
1777101652.762415648 -0.592771 4.665973 -0.049065 0.010680 -0.059234 0.341352 0.938006
1777101652.762615681 -0.592772 4.665991 -0.049074 0.010686 -0.059231 0.341379 0.937997
1777101652.762389183 -0.593998 4.663576 -0.044062 0.010581 -0.059314 0.341218 0.938051
1777101652.762415648 -0.593998 4.663578 -0.044063 0.010582 -0.059313 0.341221 0.938050
1777101652.768047094 -0.594071 4.664072 -0.044298 0.010741 -0.059235 0.341967 0.937782
1777101652.772142410 -0.594146 4.664447 -0.044478 0.010819 -0.059194 0.342535 0.937576
1777101652.777987719 -0.594263 4.665016 -0.044749 0.010869 -0.059105 0.343300 0.937301
1777101652.782469273 -0.594353 4.665481 -0.044966 0.010908 -0.059037 0.343887 0.937090
1777101652.788007498 -0.594467 4.666090 -0.045243 0.010971 -0.058935 0.344573 0.936843
1777101652.792080641 -0.594553 4.666565 -0.045449 0.011017 -0.058860 0.345079 0.936662
1777101652.798156977 -0.594712 4.667323 -0.045766 0.010949 -0.058730 0.345755 0.936421
1777101652.802478075 -0.594859 4.667904 -0.046000 0.010901 -0.058638 0.346237 0.936249
1777101652.808089495 -0.595116 4.668682 -0.046312 0.010805 -0.058593 0.346970 0.935982
1777101652.812687397 -0.595397 4.669320 -0.046574 0.010726 -0.058556 0.347570 0.935762
1777101652.818061829 -0.595796 4.670056 -0.046884 0.010656 -0.058600 0.348434 0.935439
1777101652.822200298 -0.596149 4.670611 -0.047122 0.010601 -0.058635 0.349099 0.935189
1777101652.827576876 -0.596650 4.671313 -0.047433 0.010533 -0.058705 0.349989 0.934853
1777101652.832406282 -0.597117 4.671929 -0.047711 0.010442 -0.058757 0.350821 0.934539
1777101652.838174820 -0.597674 4.672656 -0.048039 0.010384 -0.058712 0.351797 0.934175
1777101652.842384577 -0.598077 4.673184 -0.048275 0.010342 -0.058679 0.352509 0.933909
1777101652.847999811 -0.598614 4.673867 -0.048581 0.010353 -0.058510 0.353329 0.933610
1777101652.852180481 -0.599016 4.674352 -0.048800 0.010361 -0.058383 0.353939 0.933387
1777101652.858169079 -0.599651 4.674994 -0.049103 0.010622 -0.058104 0.354807 0.933072
1777101652.862533092 -0.600187 4.675415 -0.049316 0.010813 -0.057901 0.355439 0.932842
1777101652.862300634 -0.599226 4.673027 -0.044375 0.010899 -0.057765 0.355346 0.932884
1777101652.862632036 -0.599268 4.673056 -0.044388 0.010914 -0.057750 0.355394 0.932867
1777101652.868019342 -0.600047 4.673521 -0.044615 0.011102 -0.057725 0.356421 0.932475
1777101652.872114182 -0.600760 4.673866 -0.044792 0.011245 -0.057706 0.357200 0.932176
1777101652.878161669 -0.601984 4.674404 -0.045065 0.011344 -0.057923 0.358799 0.931547
1777101652.882369518 -0.602950 4.674820 -0.045266 0.011413 -0.058073 0.359911 0.931108
1777101652.888183832 -0.604361 4.675469 -0.045559 0.011155 -0.058403 0.361557 0.930452
1777101652.892186165 -0.605347 4.675972 -0.045771 0.010977 -0.058630 0.362690 0.929999
1777101652.898060560 -0.606729 4.676770 -0.046091 0.010631 -0.058998 0.363938 0.929492
1777101652.902282238 -0.607632 4.677377 -0.046323 0.010381 -0.059262 0.364834 0.929127
1777101652.907882214 -0.608728 4.678214 -0.046633 0.009900 -0.059347 0.365722 0.928777
1777101652.912451267 -0.609547 4.678921 -0.046888 0.009507 -0.059416 0.366447 0.928491
1777101652.918053389 -0.610507 4.679792 -0.047208 0.009097 -0.059513 0.367185 0.928197
1777101652.922644615 -0.611291 4.680493 -0.047482 0.008762 -0.059592 0.367790 0.927956
1777101652.928075075 -0.612146 4.681257 -0.047811 0.008565 -0.059732 0.368444 0.927689
1777101652.932839394 -0.612755 4.681822 -0.048087 0.008483 -0.059852 0.368962 0.927477
1777101652.938055277 -0.613237 4.682316 -0.048366 0.008556 -0.059924 0.369432 0.927284
1777101652.942119122 -0.613473 4.682611 -0.048571 0.008612 -0.059980 0.369799 0.927134
1777101652.948075533 -0.613667 4.682986 -0.048857 0.008815 -0.059790 0.370262 0.926959
1777101652.952161312 -0.613730 4.683240 -0.049043 0.008954 -0.059661 0.370580 0.926839
1777101652.958307028 -0.613759 4.683599 -0.049326 0.009203 -0.059452 0.371105 0.926640
1777101652.962509632 -0.613751 4.683819 -0.049530 0.009374 -0.059309 0.371465 0.926503
1777101652.962689400 -0.613750 4.683828 -0.049539 0.009381 -0.059303 0.371480 0.926498
1777101652.963100672 -0.612116 4.681005 -0.044551 0.009418 -0.059253 0.371317 0.926566
1777101652.968068600 -0.612034 4.681221 -0.044770 0.009611 -0.059080 0.371724 0.926412
1777101652.972207069 -0.611911 4.681391 -0.044964 0.009771 -0.058935 0.372063 0.926283
1777101652.978132010 -0.611722 4.681620 -0.045248 0.010115 -0.058751 0.372510 0.926111
1777101652.982196569 -0.611621 4.681764 -0.045443 0.010350 -0.058625 0.372816 0.925994
1777101652.988152266 -0.611518 4.682027 -0.045739 0.010736 -0.058603 0.373383 0.925762
1777101652.992440939 -0.611479 4.682287 -0.045964 0.011014 -0.058587 0.373790 0.925595
1777101652.998007774 -0.611463 4.682714 -0.046279 0.011089 -0.058516 0.374271 0.925405
1777101653.002166510 -0.611473 4.683098 -0.046537 0.011145 -0.058464 0.374630 0.925262
1777101653.007967472 -0.611517 4.683678 -0.046907 0.011278 -0.058416 0.375245 0.925015
1777101653.012125492 -0.611569 4.684100 -0.047169 0.011374 -0.058381 0.375685 0.924837
1777101653.018003702 -0.611641 4.684703 -0.047523 0.011307 -0.058414 0.376396 0.924546
1777101653.022603512 -0.611680 4.685187 -0.047789 0.011264 -0.058315 0.377032 0.924294
1777101653.028073788 -0.611745 4.685779 -0.048097 0.011195 -0.058187 0.377717 0.924023
1777101653.031991482 -0.611819 4.686209 -0.048309 0.011146 -0.058096 0.378208 0.923829
1777101653.038091183 -0.611968 4.686864 -0.048624 0.011037 -0.058055 0.379178 0.923435
1777101653.042313099 -0.612084 4.687292 -0.048836 0.011053 -0.057995 0.379894 0.923144
1777101653.048040867 -0.612231 4.687824 -0.049131 0.011077 -0.057928 0.380808 0.922771
1777101653.052356720 -0.612328 4.688177 -0.049354 0.011176 -0.057866 0.381475 0.922498
1777101653.057974339 -0.612445 4.688581 -0.049639 0.011399 -0.057796 0.382290 0.922163
1777101653.062324524 -0.612536 4.688876 -0.049857 0.011576 -0.057760 0.382911 0.921905
1777101653.062546253 -0.612541 4.688892 -0.049868 0.011586 -0.057756 0.382942 0.921892
1777101653.062309027 -0.611318 4.683443 -0.045121 0.011874 -0.057684 0.382819 0.921944
1777101653.062324524 -0.611319 4.683443 -0.045121 0.011874 -0.057684 0.382821 0.921943
1777101653.068114042 -0.611431 4.683800 -0.045375 0.012134 -0.057584 0.383626 0.921612
1777101653.072432041 -0.611526 4.684097 -0.045568 0.012281 -0.057476 0.384226 0.921366
1777101653.078104973 -0.611678 4.684504 -0.045821 0.012482 -0.057308 0.385047 0.921031
1777101653.082258701 -0.611817 4.684797 -0.046004 0.012650 -0.057216 0.385697 0.920763
1777101653.088060141 -0.612054 4.685196 -0.046257 0.012831 -0.057160 0.386667 0.920357
1777101653.092206240 -0.612251 4.685478 -0.046439 0.012928 -0.057118 0.387388 0.920055
1777101653.098031759 -0.612578 4.685888 -0.046703 0.013026 -0.057056 0.388418 0.919623
1777101653.102173090 -0.612858 4.686191 -0.046896 0.013046 -0.057041 0.389167 0.919307
1777101653.108222723 -0.613338 4.686647 -0.047183 0.013073 -0.057059 0.390357 0.918801
1777101653.112325668 -0.613704 4.686965 -0.047381 0.013102 -0.057099 0.391172 0.918451
1777101653.117657661 -0.614199 4.687398 -0.047645 0.013114 -0.057131 0.392216 0.918004
1777101653.122422934 -0.614640 4.687800 -0.047888 0.013071 -0.057140 0.393075 0.917636
1777101653.128012657 -0.615153 4.688266 -0.048176 0.013055 -0.057135 0.394054 0.917217
1777101653.132728338 -0.615586 4.688647 -0.048425 0.013020 -0.057169 0.394842 0.916876
1777101653.137797356 -0.616056 4.689052 -0.048698 0.013007 -0.057200 0.395678 0.916514
1777101653.142477512 -0.616500 4.689425 -0.048953 0.012980 -0.057217 0.396426 0.916190
1777101653.148092747 -0.617056 4.689869 -0.049267 0.012916 -0.057224 0.397334 0.915797
1777101653.152267933 -0.617488 4.690182 -0.049501 0.012891 -0.057248 0.398003 0.915505
1777101653.157968283 -0.618095 4.690562 -0.049811 0.012931 -0.057306 0.398918 0.915103
1777101653.162544727 -0.618592 4.690832 -0.050050 0.012984 -0.057375 0.399680 0.914765
1777101653.162660837 -0.618605 4.690839 -0.050056 0.012985 -0.057377 0.399698 0.914757
1777101653.163170815 -0.618763 4.690373 -0.045079 0.012795 -0.057265 0.399776 0.914733
1777101653.168104649 -0.619292 4.690648 -0.045294 0.012830 -0.057346 0.400549 0.914389
1777101653.172180414 -0.619717 4.690865 -0.045465 0.012911 -0.057381 0.401170 0.914113
1777101653.178003788 -0.620318 4.691169 -0.045704 0.013062 -0.057436 0.402058 0.913718
1777101653.182468414 -0.620782 4.691407 -0.045888 0.013142 -0.057512 0.402751 0.913406
1777101653.187975407 -0.621346 4.691715 -0.046116 0.013227 -0.057599 0.403583 0.913032
1777101653.192121506 -0.621757 4.691960 -0.046290 0.013318 -0.057614 0.404221 0.912748
1777101653.198081732 -0.622340 4.692341 -0.046558 0.013404 -0.057637 0.405156 0.912331
1777101653.202313185 -0.622750 4.692633 -0.046760 0.013424 -0.057664 0.405802 0.912041
1777101653.208106279 -0.623292 4.693060 -0.047044 0.013490 -0.057661 0.406704 0.911639
1777101653.212237120 -0.623672 4.693385 -0.047253 0.013533 -0.057641 0.407350 0.911351
1777101653.218158722 -0.624219 4.693883 -0.047566 0.013513 -0.057642 0.408310 0.910921
1777101653.222152948 -0.624588 4.694234 -0.047785 0.013492 -0.057639 0.408965 0.910628
1777101653.228173971 -0.625150 4.694771 -0.048115 0.013490 -0.057631 0.409974 0.910175
1777101653.232148647 -0.625525 4.695128 -0.048333 0.013478 -0.057660 0.410644 0.909871
1777101653.238160133 -0.626085 4.695659 -0.048660 0.013502 -0.057713 0.411679 0.909400
1777101653.242322445 -0.626463 4.696024 -0.048885 0.013525 -0.057747 0.412406 0.909068
1777101653.247998476 -0.626964 4.696535 -0.049195 0.013537 -0.057775 0.413385 0.908621
1777101653.252508402 -0.627352 4.696949 -0.049443 0.013550 -0.057794 0.414137 0.908277
1777101653.258002043 -0.627814 4.697457 -0.049747 0.013608 -0.057803 0.415081 0.907844
1777101653.262403488 -0.628178 4.697867 -0.049995 0.013649 -0.057816 0.415848 0.907492
1777101653.262647629 -0.628198 4.697890 -0.050009 0.013650 -0.057816 0.415890 0.907472
1777101653.262386084 -0.625283 4.686078 -0.044752 0.014414 -0.057899 0.415615 0.907582
1777101653.262403488 -0.625284 4.686079 -0.044752 0.014414 -0.057900 0.415618 0.907580
1777101653.268045902 -0.625699 4.686479 -0.045035 0.014457 -0.057904 0.416598 0.907130
1777101653.272139311 -0.625984 4.686773 -0.045242 0.014520 -0.057879 0.417291 0.906812
1777101653.278187275 -0.626395 4.687206 -0.045552 0.014607 -0.057833 0.418341 0.906329
1777101653.282369852 -0.626679 4.687504 -0.045768 0.014651 -0.057834 0.419049 0.906002
1777101653.288166761 -0.627068 4.687916 -0.046063 0.014749 -0.057827 0.420051 0.905536
1777101653.292039394 -0.627328 4.688196 -0.046260 0.014795 -0.057813 0.420738 0.905217
1777101653.298206568 -0.627746 4.688655 -0.046579 0.014820 -0.057800 0.421791 0.904728
1777101653.302161694 -0.628015 4.688952 -0.046785 0.014854 -0.057783 0.422459 0.904416
1777101653.308164120 -0.628426 4.689404 -0.047102 0.014920 -0.057764 0.423453 0.903951
1777101653.312465191 -0.628722 4.689733 -0.047332 0.014939 -0.057767 0.424147 0.903626
1777101653.318177223 -0.629109 4.690178 -0.047637 0.014946 -0.057753 0.425017 0.903217
1777101653.322164536 -0.629378 4.690491 -0.047850 0.014973 -0.057721 0.425642 0.902925
1777101653.328125000 -0.629789 4.690960 -0.048170 0.014963 -0.057722 0.426546 0.902498
1777101653.332052469 -0.630062 4.691266 -0.048380 0.014982 -0.057722 0.427144 0.902215
1777101653.337880135 -0.630464 4.691710 -0.048691 0.015050 -0.057685 0.428026 0.901798
1777101653.342209816 -0.630765 4.692035 -0.048925 0.015045 -0.057675 0.428693 0.901482
1777101653.347883940 -0.631161 4.692442 -0.049230 0.015057 -0.057648 0.429537 0.901082
1777101653.352283239 -0.631472 4.692731 -0.049463 0.015104 -0.057627 0.430231 0.900751
1777101653.358060360 -0.631892 4.693077 -0.049770 0.015185 -0.057649 0.431172 0.900298
1777101653.362555265 -0.632220 4.693328 -0.050009 0.015246 -0.057677 0.431891 0.899951
1777101653.362330914 -0.632104 4.689663 -0.044353 0.015105 -0.057490 0.431658 0.900077
1777101653.362675905 -0.632129 4.689681 -0.044369 0.015110 -0.057493 0.431713 0.900050
1777101653.367887259 -0.632496 4.689942 -0.044605 0.015206 -0.057485 0.432526 0.899659
1777101653.372436762 -0.632809 4.690169 -0.044812 0.015281 -0.057462 0.433222 0.899324
1777101653.378054857 -0.633201 4.690442 -0.045069 0.015369 -0.057465 0.434067 0.898915
1777101653.382171392 -0.633496 4.690636 -0.045255 0.015464 -0.057472 0.434708 0.898603
1777101653.388146162 -0.633932 4.690917 -0.045525 0.015609 -0.057472 0.435665 0.898137
1777101653.392265797 -0.634240 4.691116 -0.045711 0.015667 -0.057475 0.436313 0.897821
1777101653.398181915 -0.634692 4.691401 -0.045978 0.015765 -0.057478 0.437275 0.897351
1777101653.402350664 -0.635018 4.691601 -0.046166 0.015834 -0.057489 0.437978 0.897006
1777101653.407988787 -0.635468 4.691879 -0.046425 0.015907 -0.057516 0.438930 0.896538
1777101653.412151814 -0.635802 4.692095 -0.046619 0.015961 -0.057520 0.439649 0.896184
1777101653.418171167 -0.636287 4.692433 -0.046904 0.016003 -0.057504 0.440707 0.895664
1777101653.422550440 -0.636643 4.692697 -0.047115 0.016002 -0.057487 0.441474 0.895288
1777101653.428123474 -0.637099 4.693043 -0.047386 0.016008 -0.057468 0.442470 0.894797
1777101653.432198048 -0.637433 4.693299 -0.047587 0.016006 -0.057459 0.443213 0.894430
1777101653.437953711 -0.637898 4.693665 -0.047878 0.015984 -0.057437 0.444235 0.893925
1777101653.442526340 -0.638259 4.693953 -0.048111 0.015969 -0.057407 0.445027 0.893533
1777101653.447976589 -0.638689 4.694281 -0.048388 0.015965 -0.057377 0.445966 0.893066
1777101653.452172279 -0.639020 4.694512 -0.048599 0.016006 -0.057375 0.446677 0.892710
1777101653.458080530 -0.639481 4.694807 -0.048888 0.016098 -0.057396 0.447693 0.892198
1777101653.462480068 -0.639816 4.695015 -0.049102 0.016163 -0.057399 0.448426 0.891828
1777101653.462665319 -0.639830 4.695024 -0.049111 0.016165 -0.057398 0.448456 0.891814
1777101653.462455750 -0.639110 4.696292 -0.044464 0.015730 -0.057165 0.448465 0.891832
1777101653.462480068 -0.639112 4.696294 -0.044465 0.015731 -0.057165 0.448469 0.891830
1777101653.467881203 -0.639501 4.696572 -0.044692 0.015790 -0.057147 0.449315 0.891404
1777101653.472223759 -0.639802 4.696784 -0.044872 0.015883 -0.057124 0.450000 0.891058
1777101653.477978468 -0.640199 4.697049 -0.045113 0.016038 -0.057126 0.450925 0.890587
1777101653.482432842 -0.640505 4.697254 -0.045305 0.016124 -0.057153 0.451624 0.890230
1777101653.488250732 -0.640891 4.697538 -0.045559 0.016251 -0.057133 0.452525 0.889771
1777101653.492501020 -0.641171 4.697757 -0.045748 0.016335 -0.057099 0.453174 0.889442
1777101653.498030663 -0.641544 4.698048 -0.045998 0.016394 -0.057108 0.454028 0.889004
1777101653.502136946 -0.641822 4.698265 -0.046184 0.016482 -0.057116 0.454674 0.888672
1777101653.508168697 -0.642225 4.698608 -0.046467 0.016597 -0.057109 0.455631 0.888180
1777101653.512409687 -0.642503 4.698875 -0.046674 0.016620 -0.057089 0.456270 0.887853
1777101653.518043041 -0.642869 4.699249 -0.046952 0.016655 -0.057033 0.457119 0.887419
1777101653.522296906 -0.643154 4.699540 -0.047165 0.016699 -0.056999 0.457787 0.887076
1777101653.527978897 -0.643553 4.699937 -0.047453 0.016706 -0.057021 0.458698 0.886604
1777101653.534182787 -0.644003 4.700386 -0.047769 0.016735 -0.057026 0.459711 0.886078
1777101653.537924290 -0.644278 4.700666 -0.047963 0.016742 -0.057008 0.460329 0.885758
1777101653.543042183 -0.644659 4.701055 -0.048230 0.016697 -0.057014 0.461161 0.885325
1777101653.550137043 -0.645186 4.701581 -0.048596 0.016718 -0.057038 0.462330 0.884714
1777101653.552465916 -0.645358 4.701749 -0.048715 0.016742 -0.057041 0.462724 0.884507
1777101653.558125257 -0.645766 4.702162 -0.049006 0.016742 -0.057066 0.463639 0.884026
1777101653.563083172 -0.646108 4.702524 -0.049260 0.016772 -0.057060 0.464419 0.883616
1777101653.563493013 -0.646135 4.702553 -0.049281 0.016778 -0.057057 0.464485 0.883582
1777101653.563171387 -0.646711 4.700611 -0.043952 0.016781 -0.056987 0.464358 0.883653
1777101653.568170547 -0.647048 4.700953 -0.044172 0.016855 -0.056949 0.465167 0.883229
1777101653.572665691 -0.647346 4.701253 -0.044371 0.016900 -0.056946 0.465876 0.882854
1777101653.578085899 -0.647696 4.701609 -0.044609 0.017001 -0.056929 0.466746 0.882393
1777101653.582212448 -0.647954 4.701878 -0.044790 0.017093 -0.056894 0.467408 0.882044
1777101653.588243723 -0.648322 4.702277 -0.045054 0.017176 -0.056840 0.468378 0.881531
1777101653.592508316 -0.648576 4.702558 -0.045236 0.017261 -0.056794 0.469065 0.881166
1777101653.598122358 -0.648903 4.702925 -0.045472 0.017402 -0.056730 0.470005 0.880667
1777101653.602530479 -0.649153 4.703221 -0.045657 0.017479 -0.056687 0.470719 0.880287
1777101653.608123064 -0.649460 4.703608 -0.045895 0.017579 -0.056608 0.471593 0.879822
1777101653.612223148 -0.649681 4.703898 -0.046073 0.017669 -0.056520 0.472235 0.879481
1777101653.617848635 -0.649997 4.704303 -0.046324 0.017723 -0.056449 0.473103 0.879018
1777101653.622187138 -0.650249 4.704616 -0.046520 0.017787 -0.056398 0.473771 0.878660
1777101653.628137589 -0.650607 4.705040 -0.046793 0.017923 -0.056309 0.474703 0.878160
1777101653.632325172 -0.650872 4.705340 -0.046991 0.017967 -0.056279 0.475365 0.877803
1777101653.638198376 -0.651253 4.705760 -0.047273 0.018016 -0.056248 0.476262 0.877318
1777101653.642737627 -0.651550 4.706083 -0.047492 0.018090 -0.056207 0.476972 0.876933
1777101653.647999287 -0.651905 4.706459 -0.047750 0.018127 -0.056192 0.477793 0.876486
1777101653.652379990 -0.652214 4.706772 -0.047970 0.018134 -0.056206 0.478454 0.876124
1777101653.658291101 -0.652642 4.707192 -0.048268 0.018178 -0.056206 0.479373 0.875621
1777101653.662207127 -0.652935 4.707468 -0.048467 0.018189 -0.056214 0.479986 0.875284
1777101653.662380457 -0.652948 4.707480 -0.048476 0.018189 -0.056215 0.480012 0.875270
1777101653.663142443 -0.651113 4.704680 -0.043724 0.018198 -0.055916 0.479895 0.875353
1777101653.668021441 -0.651463 4.704992 -0.043945 0.018208 -0.055949 0.480641 0.874942
1777101653.672270775 -0.651768 4.705254 -0.044138 0.018252 -0.055972 0.481308 0.874572
1777101653.678206444 -0.652190 4.705620 -0.044411 0.018314 -0.055998 0.482217 0.874068
1777101653.682493925 -0.652491 4.705887 -0.044610 0.018341 -0.056017 0.482843 0.873721
1777101653.688089371 -0.652880 4.706235 -0.044866 0.018406 -0.056011 0.483682 0.873256
1777101653.692255497 -0.653172 4.706493 -0.045054 0.018453 -0.056017 0.484322 0.872899
1777101653.698117018 -0.653582 4.706854 -0.045313 0.018526 -0.056022 0.485209 0.872405
1777101653.702290297 -0.653870 4.707108 -0.045492 0.018602 -0.056004 0.485865 0.872039
1777101653.708109856 -0.654273 4.707461 -0.045743 0.018686 -0.055980 0.486798 0.871519
1777101653.712319613 -0.654568 4.707719 -0.045927 0.018745 -0.055967 0.487458 0.871149
1777101653.718175173 -0.654979 4.708082 -0.046181 0.018847 -0.055912 0.488420 0.870612
1777101653.722213745 -0.655267 4.708335 -0.046358 0.018917 -0.055868 0.489100 0.870231
1777101653.728108406 -0.655697 4.708711 -0.046621 0.018991 -0.055835 0.490086 0.869677
1777101653.732193708 -0.655997 4.708975 -0.046805 0.019065 -0.055794 0.490788 0.869282
1777101653.738156796 -0.656442 4.709371 -0.047080 0.019154 -0.055731 0.491806 0.868708
1777101653.743075132 -0.656818 4.709705 -0.047312 0.019217 -0.055690 0.492629 0.868243
1777101653.747724056 -0.657182 4.710021 -0.047533 0.019300 -0.055653 0.493447 0.867779
1777101653.752579212 -0.657579 4.710358 -0.047768 0.019357 -0.055642 0.494309 0.867288
1777101653.758117676 -0.658050 4.710751 -0.048042 0.019409 -0.055633 0.495269 0.866739
1777101653.762533426 -0.658438 4.711069 -0.048262 0.019453 -0.055625 0.496061 0.866285
1777101653.762340069 -0.659986 4.711729 -0.043333 0.019162 -0.055522 0.496146 0.866250
1777101653.762673378 -0.660017 4.711754 -0.043347 0.019165 -0.055522 0.496206 0.866216
1777101653.767891169 -0.660506 4.712149 -0.043576 0.019197 -0.055532 0.497151 0.865672
1777101653.772229195 -0.660921 4.712479 -0.043770 0.019227 -0.055550 0.497913 0.865232
1777101653.778113127 -0.661491 4.712929 -0.044033 0.019284 -0.055557 0.498979 0.864616
1777101653.782273769 -0.661899 4.713251 -0.044222 0.019308 -0.055576 0.499720 0.864186
1777101653.788109779 -0.662473 4.713704 -0.044491 0.019351 -0.055605 0.500759 0.863582
1777101653.792506933 -0.662905 4.714048 -0.044695 0.019401 -0.055614 0.501548 0.863122
1777101653.798270941 -0.663468 4.714505 -0.044965 0.019435 -0.055640 0.502565 0.862528
1777101653.802522182 -0.663879 4.714844 -0.045163 0.019481 -0.055645 0.503312 0.862091
1777101653.808080673 -0.664410 4.715289 -0.045423 0.019535 -0.055644 0.504305 0.861509
1777101653.812299013 -0.664809 4.715630 -0.045624 0.019568 -0.055649 0.505041 0.861077
1777101653.818128347 -0.665350 4.716106 -0.045903 0.019649 -0.055612 0.506055 0.860482
1777101653.822202921 -0.665724 4.716444 -0.046099 0.019692 -0.055584 0.506765 0.860065
1777101653.827948809 -0.666249 4.716925 -0.046376 0.019753 -0.055549 0.507747 0.859487
1777101653.832201004 -0.666638 4.717283 -0.046581 0.019806 -0.055512 0.508485 0.859051
1777101653.838162661 -0.667186 4.717783 -0.046870 0.019859 -0.055474 0.509530 0.858433
1777101653.842205524 -0.667561 4.718118 -0.047067 0.019907 -0.055448 0.510229 0.858018
1777101653.847784281 -0.668083 4.718575 -0.047337 0.019998 -0.055422 0.511196 0.857442
1777101653.852359533 -0.668514 4.718947 -0.047560 0.020061 -0.055407 0.511998 0.856963
1777101653.858297348 -0.669080 4.719430 -0.047850 0.020144 -0.055395 0.513022 0.856349
1777101653.862538099 -0.669490 4.719775 -0.048060 0.020203 -0.055386 0.513757 0.855908
1777101653.862731218 -0.669509 4.719791 -0.048070 0.020205 -0.055386 0.513791 0.855887
1777101653.862523079 -0.670136 4.716046 -0.043427 0.020294 -0.055427 0.513632 0.855978
1777101653.862538099 -0.670138 4.716047 -0.043427 0.020294 -0.055427 0.513635 0.855976
1777101653.868188620 -0.670697 4.716468 -0.043675 0.020362 -0.055428 0.514623 0.855381
1777101653.872221231 -0.671099 4.716772 -0.043854 0.020400 -0.055441 0.515312 0.854964
1777101653.878054142 -0.671681 4.717219 -0.044118 0.020470 -0.055424 0.516334 0.854347
1777101653.882499456 -0.672128 4.717565 -0.044324 0.020495 -0.055426 0.517094 0.853886
1777101653.888168812 -0.672701 4.718009 -0.044589 0.020561 -0.055415 0.518068 0.853295
1777101653.892253876 -0.673117 4.718329 -0.044782 0.020596 -0.055414 0.518787 0.852857
1777101653.898180008 -0.673719 4.718789 -0.045064 0.020661 -0.055422 0.519811 0.852231
1777101653.902447462 -0.674152 4.719116 -0.045267 0.020712 -0.055418 0.520564 0.851771
1777101653.908045530 -0.674719 4.719542 -0.045535 0.020755 -0.055426 0.521549 0.851166
1777101653.912511110 -0.675171 4.719879 -0.045749 0.020811 -0.055428 0.522348 0.850675
1777101653.918027639 -0.675731 4.720296 -0.046013 0.020860 -0.055432 0.523341 0.850063
1777101653.922353029 -0.676167 4.720629 -0.046221 0.020915 -0.055424 0.524118 0.849583
1777101653.928228378 -0.676752 4.721088 -0.046507 0.020987 -0.055398 0.525158 0.848941
1777101653.932151318 -0.677138 4.721397 -0.046698 0.021026 -0.055371 0.525855 0.848510
1777101653.938133717 -0.677727 4.721864 -0.046987 0.021092 -0.055345 0.526909 0.847856
1777101653.942491531 -0.678158 4.722197 -0.047198 0.021155 -0.055325 0.527681 0.847375
1777101653.947445869 -0.678648 4.722567 -0.047438 0.021233 -0.055300 0.528581 0.846814
1777101653.952219248 -0.679117 4.722917 -0.047669 0.021308 -0.055289 0.529433 0.846280
1777101653.958280325 -0.679708 4.723363 -0.047960 0.021425 -0.055264 0.530544 0.845583
1777101653.962397575 -0.680108 4.723671 -0.048157 0.021483 -0.055256 0.531262 0.845131
1777101653.962591171 -0.680126 4.723686 -0.048166 0.021486 -0.055255 0.531296 0.845109
1777101653.962383509 -0.679472 4.722453 -0.043129 0.021481 -0.055062 0.531245 0.845154
1777101653.962397575 -0.679473 4.722454 -0.043129 0.021481 -0.055062 0.531248 0.845152
1777101653.968219519 -0.680026 4.722892 -0.043369 0.021581 -0.055010 0.532288 0.844499
1777101653.972521544 -0.680440 4.723220 -0.043549 0.021625 -0.054987 0.533056 0.844014
1777101653.978073359 -0.680980 4.723644 -0.043785 0.021682 -0.054975 0.534053 0.843383
1777101653.982209682 -0.681381 4.723960 -0.043965 0.021751 -0.054952 0.534803 0.842907
1777101653.988209486 -0.681961 4.724421 -0.044232 0.021831 -0.054931 0.535862 0.842234
1777101653.992124557 -0.682336 4.724724 -0.044410 0.021873 -0.054925 0.536556 0.841791
1777101653.998156071 -0.682910 4.725195 -0.044684 0.021943 -0.054903 0.537605 0.841121
1777101654.002279758 -0.683297 4.725519 -0.044871 0.021996 -0.054890 0.538311 0.840669
1777101654.008162975 -0.683841 4.725984 -0.045139 0.022077 -0.054876 0.539319 0.840022
1777101654.012397528 -0.684229 4.726322 -0.045337 0.022111 -0.054868 0.540030 0.839564
1777101654.018064976 -0.684740 4.726780 -0.045601 0.022153 -0.054864 0.540946 0.838974
1777101654.022508860 -0.685134 4.727139 -0.045810 0.022220 -0.054832 0.541671 0.838506
1777101654.028181553 -0.685639 4.727595 -0.046084 0.022280 -0.054820 0.542582 0.837916
1777101654.032403231 -0.686011 4.727934 -0.046290 0.022339 -0.054817 0.543250 0.837482
1777101654.038236618 -0.686515 4.728405 -0.046576 0.022435 -0.054790 0.544187 0.836872
1777101654.042296410 -0.686864 4.728736 -0.046778 0.022484 -0.054782 0.544820 0.836459
1777101654.048182011 -0.687366 4.729217 -0.047066 0.022561 -0.054771 0.545732 0.835864
1777101654.052994013 -0.687770 4.729616 -0.047300 0.022638 -0.054734 0.546515 0.835352
1777101654.058046341 -0.688194 4.730047 -0.047549 0.022686 -0.054698 0.547299 0.834840
1777101654.062240839 -0.688547 4.730410 -0.047757 0.022731 -0.054670 0.547963 0.834405
1777101654.062264919 -0.687952 4.727445 -0.043353 0.022775 -0.054599 0.547964 0.834407
1777101654.062282085 -0.687953 4.727447 -0.043353 0.022775 -0.054599 0.547967 0.834405
1777101654.068100452 -0.688434 4.727921 -0.043610 0.022829 -0.054569 0.548892 0.833798
1777101654.072315216 -0.688781 4.728262 -0.043798 0.022887 -0.054537 0.549570 0.833351
1777101654.078272581 -0.689275 4.728748 -0.044062 0.022959 -0.054506 0.550538 0.832712
1777101654.082572699 -0.689635 4.729105 -0.044253 0.023019 -0.054467 0.551227 0.832257
1777101654.088158607 -0.690104 4.729581 -0.044505 0.023088 -0.054416 0.552110 0.831673
1777101654.092251539 -0.690452 4.729936 -0.044692 0.023142 -0.054386 0.552774 0.831232
1777101654.098252058 -0.690969 4.730462 -0.044967 0.023226 -0.054359 0.553744 0.830586
1777101654.102344275 -0.691322 4.730828 -0.045157 0.023283 -0.054316 0.554424 0.830134
1777101654.108219624 -0.691835 4.731356 -0.045427 0.023353 -0.054255 0.555410 0.829476
1777101654.112200975 -0.692188 4.731714 -0.045610 0.023387 -0.054236 0.556078 0.829029
1777101654.118160248 -0.692728 4.732247 -0.045893 0.023473 -0.054175 0.557138 0.828319
1777101654.122278929 -0.693113 4.732618 -0.046094 0.023510 -0.054157 0.557853 0.827837
1777101654.127878428 -0.693642 4.733127 -0.046370 0.023564 -0.054118 0.558838 0.827173
1777101654.132458448 -0.694077 4.733547 -0.046598 0.023594 -0.054074 0.559654 0.826624
1777101654.138164997 -0.694618 4.734070 -0.046882 0.023654 -0.054037 0.560651 0.825948
1777101654.142319679 -0.695012 4.734451 -0.047089 0.023713 -0.054003 0.561378 0.825455
1777101654.148190260 -0.695571 4.734998 -0.047389 0.023765 -0.053953 0.562393 0.824766
1777101654.152478456 -0.695982 4.735400 -0.047610 0.023813 -0.053920 0.563105 0.824280
1777101654.158085585 -0.696522 4.735924 -0.047900 0.023863 -0.053883 0.564068 0.823623
1777101654.162531137 -0.696951 4.736335 -0.048132 0.023893 -0.053863 0.564817 0.823109
1777101654.162729263 -0.696970 4.736353 -0.048142 0.023896 -0.053861 0.564851 0.823087
1777101654.162513494 -0.695960 4.730666 -0.043752 0.024142 -0.053877 0.564772 0.823132
1777101654.162531137 -0.695962 4.730667 -0.043753 0.024142 -0.053877 0.564775 0.823130
1777101654.168111801 -0.696487 4.731119 -0.044008 0.024211 -0.053834 0.565706 0.822492
1777101654.172170639 -0.696869 4.731449 -0.044195 0.024236 -0.053820 0.566386 0.822024
1777101654.178201437 -0.697438 4.731943 -0.044475 0.024288 -0.053782 0.567362 0.821351
1777101654.182756901 -0.697870 4.732317 -0.044688 0.024316 -0.053747 0.568083 0.820854
1777101654.187979698 -0.698371 4.732743 -0.044930 0.024356 -0.053721 0.568923 0.820273
1777101654.192524433 -0.698807 4.733111 -0.045140 0.024402 -0.053704 0.569635 0.819778
1777101654.198291540 -0.699361 4.733574 -0.045410 0.024458 -0.053679 0.570543 0.819147
1777101654.202276468 -0.699743 4.733892 -0.045599 0.024495 -0.053662 0.571159 0.818717
1777101654.208086729 -0.700304 4.734352 -0.045876 0.024560 -0.053642 0.572060 0.818087
1777101654.212253094 -0.700711 4.734679 -0.046076 0.024599 -0.053634 0.572718 0.817626
1777101654.218226671 -0.701300 4.735150 -0.046362 0.024639 -0.053632 0.573644 0.816976
1777101654.222502708 -0.701721 4.735489 -0.046569 0.024689 -0.053609 0.574317 0.816502
1777101654.228112698 -0.702275 4.735938 -0.046845 0.024726 -0.053581 0.575202 0.815880
1777101654.232223511 -0.702679 4.736270 -0.047049 0.024766 -0.053560 0.575841 0.815429
1777101654.238217354 -0.703270 4.736753 -0.047352 0.024832 -0.053527 0.576775 0.814769
1777101654.242655039 -0.703714 4.737111 -0.047579 0.024866 -0.053507 0.577467 0.814279
1777101654.248246193 -0.704281 4.737561 -0.047869 0.024927 -0.053492 0.578337 0.813661
1777101654.252213478 -0.704690 4.737877 -0.048077 0.024985 -0.053479 0.578971 0.813209
1777101654.258095026 -0.705300 4.738351 -0.048388 0.025053 -0.053471 0.579912 0.812536
1777101654.262338638 -0.705741 4.738696 -0.048617 0.025107 -0.053456 0.580587 0.812053
1777101654.262363434 -0.705744 4.738698 -0.048618 0.025107 -0.053456 0.580592 0.812050
