1777955700.838310480 -0.188180 0.315396 -0.012740 0.014074 0.250597 -0.040549 0.967139
1777955700.840775728 -0.188266 0.315400 -0.012823 0.014095 0.250499 -0.040596 0.967163
1777955700.846660614 -0.188522 0.315414 -0.013026 0.014135 0.250185 -0.040696 0.967239
1777955700.851074934 -0.188747 0.315435 -0.013183 0.014148 0.249943 -0.040759 0.967299
1777955700.856623888 -0.189045 0.315485 -0.013381 0.014167 0.249677 -0.040891 0.967362
1777955700.861066580 -0.189284 0.315546 -0.013539 0.014193 0.249500 -0.041039 0.967401
1777955700.866630793 -0.189572 0.315656 -0.013734 0.014208 0.249325 -0.041216 0.967438
1777955700.870801926 -0.189774 0.315764 -0.013878 0.014184 0.249214 -0.041318 0.967463
1777955700.876554489 -0.190026 0.315946 -0.014070 0.014107 0.249096 -0.041413 0.967490
1777955700.881013632 -0.190200 0.316105 -0.014216 0.014037 0.249040 -0.041485 0.967502
1777955700.886659622 -0.190395 0.316317 -0.014399 0.013948 0.248978 -0.041588 0.967515
1777955700.891192436 -0.190536 0.316487 -0.014543 0.013875 0.248949 -0.041665 0.967521
1777955700.896765947 -0.190694 0.316677 -0.014721 0.013816 0.248963 -0.041788 0.967512
1777955700.900846720 -0.190801 0.316793 -0.014858 0.013826 0.248995 -0.041952 0.967497
1777955700.906625271 -0.190949 0.316915 -0.015062 0.013886 0.249023 -0.042192 0.967478
1777955700.910741568 -0.191056 0.316974 -0.015212 0.013920 0.249041 -0.042255 0.967470
1777955700.916685820 -0.191216 0.317027 -0.015427 0.013935 0.249062 -0.042200 0.967467
1777955700.920808077 -0.191324 0.317045 -0.015575 0.013960 0.249053 -0.042173 0.967471
1777955700.926690340 -0.191465 0.317064 -0.015788 0.014011 0.249030 -0.042245 0.967473
1777955700.930949211 -0.191557 0.317082 -0.015943 0.014053 0.249026 -0.042355 0.967468
1777955700.936512470 -0.191666 0.317119 -0.016150 0.014095 0.249020 -0.042510 0.967462
1777955700.938829660 -0.191710 0.317140 -0.016238 0.014102 0.249017 -0.042541 0.967462
1777955700.938691854 -0.191025 0.316477 -0.012750 0.014279 0.249020 -0.042698 0.967451
1777955700.940989733 -0.191065 0.316496 -0.012826 0.014286 0.249017 -0.042729 0.967451
1777955700.946521044 -0.191158 0.316554 -0.013008 0.014270 0.249007 -0.042695 0.967455
1777955700.950819254 -0.191226 0.316608 -0.013148 0.014241 0.248970 -0.042627 0.967468
1777955700.956558228 -0.191306 0.316691 -0.013336 0.014211 0.248907 -0.042537 0.967489
1777955700.961078167 -0.191356 0.316762 -0.013489 0.014199 0.248854 -0.042515 0.967503
1777955700.966720819 -0.191400 0.316853 -0.013685 0.014196 0.248787 -0.042529 0.967520
1777955700.970740080 -0.191419 0.316913 -0.013825 0.014187 0.248755 -0.042530 0.967528
1777955700.976767063 -0.191426 0.316986 -0.014033 0.014156 0.248719 -0.042491 0.967540
1777955700.980999947 -0.191412 0.317022 -0.014180 0.014131 0.248674 -0.042426 0.967554
1777955700.986884117 -0.191359 0.317053 -0.014389 0.014088 0.248600 -0.042304 0.967579
1777955700.991006374 -0.191296 0.317063 -0.014536 0.014068 0.248573 -0.042227 0.967590
1777955700.996596813 -0.191178 0.317069 -0.014735 0.014058 0.248597 -0.042151 0.967587
1777955701.001094580 -0.191056 0.317072 -0.014896 0.014076 0.248668 -0.042119 0.967570
1777955701.006778955 -0.190872 0.317075 -0.015106 0.014127 0.248801 -0.042111 0.967536
1777955701.010835886 -0.190726 0.317081 -0.015262 0.014166 0.248890 -0.042076 0.967514
1777955701.016556978 -0.190503 0.317103 -0.015486 0.014168 0.248993 -0.041962 0.967492
1777955701.020686626 -0.190332 0.317132 -0.015647 0.014143 0.249062 -0.041872 0.967479
1777955701.026664972 -0.190071 0.317200 -0.015876 0.014097 0.249157 -0.041786 0.967459
1777955701.030863285 -0.189882 0.317265 -0.016034 0.014065 0.249232 -0.041769 0.967440
1777955701.036647558 -0.189620 0.317373 -0.016255 0.014021 0.249306 -0.041776 0.967422
1777955701.038694143 -0.189528 0.317416 -0.016335 0.014003 0.249317 -0.041770 0.967419
1777955701.038553238 -0.189171 0.315915 -0.012886 0.014266 0.249283 -0.041880 0.967420
1777955701.040698051 -0.189074 0.315953 -0.012961 0.014247 0.249295 -0.041873 0.967417
1777955701.046812296 -0.188800 0.316069 -0.013176 0.014166 0.249314 -0.041796 0.967417
1777955701.051109314 -0.188610 0.316152 -0.013329 0.014108 0.249330 -0.041719 0.967417
1777955701.056699753 -0.188365 0.316249 -0.013530 0.014062 0.249367 -0.041664 0.967410
1777955701.060897827 -0.188184 0.316310 -0.013684 0.014055 0.249408 -0.041654 0.967400
1777955701.066635847 -0.187945 0.316376 -0.013899 0.014051 0.249480 -0.041630 0.967383
1777955701.070852995 -0.187777 0.316408 -0.014060 0.014050 0.249521 -0.041587 0.967374
1777955701.076659679 -0.187553 0.316424 -0.014284 0.014061 0.249548 -0.041520 0.967370
1777955701.080723286 -0.187404 0.316415 -0.014438 0.014075 0.249572 -0.041461 0.967366
1777955701.086619854 -0.187200 0.316383 -0.014656 0.014074 0.249649 -0.041349 0.967351
1777955701.091187000 -0.187053 0.316350 -0.014821 0.014079 0.249717 -0.041273 0.967336
1777955701.096716642 -0.186890 0.316313 -0.015019 0.014098 0.249810 -0.041237 0.967314
1777955701.100995779 -0.186778 0.316293 -0.015169 0.014127 0.249902 -0.041235 0.967290
1777955701.106840611 -0.186659 0.316283 -0.015375 0.014169 0.250027 -0.041231 0.967257
1777955701.111115694 -0.186601 0.316290 -0.015527 0.014195 0.250092 -0.041210 0.967240
1777955701.116770506 -0.186568 0.316323 -0.015727 0.014205 0.250168 -0.041146 0.967223
1777955701.120986938 -0.186576 0.316367 -0.015876 0.014196 0.250214 -0.041115 0.967213
1777955701.126678467 -0.186630 0.316458 -0.016078 0.014174 0.250233 -0.041131 0.967208
1777955701.130923748 -0.186702 0.316549 -0.016229 0.014152 0.250210 -0.041192 0.967211
1777955701.136657953 -0.186846 0.316695 -0.016436 0.014115 0.250133 -0.041311 0.967227
1777955701.138290644 -0.186896 0.316741 -0.016495 0.014108 0.250105 -0.041349 0.967233
1777955701.137982607 -0.187324 0.315916 -0.012882 0.014213 0.249981 -0.041491 0.967257
1777955701.140851498 -0.187425 0.315993 -0.012972 0.014201 0.249932 -0.041557 0.967267
1777955701.146749735 -0.187668 0.316158 -0.013161 0.014166 0.249797 -0.041669 0.967297
1777955701.151064634 -0.187871 0.316280 -0.013301 0.014140 0.249670 -0.041742 0.967328
1777955701.156578302 -0.188150 0.316433 -0.013485 0.014119 0.249489 -0.041863 0.967369
1777955701.161264658 -0.188398 0.316558 -0.013645 0.014126 0.249339 -0.041995 0.967402
1777955701.166796923 -0.188692 0.316696 -0.013836 0.014156 0.249165 -0.042193 0.967438
1777955701.170994759 -0.188912 0.316794 -0.013983 0.014192 0.249034 -0.042344 0.967465
1777955701.176694393 -0.189194 0.316916 -0.014184 0.014228 0.248871 -0.042509 0.967499
1777955701.180837393 -0.189382 0.316998 -0.014329 0.014238 0.248760 -0.042592 0.967523
1777955701.186598539 -0.189610 0.317104 -0.014529 0.014231 0.248615 -0.042667 0.967558
1777955701.191298485 -0.189760 0.317186 -0.014690 0.014214 0.248529 -0.042720 0.967578
1777955701.196682453 -0.189891 0.317277 -0.014873 0.014190 0.248480 -0.042783 0.967588
1777955701.200808048 -0.189961 0.317346 -0.015014 0.014169 0.248477 -0.042844 0.967586
1777955701.207084894 -0.190023 0.317443 -0.015234 0.014157 0.248504 -0.042924 0.967576
1777955701.211091042 -0.190037 0.317500 -0.015381 0.014161 0.248534 -0.042944 0.967567
1777955701.216641665 -0.190027 0.317568 -0.015589 0.014153 0.248583 -0.042911 0.967556
1777955701.220868587 -0.189999 0.317613 -0.015749 0.014142 0.248625 -0.042852 0.967548
1777955701.226640940 -0.189932 0.317666 -0.015967 0.014106 0.248695 -0.042768 0.967534
1777955701.231097698 -0.189858 0.317702 -0.016133 0.014076 0.248759 -0.042722 0.967520
1777955701.236801147 -0.189742 0.317742 -0.016345 0.014031 0.248855 -0.042681 0.967498
1777955701.238716125 -0.189698 0.317754 -0.016416 0.014016 0.248886 -0.042668 0.967491
1777955701.238442183 -0.191261 0.316816 -0.012848 0.014299 0.248753 -0.042806 0.967515
1777955701.241024256 -0.191209 0.316826 -0.012932 0.014280 0.248795 -0.042789 0.967505
1777955701.246669054 -0.191090 0.316843 -0.013117 0.014239 0.248879 -0.042718 0.967487
1777955701.250815630 -0.191000 0.316855 -0.013256 0.014209 0.248934 -0.042638 0.967477
1777955701.256823540 -0.190871 0.316874 -0.013461 0.014163 0.249001 -0.042493 0.967467
1777955701.260956049 -0.190783 0.316892 -0.013606 0.014139 0.249038 -0.042398 0.967462
1777955701.266703844 -0.190664 0.316925 -0.013813 0.014126 0.249080 -0.042305 0.967455
1777955701.270947695 -0.190579 0.316956 -0.013969 0.014124 0.249111 -0.042265 0.967449
1777955701.276736021 -0.190469 0.317007 -0.014186 0.014116 0.249141 -0.042212 0.967444
1777955701.280762196 -0.190398 0.317047 -0.014338 0.014104 0.249154 -0.042158 0.967443
1777955701.286785841 -0.190298 0.317114 -0.014563 0.014068 0.249156 -0.042053 0.967448
1777955701.291143656 -0.190229 0.317165 -0.014723 0.014031 0.249151 -0.041972 0.967453
1777955701.296674013 -0.190145 0.317232 -0.014926 0.013990 0.249136 -0.041880 0.967462
1777955701.300843477 -0.190084 0.317281 -0.015079 0.013965 0.249124 -0.041833 0.967467
1777955701.306612730 -0.190001 0.317342 -0.015293 0.013946 0.249122 -0.041794 0.967469
1777955701.310682774 -0.189944 0.317380 -0.015447 0.013953 0.249132 -0.041774 0.967468
1777955701.316832304 -0.189862 0.317426 -0.015685 0.013984 0.249163 -0.041737 0.967461
1777955701.321059465 -0.189808 0.317452 -0.015849 0.014019 0.249192 -0.041704 0.967454
1777955701.326807737 -0.189737 0.317483 -0.016070 0.014051 0.249244 -0.041649 0.967443
1777955701.330921650 -0.189688 0.317506 -0.016225 0.014061 0.249288 -0.041609 0.967433
1777955701.336610317 -0.189627 0.317543 -0.016435 0.014067 0.249356 -0.041569 0.967417
1777955701.338755846 -0.189607 0.317559 -0.016513 0.014068 0.249382 -0.041562 0.967411
1777955701.338724136 -0.189668 0.315875 -0.013620 0.014311 0.249398 -0.041662 0.967399
1777955701.341021061 -0.189648 0.315886 -0.013696 0.014312 0.249427 -0.041654 0.967392
1777955701.346595764 -0.189617 0.315920 -0.013880 0.014311 0.249488 -0.041653 0.967376
1777955701.350746870 -0.189608 0.315954 -0.014020 0.014312 0.249516 -0.041662 0.967368
1777955701.356722116 -0.189622 0.316020 -0.014226 0.014303 0.249535 -0.041686 0.967362
1777955701.360531092 -0.189649 0.316073 -0.014360 0.014293 0.249534 -0.041700 0.967362
1777955701.366899729 -0.189723 0.316178 -0.014588 0.014271 0.249512 -0.041724 0.967367
1777955701.371086121 -0.189791 0.316256 -0.014740 0.014259 0.249489 -0.041761 0.967372
1777955701.376718998 -0.189906 0.316370 -0.014946 0.014251 0.249441 -0.041832 0.967381
1777955701.380930424 -0.190005 0.316460 -0.015101 0.014240 0.249396 -0.041893 0.967390
1777955701.386700153 -0.190156 0.316584 -0.015310 0.014210 0.249326 -0.041983 0.967405
1777955701.391045332 -0.190278 0.316675 -0.015466 0.014185 0.249267 -0.042045 0.967418
1777955701.396780252 -0.190445 0.316790 -0.015670 0.014149 0.249187 -0.042120 0.967436
1777955701.400984764 -0.190570 0.316868 -0.015820 0.014121 0.249121 -0.042173 0.967451
1777955701.406599283 -0.190736 0.316961 -0.016025 0.014096 0.249033 -0.042246 0.967471
1777955701.410774946 -0.190855 0.317023 -0.016182 0.014091 0.248973 -0.042307 0.967483
1777955701.416646242 -0.191011 0.317098 -0.016409 0.014111 0.248891 -0.042392 0.967501
1777955701.420738220 -0.191110 0.317144 -0.016571 0.014133 0.248852 -0.042441 0.967508
1777955701.426666975 -0.191234 0.317206 -0.016804 0.014154 0.248821 -0.042491 0.967513
1777955701.430825472 -0.191304 0.317247 -0.016966 0.014156 0.248813 -0.042508 0.967515
1777955701.436667681 -0.191379 0.317304 -0.017189 0.014136 0.248826 -0.042499 0.967512
1777955701.438745499 -0.191400 0.317324 -0.017267 0.014129 0.248831 -0.042497 0.967511
1777955701.438603640 -0.190643 0.316145 -0.013347 0.014322 0.248857 -0.042644 0.967495
1777955701.440947056 -0.190659 0.316163 -0.013423 0.014314 0.248862 -0.042641 0.967494
1777955701.446876764 -0.190685 0.316209 -0.013615 0.014286 0.248900 -0.042614 0.967486
1777955701.451051235 -0.190693 0.316244 -0.013753 0.014267 0.248927 -0.042594 0.967480
1777955701.456680298 -0.190691 0.316293 -0.013942 0.014247 0.248966 -0.042567 0.967471
1777955701.460898161 -0.190682 0.316333 -0.014087 0.014233 0.248995 -0.042547 0.967465
1777955701.466585159 -0.190665 0.316387 -0.014286 0.014218 0.249029 -0.042499 0.967459
1777955701.470944881 -0.190651 0.316428 -0.014443 0.014207 0.249054 -0.042462 0.967454
1777955701.476433754 -0.190631 0.316480 -0.014646 0.014196 0.249080 -0.042423 0.967449
1777955701.480713606 -0.190614 0.316520 -0.014805 0.014194 0.249098 -0.042397 0.967446
1777955701.486601353 -0.190591 0.316574 -0.015024 0.014166 0.249112 -0.042357 0.967444
1777955701.491040230 -0.190572 0.316614 -0.015188 0.014145 0.249122 -0.042328 0.967443
1777955701.496628761 -0.190548 0.316664 -0.015394 0.014093 0.249121 -0.042275 0.967447
1777955701.500962257 -0.190529 0.316703 -0.015555 0.014053 0.249121 -0.042234 0.967449
1777955701.506710529 -0.190505 0.316755 -0.015772 0.014021 0.249114 -0.042173 0.967454
1777955701.510756016 -0.190487 0.316793 -0.015928 0.013999 0.249108 -0.042130 0.967458
1777955701.516561508 -0.190460 0.316849 -0.016157 0.014005 0.249102 -0.042091 0.967461
1777955701.520739079 -0.190439 0.316891 -0.016325 0.014010 0.249098 -0.042063 0.967463
1777955701.526678562 -0.190402 0.316953 -0.016564 0.013993 0.249108 -0.042026 0.967462
1777955701.530815601 -0.190372 0.316997 -0.016729 0.013982 0.249115 -0.042000 0.967462
1777955701.536644459 -0.190323 0.317058 -0.016958 0.013933 0.249142 -0.041943 0.967458
1777955701.538680077 -0.190305 0.317079 -0.017037 0.013916 0.249151 -0.041923 0.967457
1777955701.538616180 -0.189810 0.315514 -0.013669 0.014168 0.249161 -0.042039 0.967446
1777955701.540781498 -0.189787 0.315528 -0.013743 0.014150 0.249170 -0.042018 0.967444
1777955701.546813965 -0.189724 0.315564 -0.013949 0.014124 0.249215 -0.041971 0.967435
1777955701.550951242 -0.189680 0.315586 -0.014090 0.014106 0.249246 -0.041939 0.967429
1777955701.556758881 -0.189624 0.315612 -0.014291 0.014108 0.249309 -0.041913 0.967414
1777955701.560736656 -0.189591 0.315628 -0.014431 0.014110 0.249353 -0.041895 0.967403
1777955701.566691399 -0.189553 0.315652 -0.014643 0.014128 0.249410 -0.041872 0.967389
1777955701.570727587 -0.189537 0.315669 -0.014789 0.014140 0.249450 -0.041857 0.967379
1777955701.576655865 -0.189530 0.315700 -0.015006 0.014158 0.249486 -0.041855 0.967370
1777955701.581143379 -0.189539 0.315730 -0.015171 0.014172 0.249513 -0.041853 0.967363
1777955701.586731672 -0.189569 0.315779 -0.015375 0.014181 0.249528 -0.041868 0.967358
1777955701.591204882 -0.189607 0.315828 -0.015537 0.014188 0.249539 -0.041879 0.967355
1777955701.596739292 -0.189672 0.315903 -0.015737 0.014165 0.249509 -0.041905 0.967362
1777955701.600718737 -0.189730 0.315966 -0.015881 0.014148 0.249488 -0.041924 0.967367
1777955701.606795788 -0.189838 0.316072 -0.016102 0.014114 0.249421 -0.041967 0.967383
1777955701.611099005 -0.189926 0.316153 -0.016262 0.014089 0.249373 -0.041998 0.967394
1777955701.616611958 -0.190050 0.316260 -0.016472 0.014084 0.249303 -0.042053 0.967410
1777955701.620899916 -0.190154 0.316342 -0.016640 0.014080 0.249248 -0.042097 0.967422
1777955701.626599789 -0.190294 0.316450 -0.016865 0.014093 0.249159 -0.042165 0.967441
1777955701.630799294 -0.190394 0.316525 -0.017031 0.014103 0.249094 -0.042216 0.967456
1777955701.636724472 -0.190526 0.316624 -0.017262 0.014081 0.249022 -0.042262 0.967473
1777955701.638757944 -0.190567 0.316655 -0.017340 0.014074 0.248998 -0.042277 0.967479
1777955701.638424397 -0.190119 0.316177 -0.013870 0.014197 0.248983 -0.042387 0.967476
1777955701.640878677 -0.190165 0.316210 -0.013952 0.014188 0.248953 -0.042406 0.967483
1777955701.646796465 -0.190262 0.316282 -0.014150 0.014170 0.248921 -0.042432 0.967490
1777955701.650753021 -0.190314 0.316323 -0.014283 0.014158 0.248899 -0.042449 0.967495
1777955701.656596661 -0.190373 0.316377 -0.014482 0.014147 0.248903 -0.042466 0.967494
1777955701.661105871 -0.190404 0.316415 -0.014638 0.014138 0.248906 -0.042479 0.967492
1777955701.666624069 -0.190427 0.316459 -0.014832 0.014143 0.248940 -0.042477 0.967484
1777955701.670825481 -0.190434 0.316492 -0.014983 0.014147 0.248966 -0.042475 0.967477
1777955701.676723480 -0.190432 0.316539 -0.015199 0.014147 0.249024 -0.042445 0.967463
1777955701.680843592 -0.190424 0.316574 -0.015351 0.014147 0.249065 -0.042424 0.967454
1777955701.686755180 -0.190405 0.316629 -0.015571 0.014127 0.249112 -0.042396 0.967443
1777955701.691196442 -0.190387 0.316674 -0.015735 0.014101 0.249141 -0.042377 0.967437
1777955701.696664810 -0.190364 0.316732 -0.015935 0.014067 0.249171 -0.042349 0.967431
1777955701.700662851 -0.190347 0.316777 -0.016080 0.014042 0.249193 -0.042330 0.967427
1777955701.706701040 -0.190324 0.316846 -0.016302 0.013993 0.249211 -0.042291 0.967424
1777955701.710699797 -0.190312 0.316891 -0.016450 0.013960 0.249222 -0.042265 0.967423
1777955701.716710091 -0.190301 0.316957 -0.016679 0.013946 0.249217 -0.042229 0.967426
1777955701.721074820 -0.190298 0.317003 -0.016851 0.013942 0.249213 -0.042206 0.967428
1777955701.726576090 -0.190299 0.317059 -0.017072 0.013949 0.249207 -0.042188 0.967430
1777955701.730814457 -0.190302 0.317103 -0.017242 0.013949 0.249210 -0.042172 0.967430
1777955701.736695528 -0.190305 0.317165 -0.017476 0.013939 0.249204 -0.042144 0.967433
1777955701.738551140 -0.190306 0.317185 -0.017549 0.013931 0.249200 -0.042132 0.967435
1777955701.738353014 -0.189930 0.315661 -0.014378 0.014194 0.249212 -0.042196 0.967425
1777955701.740849018 -0.189929 0.315678 -0.014465 0.014183 0.249206 -0.042180 0.967428
1777955701.746654272 -0.189926 0.315722 -0.014667 0.014156 0.249189 -0.042142 0.967434
1777955701.750952244 -0.189924 0.315756 -0.014817 0.014133 0.249184 -0.042113 0.967437
1777955701.756655693 -0.189919 0.315803 -0.015017 0.014114 0.249176 -0.042087 0.967440
1777955701.760942221 -0.189914 0.315840 -0.015169 0.014096 0.249177 -0.042073 0.967441
1777955701.766782284 -0.189908 0.315892 -0.015378 0.014079 0.249181 -0.042053 0.967441
1777955701.770796537 -0.189903 0.315927 -0.015525 0.014076 0.249188 -0.042046 0.967440
1777955701.776625633 -0.189899 0.315977 -0.015741 0.014094 0.249196 -0.042041 0.967437
1777955701.780980349 -0.189899 0.316013 -0.015903 0.014100 0.249212 -0.042036 0.967434
1777955701.786854744 -0.189900 0.316062 -0.016122 0.014105 0.249230 -0.042043 0.967428
1777955701.791148186 -0.189904 0.316097 -0.016281 0.014107 0.249242 -0.042058 0.967425
1777955701.796846867 -0.189912 0.316147 -0.016488 0.014092 0.249248 -0.042092 0.967422
1777955701.800756216 -0.189920 0.316183 -0.016628 0.014079 0.249259 -0.042125 0.967418
1777955701.806760311 -0.189942 0.316243 -0.016846 0.014062 0.249255 -0.042191 0.967416
1777955701.810942888 -0.189964 0.316288 -0.017002 0.014043 0.249243 -0.042235 0.967418
1777955701.816834927 -0.190004 0.316353 -0.017224 0.014036 0.249165 -0.042323 0.967434
1777955701.821399689 -0.190043 0.316396 -0.017393 0.014055 0.249089 -0.042453 0.967448
1777955701.826673031 -0.190094 0.316433 -0.017595 0.014095 0.249066 -0.042641 0.967445
1777955701.832396984 -0.190147 0.316462 -0.017842 0.014129 0.248974 -0.042898 0.967456
1777955701.836687088 -0.190175 0.316476 -0.018045 0.014154 0.248834 -0.043107 0.967483
1777955701.838576555 -0.190182 0.316481 -0.018136 0.014148 0.248747 -0.043182 0.967502
1777955701.838433027 -0.189534 0.315423 -0.013317 0.014325 0.248692 -0.043346 0.967506
1777955701.841039181 -0.189537 0.315424 -0.013422 0.014316 0.248572 -0.043450 0.967533
1777955701.846781731 -0.189501 0.315428 -0.013646 0.014257 0.248353 -0.043655 0.967580
1777955701.851077557 -0.189424 0.315435 -0.013810 0.014243 0.248255 -0.043905 0.967594
1777955701.856638432 -0.189250 0.315456 -0.014013 0.014244 0.248245 -0.044300 0.967579
1777955701.861426592 -0.189034 0.315483 -0.014173 0.014237 0.248409 -0.044602 0.967523
1777955701.866712809 -0.188736 0.315505 -0.014332 0.014257 0.248699 -0.044934 0.967433
1777955701.870828152 -0.188477 0.315506 -0.014448 0.014278 0.248988 -0.045108 0.967350
1777955701.876626253 -0.188111 0.315479 -0.014609 0.014269 0.249459 -0.045148 0.967227
1777955701.881065369 -0.187852 0.315435 -0.014735 0.014237 0.249804 -0.045043 0.967143
1777955701.886623383 -0.187577 0.315351 -0.014903 0.014243 0.250180 -0.044965 0.967050
1777955701.890944242 -0.187411 0.315270 -0.015045 0.014312 0.250371 -0.045078 0.966994
1777955701.896769762 -0.187271 0.315163 -0.015253 0.014435 0.250450 -0.045393 0.966957
1777955701.900723934 -0.187234 0.315095 -0.015403 0.014520 0.250376 -0.045665 0.966962
1777955701.906543493 -0.187257 0.314996 -0.015632 0.014635 0.250128 -0.046082 0.967005
1777955701.910764933 -0.187322 0.314921 -0.015803 0.014729 0.249887 -0.046362 0.967052
1777955701.916575670 -0.187450 0.314811 -0.016042 0.014839 0.249520 -0.046650 0.967132
1777955701.920687675 -0.187555 0.314737 -0.016210 0.014894 0.249269 -0.046764 0.967190
1777955701.926723480 -0.187690 0.314647 -0.016453 0.014973 0.248892 -0.046944 0.967277
1777955701.930943966 -0.187753 0.314599 -0.016615 0.015047 0.248674 -0.047178 0.967321
1777955701.936357975 -0.187774 0.314551 -0.016814 0.015158 0.248488 -0.047617 0.967345
1777955701.938734055 -0.187759 0.314533 -0.016898 0.015190 0.248441 -0.047807 0.967347
1777955701.938623428 -0.184412 0.311322 -0.013177 0.015538 0.248595 -0.047897 0.967298
1777955701.940924168 -0.184371 0.311288 -0.013246 0.015569 0.248550 -0.048081 0.967300
1777955701.946735382 -0.184205 0.311194 -0.013414 0.015596 0.248511 -0.048466 0.967290
1777955701.951096773 -0.184024 0.311112 -0.013537 0.015609 0.248536 -0.048697 0.967272
1777955701.956562996 -0.183736 0.311003 -0.013691 0.015601 0.248631 -0.048908 0.967237
1777955701.960885048 -0.183464 0.310923 -0.013817 0.015585 0.248766 -0.049069 0.967194
1777955701.966740370 -0.183039 0.310826 -0.014001 0.015606 0.248948 -0.049469 0.967127
1777955701.970834970 -0.182709 0.310764 -0.014139 0.015661 0.249082 -0.049893 0.967070
1777955701.976641417 -0.182219 0.310674 -0.014344 0.015756 0.249352 -0.050573 0.966963
1777955701.981071472 -0.181842 0.310595 -0.014507 0.015822 0.249560 -0.051018 0.966885
1777955701.986569643 -0.181383 0.310479 -0.014717 0.015883 0.249757 -0.051426 0.966811
1777955701.991037607 -0.181022 0.310369 -0.014886 0.015920 0.249892 -0.051688 0.966762
1777955701.996711254 -0.180578 0.310219 -0.015093 0.015988 0.250086 -0.052030 0.966692
1777955702.000960588 -0.180257 0.310106 -0.015243 0.016050 0.250228 -0.052350 0.966637
1777955702.006778955 -0.179845 0.309951 -0.015442 0.016151 0.250414 -0.052873 0.966559
1777955702.011034012 -0.179570 0.309833 -0.015585 0.016245 0.250548 -0.053282 0.966500
1777955702.016595364 -0.179262 0.309668 -0.015769 0.016366 0.250718 -0.053745 0.966429
1777955702.020890713 -0.179071 0.309535 -0.015916 0.016451 0.250807 -0.053972 0.966391
1777955702.026638031 -0.178878 0.309359 -0.016128 0.016551 0.250805 -0.054197 0.966378
1777955702.030875444 -0.178778 0.309233 -0.016292 0.016649 0.250763 -0.054392 0.966376
1777955702.036604643 -0.178693 0.309078 -0.016515 0.016806 0.250729 -0.054742 0.966362
1777955702.038728237 -0.178676 0.309026 -0.016597 0.016867 0.250705 -0.054893 0.966359
1777955702.038423061 -0.180943 0.309426 -0.013112 0.016948 0.250423 -0.055012 0.966424
1777955702.040686369 -0.180944 0.309375 -0.013187 0.017013 0.250398 -0.055172 0.966420
1777955702.046536922 -0.180985 0.309257 -0.013375 0.017160 0.250291 -0.055564 0.966423
1777955702.050954342 -0.181050 0.309181 -0.013513 0.017252 0.250202 -0.055798 0.966431
1777955702.056768656 -0.181174 0.309098 -0.013690 0.017338 0.250102 -0.056028 0.966442
1777955702.061043024 -0.181289 0.309050 -0.013818 0.017404 0.250026 -0.056203 0.966450
1777955702.066621065 -0.181470 0.309003 -0.013987 0.017486 0.249938 -0.056469 0.966456
1777955702.070761204 -0.181625 0.308979 -0.014117 0.017550 0.249865 -0.056675 0.966461
1777955702.076586962 -0.181865 0.308962 -0.014311 0.017631 0.249708 -0.057034 0.966479
1777955702.080725431 -0.182044 0.308956 -0.014457 0.017716 0.249546 -0.057348 0.966501
1777955702.086637259 -0.182301 0.308955 -0.014672 0.017843 0.249268 -0.057855 0.966540
1777955702.091185570 -0.182492 0.308961 -0.014839 0.017918 0.249072 -0.058200 0.966569
1777955702.096696377 -0.182698 0.308982 -0.015040 0.017958 0.248848 -0.058546 0.966605
1777955702.100698709 -0.182817 0.309007 -0.015184 0.017960 0.248700 -0.058789 0.966628
1777955702.106688261 -0.182929 0.309050 -0.015397 0.017985 0.248549 -0.059232 0.966639
1777955702.110890865 -0.182957 0.309079 -0.015547 0.018008 0.248494 -0.059572 0.966632
1777955702.116708755 -0.182931 0.309108 -0.015760 0.018000 0.248484 -0.059935 0.966612
1777955702.120848179 -0.182869 0.309116 -0.015918 0.017978 0.248509 -0.060113 0.966595
1777955702.126689434 -0.182720 0.309095 -0.016146 0.017974 0.248607 -0.060336 0.966556
1777955702.130742073 -0.182577 0.309055 -0.016307 0.018017 0.248724 -0.060531 0.966513
1777955702.136734247 -0.182322 0.308966 -0.016541 0.018091 0.248956 -0.060795 0.966436
1777955702.138993502 -0.182215 0.308925 -0.016629 0.018111 0.249055 -0.060875 0.966404
1777955702.138895988 -0.182891 0.308657 -0.013111 0.018242 0.248981 -0.060952 0.966416
1777955702.140794039 -0.182802 0.308618 -0.013175 0.018259 0.249064 -0.061019 0.966390
1777955702.146673441 -0.182514 0.308479 -0.013364 0.018301 0.249351 -0.061207 0.966304
1777955702.150789738 -0.182313 0.308370 -0.013491 0.018337 0.249590 -0.061322 0.966234
1777955702.156784296 -0.182051 0.308202 -0.013674 0.018399 0.249927 -0.061451 0.966138
1777955702.161062002 -0.181897 0.308082 -0.013807 0.018440 0.250104 -0.061498 0.966088
1777955702.166633368 -0.181755 0.307945 -0.013988 0.018476 0.250257 -0.061524 0.966046
1777955702.171005487 -0.181692 0.307859 -0.014134 0.018518 0.250341 -0.061575 0.966020
1777955702.176732540 -0.181680 0.307781 -0.014333 0.018597 0.250396 -0.061729 0.965995
1777955702.180882931 -0.181723 0.307750 -0.014483 0.018657 0.250354 -0.061876 0.965995
1777955702.186613321 -0.181849 0.307740 -0.014697 0.018714 0.250209 -0.062048 0.966020
1777955702.191166639 -0.182001 0.307753 -0.014868 0.018744 0.250061 -0.062151 0.966051
1777955702.196622133 -0.182227 0.307788 -0.015072 0.018771 0.249854 -0.062289 0.966096
1777955702.200919628 -0.182426 0.307827 -0.015231 0.018789 0.249667 -0.062437 0.966134
1777955702.206753731 -0.182709 0.307890 -0.015443 0.018811 0.249404 -0.062700 0.966184
1777955702.210993767 -0.182916 0.307936 -0.015594 0.018827 0.249222 -0.062948 0.966215
1777955702.216630697 -0.183182 0.307986 -0.015793 0.018862 0.249003 -0.063303 0.966248
1777955702.221091509 -0.183380 0.308008 -0.015951 0.018889 0.248843 -0.063595 0.966269
1777955702.226750374 -0.183605 0.308008 -0.016157 0.018945 0.248662 -0.063964 0.966290
1777955702.230846167 -0.183744 0.307989 -0.016312 0.018998 0.248551 -0.064238 0.966300
1777955702.236699581 -0.183897 0.307938 -0.016535 0.019092 0.248434 -0.064681 0.966298
1777955702.239708900 -0.183952 0.307901 -0.016650 0.019154 0.248406 -0.064953 0.966286
1777955702.239389181 -0.183046 0.305839 -0.013050 0.019502 0.248529 -0.064982 0.966245
1777955702.241134644 -0.183068 0.305807 -0.013107 0.019538 0.248513 -0.065139 0.966238
1777955702.246730089 -0.183100 0.305687 -0.013289 0.019657 0.248536 -0.065688 0.966193
1777955702.250943661 -0.183089 0.305581 -0.013423 0.019731 0.248586 -0.066103 0.966150
1777955702.256705284 -0.183032 0.305409 -0.013605 0.019839 0.248670 -0.066665 0.966088
1777955702.260945320 -0.182965 0.305260 -0.013738 0.019929 0.248755 -0.067069 0.966036
1777955702.266705036 -0.182852 0.305034 -0.013921 0.020053 0.248912 -0.067611 0.965955
1777955702.271115780 -0.182752 0.304847 -0.014063 0.020157 0.249045 -0.068017 0.965890
1777955702.276818037 -0.182616 0.304596 -0.014250 0.020311 0.249209 -0.068582 0.965805
1777955702.280810118 -0.182521 0.304415 -0.014382 0.020440 0.249327 -0.069027 0.965740
1777955702.286815882 -0.182392 0.304143 -0.014586 0.020666 0.249487 -0.069729 0.965643
1777955702.291241646 -0.182314 0.303948 -0.014739 0.020815 0.249594 -0.070197 0.965578
1777955702.296762466 -0.182245 0.303718 -0.014934 0.020986 0.249695 -0.070734 0.965510
1777955702.301059723 -0.182215 0.303553 -0.015085 0.021113 0.249747 -0.071154 0.965463
1777955702.306602955 -0.182213 0.303364 -0.015277 0.021266 0.249812 -0.071720 0.965401
1777955702.310709715 -0.182241 0.303244 -0.015418 0.021377 0.249811 -0.072180 0.965364
1777955702.316645861 -0.182326 0.303094 -0.015626 0.021535 0.249724 -0.072908 0.965328
1777955702.320905209 -0.182420 0.303001 -0.015780 0.021641 0.249628 -0.073432 0.965311
1777955702.326704979 -0.182585 0.302886 -0.015997 0.021790 0.249444 -0.074137 0.965301
1777955702.330964088 -0.182728 0.302804 -0.016163 0.021921 0.249266 -0.074686 0.965302
1777955702.336656094 -0.182935 0.302685 -0.016389 0.022128 0.249016 -0.075436 0.965303
1777955702.338888884 -0.183017 0.302636 -0.016478 0.022208 0.248924 -0.075731 0.965302
1777955702.338626385 -0.181945 0.301226 -0.013036 0.022413 0.248928 -0.075784 0.965292
1777955702.341007471 -0.182027 0.301164 -0.013120 0.022497 0.248830 -0.076099 0.965291
1777955702.346589804 -0.182204 0.301010 -0.013314 0.022686 0.248621 -0.076854 0.965280
1777955702.351051807 -0.182322 0.300871 -0.013465 0.022849 0.248471 -0.077512 0.965263
1777955702.356582403 -0.182432 0.300672 -0.013640 0.023074 0.248338 -0.078358 0.965223
1777955702.360824823 -0.182491 0.300501 -0.013768 0.023250 0.248311 -0.078962 0.965177
1777955702.366796494 -0.182534 0.300243 -0.013952 0.023457 0.248327 -0.079705 0.965107
1777955702.371083975 -0.182535 0.300050 -0.014087 0.023598 0.248339 -0.080230 0.965057
1777955702.376702547 -0.182498 0.299783 -0.014262 0.023831 0.248392 -0.081093 0.964965
1777955702.380821466 -0.182447 0.299570 -0.014390 0.024070 0.248463 -0.081858 0.964876
1777955702.386679411 -0.182364 0.299239 -0.014577 0.024430 0.248581 -0.082955 0.964743
1777955702.391216993 -0.182300 0.298966 -0.014728 0.024684 0.248677 -0.083694 0.964648
1777955702.396743298 -0.182227 0.298629 -0.014922 0.024962 0.248787 -0.084466 0.964545
1777955702.401112080 -0.182176 0.298375 -0.015077 0.025150 0.248867 -0.084982 0.964474
1777955702.406645536 -0.182119 0.298094 -0.015272 0.025341 0.248967 -0.085629 0.964386
1777955702.411050081 -0.182079 0.297914 -0.015429 0.025473 0.248991 -0.086248 0.964321
1777955702.416569948 -0.182036 0.297736 -0.015627 0.025635 0.248991 -0.087228 0.964229
1777955702.420861721 -0.182019 0.297615 -0.015778 0.025805 0.249036 -0.088080 0.964135
1777955702.426776648 -0.182042 0.297445 -0.015988 0.026026 0.249108 -0.089122 0.964015
1777955702.430919170 -0.182098 0.297317 -0.016141 0.026108 0.249074 -0.089614 0.963976
1777955702.436730862 -0.182222 0.297121 -0.016360 0.026179 0.248943 -0.090133 0.963960
1777955702.438575268 -0.182270 0.297055 -0.016431 0.026224 0.248900 -0.090354 0.963949
1777955702.440312862 -0.181717 0.295526 -0.013075 0.026551 0.248913 -0.090614 0.963912
1777955702.440721035 -0.181728 0.295509 -0.013088 0.026561 0.248903 -0.090662 0.963910
1777955702.446943998 -0.181912 0.295232 -0.013293 0.026813 0.248809 -0.091690 0.963830
1777955702.451029062 -0.182050 0.295034 -0.013426 0.026981 0.248738 -0.092425 0.963773
1777955702.456714869 -0.182269 0.294729 -0.013609 0.027185 0.248603 -0.093366 0.963712
1777955702.460997343 -0.182450 0.294471 -0.013746 0.027326 0.248474 -0.093978 0.963682
1777955702.466866493 -0.182706 0.294083 -0.013939 0.027523 0.248278 -0.094720 0.963654
1777955702.470894337 -0.182879 0.293804 -0.014077 0.027643 0.248132 -0.095193 0.963641
1777955702.476897955 -0.183111 0.293380 -0.014291 0.027833 0.247891 -0.095984 0.963619
1777955702.480760574 -0.183237 0.293107 -0.014432 0.027994 0.247791 -0.096590 0.963580
1777955702.486663818 -0.183392 0.292692 -0.014649 0.028281 0.247716 -0.097607 0.963488
1777955702.491295815 -0.183479 0.292368 -0.014820 0.028485 0.247672 -0.098378 0.963415
1777955702.496779442 -0.183547 0.291984 -0.015023 0.028706 0.247629 -0.099214 0.963334
1777955702.501257658 -0.183573 0.291673 -0.015187 0.028864 0.247626 -0.099832 0.963266
1777955702.506747246 -0.183571 0.291295 -0.015379 0.029068 0.247693 -0.100601 0.963163
1777955702.510989904 -0.183549 0.291010 -0.015521 0.029232 0.247812 -0.101256 0.963059
1777955702.516730547 -0.183504 0.290640 -0.015714 0.029460 0.247988 -0.102201 0.962907
1777955702.521048069 -0.183468 0.290376 -0.015863 0.029612 0.248090 -0.102900 0.962801
1777955702.526690960 -0.183434 0.290047 -0.016066 0.029778 0.248198 -0.103788 0.962673
1777955702.530904055 -0.183425 0.289810 -0.016222 0.029920 0.248224 -0.104484 0.962586
1777955702.536814690 -0.183439 0.289489 -0.016451 0.030155 0.248211 -0.105517 0.962470
1777955702.538387060 -0.183448 0.289406 -0.016513 0.030221 0.248200 -0.105802 0.962439
1777955702.538400650 -0.185442 0.288339 -0.012772 0.030494 0.247965 -0.105846 0.962486
1777955702.540844440 -0.185472 0.288204 -0.012856 0.030596 0.247948 -0.106288 0.962439
1777955702.546730042 -0.185566 0.287882 -0.013061 0.030866 0.247937 -0.107380 0.962312
1777955702.551876307 -0.185671 0.287601 -0.013242 0.031103 0.247913 -0.108336 0.962203
1777955702.556771517 -0.185792 0.287333 -0.013412 0.031291 0.247859 -0.109150 0.962119
1777955702.560971498 -0.185912 0.287106 -0.013552 0.031409 0.247811 -0.109763 0.962058
1777955702.566790819 -0.186094 0.286796 -0.013744 0.031598 0.247719 -0.110666 0.961972
1777955702.571073532 -0.186235 0.286567 -0.013887 0.031779 0.247648 -0.111441 0.961895
1777955702.576617956 -0.186433 0.286274 -0.014073 0.032018 0.247586 -0.112475 0.961783
1777955702.580791950 -0.186596 0.286053 -0.014217 0.032188 0.247531 -0.113221 0.961703
1777955702.586818457 -0.186846 0.285719 -0.014436 0.032442 0.247335 -0.114249 0.961624
1777955702.590981960 -0.187027 0.285474 -0.014592 0.032616 0.247182 -0.114930 0.961576
1777955702.596525192 -0.187270 0.285133 -0.014802 0.032862 0.247029 -0.115837 0.961498
1777955702.601047516 -0.187464 0.284841 -0.014979 0.033082 0.246894 -0.116615 0.961431
1777955702.606701136 -0.187690 0.284460 -0.015201 0.033379 0.246732 -0.117650 0.961336
1777955702.610926867 -0.187844 0.284165 -0.015361 0.033609 0.246678 -0.118440 0.961245
1777955702.616755724 -0.188032 0.283746 -0.015576 0.033913 0.246601 -0.119491 0.961124
1777955702.621040344 -0.188150 0.283435 -0.015730 0.034095 0.246543 -0.120195 0.961045
1777955702.626672029 -0.188277 0.283032 -0.015929 0.034312 0.246521 -0.121072 0.960933
1777955702.630903959 -0.188351 0.282736 -0.016080 0.034500 0.246557 -0.121786 0.960826
1777955702.636762857 -0.188427 0.282344 -0.016294 0.034795 0.246627 -0.122852 0.960662
1777955702.638849497 -0.188449 0.282208 -0.016372 0.034901 0.246654 -0.123258 0.960599
1777955702.638547421 -0.189485 0.281447 -0.012928 0.035104 0.246563 -0.123248 0.960617
1777955702.640900850 -0.189513 0.281291 -0.013005 0.035224 0.246593 -0.123706 0.960546
1777955702.646687984 -0.189576 0.280907 -0.013200 0.035545 0.246607 -0.124912 0.960374
1777955702.650818825 -0.189620 0.280631 -0.013342 0.035761 0.246610 -0.125741 0.960257
1777955702.656577587 -0.189692 0.280244 -0.013537 0.036012 0.246694 -0.126774 0.960090
1777955702.660986662 -0.189756 0.279945 -0.013690 0.036197 0.246732 -0.127551 0.959971
1777955702.666727543 -0.189852 0.279563 -0.013890 0.036433 0.246737 -0.128570 0.959825
1777955702.671006441 -0.189936 0.279291 -0.014039 0.036599 0.246762 -0.129361 0.959706
1777955702.676661491 -0.190064 0.278944 -0.014241 0.036852 0.246731 -0.130520 0.959547
1777955702.681185007 -0.190185 0.278670 -0.014406 0.037057 0.246659 -0.131494 0.959424
1777955702.686635256 -0.190361 0.278336 -0.014601 0.037309 0.246600 -0.132621 0.959275
1777955702.691059828 -0.190530 0.278053 -0.014762 0.037524 0.246541 -0.133505 0.959159
1777955702.696681023 -0.190774 0.277679 -0.014972 0.037801 0.246397 -0.134562 0.959037
1777955702.700715542 -0.190964 0.277404 -0.015125 0.038008 0.246280 -0.135305 0.958955
1777955702.706612110 -0.191247 0.276999 -0.015356 0.038341 0.246104 -0.136454 0.958824
1777955702.710528374 -0.191435 0.276736 -0.015511 0.038555 0.245997 -0.137197 0.958737
1777955702.716693401 -0.191719 0.276353 -0.015753 0.038852 0.245874 -0.138300 0.958598
1777955702.720879316 -0.191899 0.276118 -0.015917 0.039028 0.245790 -0.139029 0.958507
1777955702.726593494 -0.192118 0.275835 -0.016140 0.039242 0.245652 -0.139979 0.958395
1777955702.731106043 -0.192268 0.275642 -0.016314 0.039397 0.245587 -0.140700 0.958300
1777955702.736837626 -0.192431 0.275408 -0.016537 0.039637 0.245498 -0.141680 0.958168
1777955702.738827229 -0.192483 0.275326 -0.016614 0.039736 0.245475 -0.142026 0.958119
1777955702.738807917 -0.192269 0.273693 -0.012790 0.040080 0.245481 -0.142045 0.958100
1777955702.741058111 -0.192325 0.273590 -0.012865 0.040191 0.245456 -0.142436 0.958044
1777955702.746595621 -0.192456 0.273332 -0.013047 0.040468 0.245527 -0.143303 0.957885
1777955702.750690937 -0.192549 0.273140 -0.013184 0.040678 0.245600 -0.143895 0.957768
1777955702.758525372 -0.192721 0.272788 -0.013452 0.041020 0.245610 -0.144950 0.957592
1777955702.762604237 -0.192809 0.272625 -0.013590 0.041149 0.245629 -0.145408 0.957512
1777955702.766782761 -0.192898 0.272476 -0.013734 0.041260 0.245651 -0.145888 0.957429
1777955702.770881653 -0.192984 0.272346 -0.013878 0.041404 0.245642 -0.146462 0.957337
1777955702.776741028 -0.193112 0.272185 -0.014083 0.041611 0.245601 -0.147322 0.957207
1777955702.781022549 -0.193212 0.272085 -0.014231 0.041716 0.245596 -0.147869 0.957119
1777955702.786653996 -0.193352 0.271970 -0.014431 0.041822 0.245562 -0.148532 0.957021
1777955702.791316271 -0.193476 0.271878 -0.014600 0.041914 0.245511 -0.149089 0.956943
1777955702.796479702 -0.193628 0.271767 -0.014787 0.042040 0.245488 -0.149708 0.956847
1777955702.800942421 -0.193778 0.271658 -0.014950 0.042148 0.245477 -0.150216 0.956765
1777955702.806543827 -0.193992 0.271497 -0.015161 0.042263 0.245427 -0.150814 0.956679
1777955702.810994148 -0.194179 0.271341 -0.015332 0.042387 0.245355 -0.151327 0.956611
1777955702.816520929 -0.194433 0.271108 -0.015543 0.042567 0.245251 -0.151986 0.956525
1777955702.820831299 -0.194647 0.270903 -0.015706 0.042685 0.245176 -0.152434 0.956468
1777955702.826707840 -0.194946 0.270609 -0.015930 0.042790 0.245032 -0.152947 0.956418
1777955702.830967426 -0.195157 0.270391 -0.016095 0.042882 0.244914 -0.153359 0.956378
1777955702.836646557 -0.195423 0.270101 -0.016315 0.043047 0.244810 -0.153991 0.956296
1777955702.838776827 -0.195517 0.269994 -0.016398 0.043112 0.244778 -0.154235 0.956262
1777955702.838632345 -0.195775 0.268637 -0.012433 0.043352 0.244718 -0.154177 0.956276
1777955702.840958834 -0.195877 0.268514 -0.012512 0.043423 0.244683 -0.154443 0.956238
1777955702.846870184 -0.196119 0.268214 -0.012719 0.043569 0.244566 -0.155057 0.956162
1777955702.850798607 -0.196263 0.268025 -0.012863 0.043654 0.244506 -0.155390 0.956120
1777955702.856623411 -0.196447 0.267757 -0.013073 0.043771 0.244486 -0.155857 0.956043
1777955702.860934973 -0.196558 0.267566 -0.013225 0.043857 0.244496 -0.156219 0.955978
1777955702.866697073 -0.196674 0.267324 -0.013424 0.043949 0.244526 -0.156705 0.955887
1777955702.870885134 -0.196739 0.267157 -0.013570 0.044017 0.244573 -0.157072 0.955811
1777955702.876749516 -0.196815 0.266930 -0.013777 0.044131 0.244682 -0.157606 0.955690
1777955702.880970240 -0.196866 0.266770 -0.013927 0.044216 0.244753 -0.157960 0.955609
1777955702.886631012 -0.196939 0.266565 -0.014131 0.044298 0.244822 -0.158346 0.955524
1777955702.891319275 -0.197005 0.266404 -0.014303 0.044345 0.244839 -0.158623 0.955472
1777955702.896665096 -0.197087 0.266227 -0.014504 0.044427 0.244861 -0.159001 0.955399
1777955702.900775671 -0.197156 0.266095 -0.014662 0.044532 0.244894 -0.159376 0.955323
1777955702.906562328 -0.197270 0.265908 -0.014888 0.044684 0.244920 -0.159973 0.955210
1777955702.911133289 -0.197377 0.265753 -0.015069 0.044817 0.244909 -0.160473 0.955123
1777955702.916702747 -0.197531 0.265544 -0.015292 0.044981 0.244863 -0.161061 0.955028
1777955702.920743227 -0.197659 0.265378 -0.015451 0.045080 0.244818 -0.161433 0.954972
1777955702.926718235 -0.197871 0.265116 -0.015683 0.045198 0.244744 -0.161922 0.954902
1777955702.930904865 -0.198029 0.264925 -0.015846 0.045289 0.244675 -0.162277 0.954855
1777955702.936719656 -0.198251 0.264662 -0.016073 0.045441 0.244585 -0.162865 0.954771
1777955702.938862324 -0.198332 0.264568 -0.016157 0.045511 0.244556 -0.163104 0.954735
1777955702.938591480 -0.199277 0.264411 -0.012036 0.045662 0.244420 -0.163100 0.954763
1777955702.940776587 -0.199366 0.264315 -0.012110 0.045734 0.244390 -0.163344 0.954725
1777955702.946593761 -0.199604 0.264064 -0.012313 0.045918 0.244298 -0.164003 0.954627
1777955702.951142311 -0.199790 0.263876 -0.012477 0.046045 0.244216 -0.164490 0.954558
1777955702.956690788 -0.200015 0.263651 -0.012680 0.046197 0.244148 -0.165053 0.954471
1777955702.960754395 -0.200178 0.263486 -0.012828 0.046296 0.244101 -0.165473 0.954406
1777955702.966646910 -0.200405 0.263235 -0.013040 0.046423 0.244001 -0.166139 0.954309
1777955702.971085072 -0.200569 0.263030 -0.013196 0.046537 0.243926 -0.166717 0.954222
1777955702.976601124 -0.200768 0.262746 -0.013383 0.046718 0.243865 -0.167486 0.954094
1777955702.980835915 -0.200922 0.262508 -0.013523 0.046873 0.243847 -0.168048 0.953992
1777955702.986581802 -0.201131 0.262161 -0.013708 0.047059 0.243865 -0.168701 0.953863
1777955702.991318464 -0.201301 0.261860 -0.013859 0.047226 0.243872 -0.169244 0.953757
1777955702.996777296 -0.201490 0.261511 -0.014035 0.047449 0.243901 -0.169936 0.953615
1777955703.001044512 -0.201632 0.261249 -0.014176 0.047645 0.243940 -0.170525 0.953491
1777955703.006645441 -0.201812 0.260938 -0.014369 0.047883 0.243945 -0.171313 0.953336
1777955703.010956287 -0.201945 0.260729 -0.014522 0.048041 0.243923 -0.171920 0.953225
1777955703.016584873 -0.202111 0.260501 -0.014722 0.048222 0.243915 -0.172714 0.953074
1777955703.021171331 -0.202239 0.260351 -0.014887 0.048347 0.243899 -0.173371 0.952952
1777955703.026701689 -0.202385 0.260213 -0.015087 0.048456 0.243874 -0.174153 0.952811
1777955703.030907869 -0.202496 0.260135 -0.015242 0.048510 0.243849 -0.174740 0.952707
1777955703.036624193 -0.202652 0.260049 -0.015457 0.048586 0.243820 -0.175553 0.952561
1777955703.038721085 -0.202714 0.260020 -0.015538 0.048621 0.243799 -0.175867 0.952506
1777955703.038650751 -0.200977 0.259206 -0.011692 0.048832 0.243949 -0.175835 0.952463
1777955703.040814161 -0.201036 0.259168 -0.011764 0.048868 0.243928 -0.176159 0.952407
1777955703.046774864 -0.201220 0.259039 -0.011967 0.049034 0.243807 -0.177113 0.952252
1777955703.051018715 -0.201375 0.258915 -0.012116 0.049193 0.243704 -0.177776 0.952147
1777955703.056545496 -0.201607 0.258707 -0.012313 0.049403 0.243575 -0.178502 0.952033
1777955703.060931444 -0.201808 0.258509 -0.012470 0.049562 0.243491 -0.178975 0.951958
1777955703.066558599 -0.202063 0.258227 -0.012669 0.049805 0.243371 -0.179592 0.951860
1777955703.071033955 -0.202252 0.257997 -0.012825 0.050010 0.243271 -0.180098 0.951779
1777955703.076642275 -0.202461 0.257734 -0.013015 0.050245 0.243190 -0.180656 0.951681
1777955703.081024170 -0.202596 0.257560 -0.013164 0.050380 0.243175 -0.180995 0.951613
1777955703.086752415 -0.202735 0.257377 -0.013361 0.050517 0.243166 -0.181401 0.951531
1777955703.090970516 -0.202810 0.257272 -0.013505 0.050626 0.243187 -0.181696 0.951464
1777955703.096678972 -0.202884 0.257169 -0.013700 0.050752 0.243239 -0.182085 0.951370
1777955703.101039171 -0.202923 0.257123 -0.013854 0.050812 0.243277 -0.182324 0.951311
1777955703.106690407 -0.202962 0.257092 -0.014061 0.050856 0.243332 -0.182610 0.951239
1777955703.110747576 -0.202990 0.257081 -0.014211 0.050895 0.243426 -0.182834 0.951170
1777955703.116575003 -0.203051 0.257065 -0.014432 0.050967 0.243580 -0.183192 0.951058
1777955703.121039629 -0.203120 0.257044 -0.014608 0.051007 0.243629 -0.183477 0.950989
1777955703.126534700 -0.203241 0.256995 -0.014832 0.051045 0.243592 -0.183843 0.950925
1777955703.130679369 -0.203360 0.256936 -0.015001 0.051075 0.243546 -0.184117 0.950883
1777955703.136655331 -0.203574 0.256817 -0.015241 0.051144 0.243472 -0.184483 0.950827
1777955703.139124870 -0.203674 0.256756 -0.015339 0.051175 0.243434 -0.184624 0.950808
1777955703.138900042 -0.203041 0.255086 -0.011563 0.051507 0.243490 -0.184521 0.950795
1777955703.140916586 -0.203125 0.255023 -0.011633 0.051533 0.243459 -0.184636 0.950779
1777955703.146609306 -0.203378 0.254823 -0.011828 0.051616 0.243355 -0.184925 0.950746
1777955703.150776386 -0.203575 0.254658 -0.011969 0.051704 0.243304 -0.185135 0.950713
1777955703.156809092 -0.203866 0.254403 -0.012172 0.051840 0.243250 -0.185434 0.950661
1777955703.161008120 -0.204066 0.254220 -0.012313 0.051934 0.243213 -0.185630 0.950627
1777955703.166774273 -0.204330 0.253971 -0.012508 0.052055 0.243178 -0.185940 0.950569
1777955703.171508312 -0.204534 0.253772 -0.012666 0.052148 0.243159 -0.186232 0.950511
1777955703.176717758 -0.204747 0.253569 -0.012840 0.052236 0.243138 -0.186565 0.950447
1777955703.180820465 -0.204906 0.253424 -0.012978 0.052277 0.243105 -0.186817 0.950403
1777955703.186686516 -0.205120 0.253245 -0.013180 0.052319 0.243071 -0.187192 0.950336
1777955703.190982819 -0.205268 0.253137 -0.013331 0.052349 0.243046 -0.187466 0.950286
1777955703.196594715 -0.205451 0.253023 -0.013531 0.052402 0.243006 -0.187877 0.950213
1777955703.200555801 -0.205573 0.252959 -0.013675 0.052443 0.242966 -0.188209 0.950155
1777955703.206664324 -0.205757 0.252873 -0.013898 0.052531 0.242931 -0.188728 0.950056
1777955703.211093903 -0.205890 0.252813 -0.014060 0.052595 0.242906 -0.189105 0.949984
1777955703.216739893 -0.206058 0.252735 -0.014266 0.052657 0.242884 -0.189469 0.949914
1777955703.221038103 -0.206183 0.252670 -0.014421 0.052705 0.242867 -0.189747 0.949860
1777955703.226736784 -0.206341 0.252578 -0.014623 0.052773 0.242873 -0.190141 0.949776
1777955703.230950117 -0.206450 0.252506 -0.014772 0.052824 0.242877 -0.190432 0.949714
1777955703.236764193 -0.206593 0.252402 -0.014983 0.052913 0.242895 -0.190903 0.949609
1777955703.238672256 -0.206639 0.252366 -0.015055 0.052942 0.242901 -0.191057 0.949575
1777955703.238333702 -0.206023 0.252539 -0.011661 0.053068 0.242838 -0.191051 0.949586
1777955703.240740061 -0.206080 0.252493 -0.011741 0.053105 0.242846 -0.191246 0.949543
1777955703.246659756 -0.206223 0.252373 -0.011947 0.053200 0.242782 -0.191677 0.949467
1777955703.250778437 -0.206331 0.252283 -0.012095 0.053266 0.242737 -0.191977 0.949414
1777955703.256613016 -0.206478 0.252148 -0.012314 0.053350 0.242645 -0.192381 0.949351
1777955703.260725975 -0.206568 0.252052 -0.012478 0.053409 0.242580 -0.192666 0.949306
1777955703.266744852 -0.206683 0.251900 -0.012718 0.053592 0.242558 -0.193150 0.949203
1777955703.270938396 -0.206750 0.251781 -0.012882 0.053720 0.242542 -0.193487 0.949131
1777955703.276783943 -0.206828 0.251604 -0.013094 0.053840 0.242589 -0.193570 0.949096
1777955703.281059265 -0.206874 0.251472 -0.013231 0.053928 0.242623 -0.193631 0.949069
1777955703.286647081 -0.206933 0.251303 -0.013387 0.054031 0.242881 -0.193391 0.949046
1777955703.291197300 -0.206989 0.251174 -0.013493 0.054115 0.243091 -0.193196 0.949028
1777955703.296562433 -0.207080 0.251020 -0.013619 0.054290 0.243400 -0.193254 0.948927
1777955703.300720215 -0.207178 0.250892 -0.013733 0.054425 0.243640 -0.193299 0.948848
1777955703.306650639 -0.207401 0.250712 -0.013925 0.054829 0.243751 -0.193888 0.948676
1777955703.310766935 -0.207635 0.250599 -0.014079 0.055110 0.243828 -0.194296 0.948557
1777955703.316573620 -0.208040 0.250508 -0.014318 0.055102 0.243426 -0.194210 0.948678
1777955703.320674419 -0.208361 0.250520 -0.014499 0.055097 0.243141 -0.194148 0.948764
1777955703.326563597 -0.208809 0.250655 -0.014754 0.055105 0.242650 -0.194730 0.948770
1777955703.330956697 -0.209101 0.250852 -0.014930 0.055112 0.242283 -0.195163 0.948775
1777955703.336862564 -0.209431 0.251203 -0.015158 0.055002 0.241906 -0.196024 0.948700
1777955703.338895798 -0.209528 0.251338 -0.015237 0.054964 0.241776 -0.196320 0.948674
1777955703.338617086 -0.209193 0.250734 -0.012041 0.055269 0.241882 -0.196225 0.948649
1777955703.340987921 -0.209295 0.250894 -0.012121 0.055225 0.241730 -0.196571 0.948618
1777955703.346692324 -0.209496 0.251251 -0.012307 0.055009 0.241456 -0.197112 0.948588
1777955703.351046562 -0.209612 0.251469 -0.012437 0.054844 0.241247 -0.197525 0.948565
1777955703.356594324 -0.209711 0.251644 -0.012605 0.054760 0.241183 -0.198006 0.948486
1777955703.360795498 -0.209748 0.251680 -0.012742 0.054696 0.241133 -0.198370 0.948426
1777955703.366828442 -0.209766 0.251592 -0.012946 0.054717 0.241402 -0.198765 0.948274
1777955703.370910883 -0.209762 0.251444 -0.013085 0.054731 0.241583 -0.199033 0.948171
1777955703.376642704 -0.209744 0.251116 -0.013280 0.054809 0.241714 -0.199429 0.948050
1777955703.380780220 -0.209727 0.250793 -0.013421 0.054864 0.241808 -0.199715 0.947962
1777955703.386720181 -0.209720 0.250231 -0.013623 0.055102 0.242079 -0.200195 0.947778
1777955703.391050577 -0.209737 0.249764 -0.013771 0.055275 0.242277 -0.200546 0.947643
1777955703.397378683 -0.209802 0.249034 -0.013976 0.055504 0.242397 -0.200876 0.947529
1777955703.400594711 -0.209855 0.248653 -0.014071 0.055621 0.242458 -0.201044 0.947471
1777955703.406635284 -0.209987 0.247946 -0.014235 0.055864 0.242466 -0.201532 0.947351
1777955703.410943508 -0.210106 0.247461 -0.014343 0.056037 0.242471 -0.201881 0.947265
1777955703.416745186 -0.210294 0.246855 -0.014506 0.056287 0.242333 -0.202678 0.947116
1777955703.420974970 -0.210447 0.246457 -0.014656 0.056469 0.242232 -0.203260 0.947006
1777955703.426570892 -0.210630 0.245989 -0.014902 0.056519 0.241805 -0.204149 0.946921
1777955703.430824757 -0.210730 0.245680 -0.015131 0.056558 0.241481 -0.204825 0.946855
1777955703.436624289 -0.210768 0.245372 -0.015464 0.056526 0.240882 -0.205600 0.946842
1777955703.438731194 -0.210745 0.245303 -0.015581 0.056515 0.240664 -0.205882 0.946837
