id: 5
T_world_origin: 
  0.950285    0.29356  -0.103832    3.49374
 -0.289287   0.955695  0.0543988   0.260829
  0.115201 -0.0216571   0.993106  0.0187779
         0          0          0          1
T_origin_endpoint_L: 
   0.995792   0.0914434 -0.00600221    0.707528
 -0.0913824    0.995768  0.00975299    0.212716
 0.00686865 -0.00916345    0.999934  -0.0791556
          0           0           0           1
T_origin_endpoint_R: 
   0.941103   -0.338074 -0.00559089    -1.50711
   0.337775     0.94076  -0.0296385    -0.82672
  0.0152797   0.0260044    0.999545    0.150867
          0           0           0           1
T_lidar_imu: 
     1      0      0  0.006
     0      1      0 -0.012
     0      0      1  0.008
     0      0      0      1
imu_bias: -6.51695e-05 -0.000544395  -0.00465873 -0.000155335 -0.000488343   0.00156358
frame_id: 2
num_frames: 157
frame_0
id: 787
stamp: 1777101557.562408447
T_odom_lidar: 
  0.918747   0.380166  -0.106666    4.23665
  -0.37503   0.924699  0.0654525   0.267959
  0.123517 -0.0201314   0.992138 0.00814937
         0          0          0          1
T_world_lidar: 
  0.918747   0.380166  -0.106666    4.23665
  -0.37503   0.924699  0.0654525   0.267959
  0.123517 -0.0201314   0.992138 0.00814937
         0          0          0          1
v_world_imu:  0.0568155  0.0259755 0.00129101
frame_1
id: 788
stamp: 1777101557.662204266
T_odom_lidar: 
  0.929473   0.352486  -0.108785    4.23736
 -0.347562   0.935608   0.061959   0.273985
   0.12362 -0.0197797   0.992133 0.00836174
         0          0          0          1
T_world_lidar: 
  0.929473   0.352486  -0.108785    4.23736
 -0.347562   0.935608   0.061959   0.273985
   0.12362 -0.0197797   0.992133 0.00836174
         0          0          0          1
v_world_imu: -0.00233211    0.114172 -0.00478462
frame_2
id: 789
stamp: 1777101557.762382984
T_odom_lidar: 
  0.939953   0.322311  -0.112272     4.2366
 -0.317356   0.946406  0.0600053   0.283531
  0.125595  -0.020772   0.991864 0.00849057
         0          0          0          1
T_world_lidar: 
  0.939953   0.322311  -0.112272     4.2366
 -0.317356   0.946406  0.0600053   0.283531
  0.125595  -0.020772   0.991864 0.00849057
         0          0          0          1
v_world_imu:    0.0261841    0.0880316 -0.000703709
frame_3
id: 790
stamp: 1777101557.862353802
T_odom_lidar: 
  0.949621   0.292062  -0.113665    4.23886
  -0.28729   0.956165  0.0566856   0.291322
  0.125238 -0.0211751   0.991901 0.00832649
         0          0          0          1
T_world_lidar: 
  0.949621   0.292062  -0.113665    4.23886
  -0.28729   0.956165  0.0566856   0.291322
  0.125238 -0.0211751   0.991901 0.00832649
         0          0          0          1
v_world_imu:  0.0141059  0.0830371 0.00140059
frame_4
id: 791
stamp: 1777101557.962440014
T_odom_lidar: 
  0.958641   0.259801  -0.116233    4.23792
 -0.255094    0.96541  0.0539527   0.300068
  0.126229  -0.022071   0.991756 0.00874529
         0          0          0          1
T_world_lidar: 
  0.958641   0.259801  -0.116233    4.23792
 -0.255094    0.96541  0.0539527   0.300068
  0.126229  -0.022071   0.991756 0.00874529
         0          0          0          1
v_world_imu: -0.0123784  0.0861996 0.00476147
frame_5
id: 792
stamp: 1777101558.062416315
T_odom_lidar: 
 0.966832  0.226338 -0.118354   4.23819
-0.221824  0.973794 0.0501894   0.30865
 0.126612 -0.022271  0.991702 0.0088747
        0         0         0         1
T_world_lidar: 
 0.966832  0.226338 -0.118354   4.23819
-0.221824  0.973794 0.0501894   0.30865
 0.126612 -0.022271  0.991702 0.0088747
        0         0         0         1
v_world_imu:   0.0118286   0.0904458 -0.00103643
frame_6
id: 793
stamp: 1777101558.162267685
T_odom_lidar: 
  0.973803   0.193744  -0.119041     4.2384
 -0.189556   0.980808  0.0456616   0.316186
  0.125603 -0.0219005   0.991839 0.00909653
         0          0          0          1
T_world_lidar: 
  0.973803   0.193744  -0.119041     4.2384
 -0.189556   0.980808  0.0456616   0.316186
  0.125603 -0.0219005   0.991839 0.00909653
         0          0          0          1
v_world_imu: -0.0064236  0.0704567 0.00103279
frame_7
id: 794
stamp: 1777101558.262458324
T_odom_lidar: 
  0.977336   0.174518  -0.119825    4.23873
 -0.170324   0.984384  0.0444713   0.320756
  0.125715 -0.0230543   0.991798 0.00923444
         0          0          0          1
T_world_lidar: 
  0.977336   0.174518  -0.119825    4.23873
 -0.170324   0.984384  0.0444713   0.320756
  0.125715 -0.0230543   0.991798 0.00923444
         0          0          0          1
v_world_imu:   0.0562214 -0.00654919  0.00108263
frame_8
id: 795
stamp: 1777101558.362413406
T_odom_lidar: 
  0.979398   0.163193  -0.118945    4.24089
 -0.159377   0.986367  0.0409811   0.323228
  0.124012 -0.0211797   0.992055 0.00957981
         0          0          0          1
T_world_lidar: 
  0.979398   0.163193  -0.118945    4.24089
 -0.159377   0.986367  0.0409811   0.323228
  0.124012 -0.0211797   0.992055 0.00957981
         0          0          0          1
v_world_imu:  0.00959361   0.0792454 -0.00276103
frame_9
id: 796
stamp: 1777101558.462309837
T_odom_lidar: 
  0.980958   0.154167  -0.118124    4.24102
 -0.150203   0.987771  0.0418087   0.328341
  0.123125   -0.02327   0.992118 0.00960965
         0          0          0          1
T_world_lidar: 
  0.980958   0.154167  -0.118124    4.24102
 -0.150203   0.987771  0.0418087   0.328341
  0.123125   -0.02327   0.992118 0.00960965
         0          0          0          1
v_world_imu: -0.0186986  0.0294054 0.00617699
frame_10
id: 797
stamp: 1777101558.562288046
T_odom_lidar: 
  0.980535   0.156087  -0.119112    4.24106
 -0.152347    0.98752  0.0399395   0.326077
   0.12386 -0.0210157   0.992077  0.0100887
         0          0          0          1
T_world_lidar: 
  0.980535   0.156087  -0.119112    4.24106
 -0.152347    0.98752  0.0399395   0.326077
   0.12386 -0.0210157   0.992077  0.0100887
         0          0          0          1
v_world_imu:  0.0178165 -0.0143858 0.00333237
frame_11
id: 798
stamp: 1777101558.662371635
T_odom_lidar: 
  0.980774   0.154957  -0.118624    4.24237
 -0.151231   0.987695  0.0398432   0.326687
  0.123339 -0.0211375   0.992139  0.0101468
         0          0          0          1
T_world_lidar: 
  0.980774   0.154957  -0.118624    4.24237
 -0.151231   0.987695  0.0398432   0.326687
  0.123339 -0.0211375   0.992139  0.0101468
         0          0          0          1
v_world_imu:    0.0080665    0.0210345 -0.000264009
frame_12
id: 799
stamp: 1777101558.762429953
T_odom_lidar: 
  0.981131   0.152336  -0.119061    4.24222
 -0.148549   0.988091  0.0401117   0.327729
  0.123753 -0.0216685   0.992076   0.010352
         0          0          0          1
T_world_lidar: 
  0.981131   0.152336  -0.119061    4.24222
 -0.148549   0.988091  0.0401117   0.327729
  0.123753 -0.0216685   0.992076   0.010352
         0          0          0          1
v_world_imu:  -0.0150118 -0.00612627  0.00531892
frame_13
id: 800
stamp: 1777101558.862427711
T_odom_lidar: 
  0.980726   0.154282  -0.119887    4.24104
 -0.150441   0.987789  0.0405091   0.326874
  0.124673 -0.0216925   0.991961  0.0107999
         0          0          0          1
T_world_lidar: 
  0.980726   0.154282  -0.119887    4.24104
 -0.150441   0.987789  0.0405091   0.326874
  0.124673 -0.0216925   0.991961  0.0107999
         0          0          0          1
v_world_imu:   0.014777 -0.0209735 0.00496266
frame_14
id: 801
stamp: 1777101558.962423563
T_odom_lidar: 
  0.980782   0.154211   -0.11952    4.24294
 -0.150433   0.987808  0.0400651   0.326413
  0.124241 -0.0213154   0.992023  0.0110441
         0          0          0          1
T_world_lidar: 
  0.980782   0.154211   -0.11952    4.24294
 -0.150433   0.987808  0.0400651   0.326413
  0.124241 -0.0213154   0.992023  0.0110441
         0          0          0          1
v_world_imu:  0.0148872 0.00342867 0.00235044
frame_15
id: 802
stamp: 1777101559.062476158
T_odom_lidar: 
  0.981006    0.15307  -0.119154    4.24315
 -0.149248   0.987973  0.0404166   0.326848
  0.123908 -0.0218653   0.992053  0.0112072
         0          0          0          1
T_world_lidar: 
  0.981006    0.15307  -0.119154    4.24315
 -0.149248   0.987973  0.0404166   0.326848
  0.123908 -0.0218653   0.992053  0.0112072
         0          0          0          1
v_world_imu:   -0.0107006 -0.000954088   0.00394162
frame_16
id: 803
stamp: 1777101559.162492275
T_odom_lidar: 
  0.980639   0.155042  -0.119619    4.24252
 -0.151265    0.98768  0.0400876   0.325769
   0.12436 -0.0212174    0.99201  0.0116633
         0          0          0          1
T_world_lidar: 
  0.980639   0.155042  -0.119619    4.24252
 -0.151265    0.98768  0.0400876   0.325769
   0.12436 -0.0212174    0.99201  0.0116633
         0          0          0          1
v_world_imu: -0.00308407 -0.00546969  0.00425557
frame_17
id: 804
stamp: 1777101559.262481689
T_odom_lidar: 
  0.980854   0.154043  -0.119146    4.24296
 -0.150266   0.987831  0.0401174   0.326034
  0.123876 -0.0214457   0.992066  0.0118251
         0          0          0          1
T_world_lidar: 
  0.980854   0.154043  -0.119146    4.24296
 -0.150266   0.987831  0.0401174   0.326034
  0.123876 -0.0214457   0.992066  0.0118251
         0          0          0          1
v_world_imu:  0.0060119  0.0101372 0.00155553
frame_18
id: 805
stamp: 1777101559.362495899
T_odom_lidar: 
 0.980914  0.153668 -0.119141   4.24326
-0.149878  0.987887 0.0401968  0.326196
 0.123875 -0.021573  0.992063  0.012081
        0         0         0         1
T_world_lidar: 
 0.980914  0.153668 -0.119141   4.24326
-0.149878  0.987887 0.0401968  0.326196
 0.123875 -0.021573  0.992063  0.012081
        0         0         0         1
v_world_imu: -0.00241185 -0.00378348  0.00341303
frame_19
id: 806
stamp: 1777101559.462446928
T_odom_lidar: 
  0.980766   0.154665  -0.119063    4.24292
  -0.15089   0.987735   0.040145   0.325693
  0.123812 -0.0214075   0.992075  0.0123634
         0          0          0          1
T_world_lidar: 
  0.980766   0.154665  -0.119063    4.24292
  -0.15089   0.987735   0.040145   0.325693
  0.123812 -0.0214075   0.992075  0.0123634
         0          0          0          1
v_world_imu: -0.0019097 0.00174396 0.00229191
frame_20
id: 807
stamp: 1777101559.562309504
T_odom_lidar: 
  0.980906   0.153884  -0.118928    4.24298
 -0.150087   0.987851  0.0402987   0.326222
  0.123685 -0.0216796   0.992085  0.0125569
         0          0          0          1
T_world_lidar: 
  0.980906   0.153884  -0.118928    4.24298
 -0.150087   0.987851  0.0402987   0.326222
  0.123685 -0.0216796   0.992085  0.0125569
         0          0          0          1
v_world_imu: 0.00262872 0.00521894 0.00178938
frame_21
id: 808
stamp: 1777101559.662582636
T_odom_lidar: 
 0.980882   0.15421 -0.118698   4.24323
-0.150426  0.987801 0.0402589  0.326192
 0.123458 -0.021634  0.992114 0.0127844
        0         0         0         1
T_world_lidar: 
 0.980882   0.15421 -0.118698   4.24323
-0.150426  0.987801 0.0402589  0.326192
 0.123458 -0.021634  0.992114 0.0127844
        0         0         0         1
v_world_imu:  0.00138311 -0.00189233  0.00257286
frame_22
id: 809
stamp: 1777101559.762453556
T_odom_lidar: 
  0.980876   0.154128  -0.118859    4.24318
 -0.150339   0.987814  0.0402613   0.326439
  0.123616 -0.0216222   0.992095   0.013004
         0          0          0          1
T_world_lidar: 
  0.980876   0.154128  -0.118859    4.24318
 -0.150339   0.987814  0.0402613   0.326439
  0.123616 -0.0216222   0.992095   0.013004
         0          0          0          1
v_world_imu: -0.00128948  0.00607436  0.00107066
frame_23
id: 810
stamp: 1777101559.862566233
T_odom_lidar: 
   0.98096   0.153147  -0.119432    4.24227
 -0.149343   0.987967  0.0402347   0.327327
  0.124156 -0.0216323   0.992027  0.0128778
         0          0          0          1
T_world_lidar: 
   0.98096   0.153147  -0.119432    4.24227
 -0.149343   0.987967  0.0402347   0.327327
  0.124156 -0.0216323   0.992027  0.0128778
         0          0          0          1
v_world_imu: -0.0282397  0.0309758 0.00348795
frame_24
id: 811
stamp: 1777101559.962585449
T_odom_lidar: 
  0.981184   0.152702  -0.118156    4.24419
 -0.148987   0.988041  0.0397135   0.327694
  0.122807 -0.0213624   0.992201  0.0132455
         0          0          0          1
T_world_lidar: 
  0.981184   0.152702  -0.118156    4.24419
 -0.148987   0.988041  0.0397135   0.327694
  0.122807 -0.0213624   0.992201  0.0132455
         0          0          0          1
v_world_imu:    0.032598 -0.00285775  0.00356716
frame_25
id: 812
stamp: 1777101560.062436581
T_odom_lidar: 
  0.980887   0.154792    -0.1179     4.2456
 -0.151148   0.987729  0.0393029   0.327217
  0.122537 -0.0207314   0.992247  0.0136276
         0          0          0          1
T_world_lidar: 
  0.980887   0.154792    -0.1179     4.2456
 -0.151148   0.987729  0.0393029   0.327217
  0.122537 -0.0207314   0.992247  0.0136276
         0          0          0          1
v_world_imu: -0.00216676 -0.00528362  0.00568456
frame_26
id: 813
stamp: 1777101560.162614584
T_odom_lidar: 
  0.979433   0.163934  -0.117627    4.24592
 -0.160591   0.986311  0.0374205    0.32539
  0.122152 -0.0177609   0.992353  0.0144621
         0          0          0          1
T_world_lidar: 
  0.979433   0.163934  -0.117627    4.24592
 -0.160591   0.986311  0.0374205    0.32539
  0.122152 -0.0177609   0.992353  0.0144621
         0          0          0          1
v_world_imu:  0.0166303 -0.0844435  0.0244473
frame_27
id: 814
stamp: 1777101560.262629986
T_odom_lidar: 
  0.980381   0.160076  -0.115014    4.24051
 -0.156924   0.986954  0.0360106    0.33408
  0.119278 -0.0172556   0.992711  0.0151076
         0          0          0          1
T_world_lidar: 
  0.980381   0.160076  -0.115014    4.24051
 -0.156924   0.986954  0.0360106    0.33408
  0.119278 -0.0172556   0.992711  0.0151076
         0          0          0          1
v_world_imu:   -0.120125    0.178122 -0.00466454
frame_28
id: 815
stamp: 1777101560.362446547
T_odom_lidar: 
  0.981734   0.152566  -0.113678    4.22572
 -0.149009   0.988058  0.0392066   0.349454
  0.118302 -0.0215514   0.992744  0.0144204
         0          0          0          1
T_world_lidar: 
  0.981734   0.152566  -0.113678    4.22572
 -0.149009   0.988058  0.0392066   0.349454
  0.118302 -0.0215514   0.992744  0.0144204
         0          0          0          1
v_world_imu:  -0.196489   0.108804 0.00546914
frame_29
id: 816
stamp: 1777101560.462639570
T_odom_lidar: 
  0.981763   0.151449  -0.114913    4.20441
  -0.14774    0.98821  0.0401806   0.355103
  0.119643 -0.0224706   0.992563  0.0150471
         0          0          0          1
T_world_lidar: 
  0.981763   0.151449  -0.114913    4.20441
  -0.14774    0.98821  0.0401806   0.355103
  0.119643 -0.0224706   0.992563  0.0150471
         0          0          0          1
v_world_imu:  -0.208316   0.013358 0.00648135
frame_30
id: 817
stamp: 1777101560.562188864
T_odom_lidar: 
  0.981531   0.152497  -0.115508    4.18548
 -0.148916   0.988078  0.0390669   0.353548
  0.120088 -0.0211444   0.992538  0.0157102
         0          0          0          1
T_world_lidar: 
  0.981531   0.152497  -0.115508    4.18548
 -0.148916   0.988078  0.0390669   0.353548
  0.120088 -0.0211444   0.992538  0.0157102
         0          0          0          1
v_world_imu:  -0.183424 -0.0218423 0.00784902
frame_31
id: 818
stamp: 1777101560.662570715
T_odom_lidar: 
  0.981707   0.151902  -0.114794    4.16622
 -0.148176   0.988137  0.0403695   0.348055
  0.119564 -0.0226213   0.992569  0.0158048
         0          0          0          1
T_world_lidar: 
  0.981707   0.151902  -0.114794    4.16622
 -0.148176   0.988137  0.0403695   0.348055
  0.119564 -0.0226213   0.992569  0.0158048
         0          0          0          1
v_world_imu:  -0.243592 -0.0840446 0.00288164
frame_32
id: 819
stamp: 1777101560.762547731
T_odom_lidar: 
  0.981097    0.15478  -0.116154    4.14282
 -0.150932   0.987682  0.0412809    0.33742
  0.121113 -0.0229692   0.992373  0.0154146
         0          0          0          1
T_world_lidar: 
  0.981097    0.15478  -0.116154    4.14282
 -0.150932   0.987682  0.0412809    0.33742
  0.121113 -0.0229692   0.992373  0.0154146
         0          0          0          1
v_world_imu:  -0.203599 -0.0809951 0.00453824
frame_33
id: 820
stamp: 1777101560.862651825
T_odom_lidar: 
  0.981169    0.15483  -0.115481    4.12433
 -0.150747   0.987622  0.0433478   0.330053
  0.120763 -0.0251231   0.992363  0.0141218
         0          0          0          1
T_world_lidar: 
  0.981169    0.15483  -0.115481    4.12433
 -0.150747   0.987622  0.0433478   0.330053
  0.120763 -0.0251231   0.992363  0.0141218
         0          0          0          1
v_world_imu:    -0.193254   -0.0577118 -0.000720767
frame_34
id: 821
stamp: 1777101560.962085724
T_odom_lidar: 
  0.981107   0.155948    -0.1145    4.10299
 -0.151621   0.987385   0.045624   0.321442
   0.12017 -0.0274014   0.992375  0.0141436
         0          0          0          1
T_world_lidar: 
  0.981107   0.155948    -0.1145    4.10299
 -0.151621   0.987385   0.045624   0.321442
   0.12017 -0.0274014   0.992375  0.0141436
         0          0          0          1
v_world_imu: -0.252302 -0.109129 0.0041748
frame_35
id: 822
stamp: 1777101561.062675714
T_odom_lidar: 
  0.980184   0.160834  -0.115634    4.07751
  -0.15644   0.986607  0.0461844    0.30852
  0.121513 -0.0271795   0.992218  0.0131047
         0          0          0          1
T_world_lidar: 
  0.980184   0.160834  -0.115634    4.07751
  -0.15644   0.986607  0.0461844    0.30852
  0.121513 -0.0271795   0.992218  0.0131047
         0          0          0          1
v_world_imu:  -0.253051  -0.122975 0.00289787
frame_36
id: 823
stamp: 1777101561.162630558
T_odom_lidar: 
  0.979898   0.162353  -0.115939    4.05121
   -0.1579   0.986351  0.0466753   0.296654
  0.121934 -0.0274303   0.992159  0.0130358
         0          0          0          1
T_world_lidar: 
  0.979898   0.162353  -0.115939    4.05121
   -0.1579   0.986351  0.0466753   0.296654
  0.121934 -0.0274303   0.992159  0.0130358
         0          0          0          1
v_world_imu:    -0.266112    -0.117069 -0.000365912
frame_37
id: 824
stamp: 1777101561.262719154
T_odom_lidar: 
  0.979622   0.163849  -0.116166    4.02389
 -0.159295   0.986087  0.0475223   0.284561
  0.122336 -0.0280492   0.992092  0.0128793
         0          0          0          1
T_world_lidar: 
  0.979622   0.163849  -0.116166    4.02389
 -0.159295   0.986087  0.0475223   0.284561
  0.122336 -0.0280492   0.992092  0.0128793
         0          0          0          1
v_world_imu:  -0.283943  -0.135195 0.00167006
frame_38
id: 825
stamp: 1777101561.363225937
T_odom_lidar: 
  0.979191   0.166846  -0.115532    3.99907
 -0.162214   0.985565  0.0484637   0.272743
   0.12195 -0.0287144   0.992121  0.0126819
         0          0          0          1
T_world_lidar: 
  0.979191   0.166846  -0.115532    3.99907
 -0.162214   0.985565  0.0484637   0.272743
   0.12195 -0.0287144   0.992121  0.0126819
         0          0          0          1
v_world_imu:   -0.233674   -0.102503 -0.00457317
frame_39
id: 826
stamp: 1777101561.462657690
T_odom_lidar: 
  0.978422   0.170717  -0.116387    3.97432
 -0.166123   0.984928  0.0481626   0.260989
  0.122855 -0.0277888   0.992035  0.0125468
         0          0          0          1
T_world_lidar: 
  0.978422   0.170717  -0.116387    3.97432
 -0.166123   0.984928  0.0481626   0.260989
  0.122855 -0.0277888   0.992035  0.0125468
         0          0          0          1
v_world_imu:  -0.230785  -0.122075 0.00133186
frame_40
id: 827
stamp: 1777101561.562274694
T_odom_lidar: 
  0.977961   0.173721  -0.115814    3.95512
 -0.169002   0.984374  0.0494623   0.251735
  0.122597 -0.0287994   0.992039  0.0124586
         0          0          0          1
T_world_lidar: 
  0.977961   0.173721  -0.115814    3.95512
 -0.169002   0.984374  0.0494623   0.251735
  0.122597 -0.0287994   0.992039  0.0124586
         0          0          0          1
v_world_imu:    -0.195374   -0.0857963 -0.000797471
frame_41
id: 828
stamp: 1777101561.662722349
T_odom_lidar: 
  0.977755    0.17554  -0.114805    3.93387
 -0.170822   0.984043  0.0497914    0.24256
  0.121713 -0.0290726   0.992139  0.0123193
         0          0          0          1
T_world_lidar: 
  0.977755    0.17554  -0.114805    3.93387
 -0.170822   0.984043  0.0497914    0.24256
  0.121713 -0.0290726   0.992139  0.0123193
         0          0          0          1
v_world_imu:    -0.237496    -0.107753 -9.92723e-05
frame_42
id: 829
stamp: 1777101561.762571335
T_odom_lidar: 
  0.976755   0.180646  -0.115402    3.90989
 -0.176007   0.983155  0.0492809    0.23075
   0.12236 -0.0278238   0.992096  0.0123387
         0          0          0          1
T_world_lidar: 
  0.976755   0.180646  -0.115402    3.90989
 -0.176007   0.983155  0.0492809    0.23075
   0.12236 -0.0278238   0.992096  0.0123387
         0          0          0          1
v_world_imu:    -0.240374    -0.109015 -0.000191345
frame_43
id: 830
stamp: 1777101561.862776279
T_odom_lidar: 
  0.974704   0.190508   -0.11687    3.88299
 -0.185928    0.98134  0.0490127   0.217364
  0.124027 -0.0260434   0.991937  0.0126112
         0          0          0          1
T_world_lidar: 
  0.974704   0.190508   -0.11687    3.88299
 -0.185928    0.98134  0.0490127   0.217364
  0.124027 -0.0260434   0.991937  0.0126112
         0          0          0          1
v_world_imu:  -0.296425  -0.146327 0.00869705
frame_44
id: 831
stamp: 1777101561.962768793
T_odom_lidar: 
  0.971114   0.209908  -0.113477    3.85673
 -0.205126   0.977331   0.052418    0.20357
  0.121908 -0.0276267   0.992157  0.0124213
         0          0          0          1
T_world_lidar: 
  0.971114   0.209908  -0.113477    3.85673
 -0.205126   0.977331   0.052418    0.20357
  0.121908 -0.0276267   0.992157  0.0124213
         0          0          0          1
v_world_imu:   -0.251333   -0.186788 -0.00447173
frame_45
id: 832
stamp: 1777101562.062705278
T_odom_lidar: 
  0.965752   0.233433  -0.113281    3.83167
 -0.228754   0.972048  0.0528599    0.18662
  0.122454 -0.0251361   0.992156  0.0124971
         0          0          0          1
T_world_lidar: 
  0.965752   0.233433  -0.113281    3.83167
 -0.228754   0.972048  0.0528599    0.18662
  0.122454 -0.0251361   0.992156  0.0124971
         0          0          0          1
v_world_imu:   -0.220201   -0.139612 0.000132411
frame_46
id: 833
stamp: 1777101562.162666082
T_odom_lidar: 
  0.963441   0.244794  -0.108888    3.81289
 -0.239721   0.969128  0.0576643   0.178526
  0.119642 -0.0294534    0.99238  0.0121618
         0          0          0          1
T_world_lidar: 
  0.963441   0.244794  -0.108888    3.81289
 -0.239721   0.969128  0.0576643   0.178526
  0.119642 -0.0294534    0.99238  0.0121618
         0          0          0          1
v_world_imu:    -0.209919    -0.101446 -0.000336637
frame_47
id: 834
stamp: 1777101562.262798786
T_odom_lidar: 
  0.961313   0.253027  -0.108881    3.78857
 -0.247843   0.967002  0.0589954   0.169542
  0.120215 -0.0297278   0.992303  0.0119788
         0          0          0          1
T_world_lidar: 
  0.961313   0.253027  -0.108881    3.78857
 -0.247843   0.967002  0.0589954   0.169542
  0.120215 -0.0297278   0.992303  0.0119788
         0          0          0          1
v_world_imu:  -0.288134  -0.100231 0.00171388
frame_48
id: 835
stamp: 1777101562.363906384
T_odom_lidar: 
 0.958663  0.262269 -0.110364   3.76136
-0.257249  0.964618 0.0577491  0.157673
 0.121605 -0.026971  0.992212 0.0124033
        0         0         0         1
T_world_lidar: 
 0.958663  0.262269 -0.110364   3.76136
-0.257249  0.964618 0.0577491  0.157673
 0.121605 -0.026971  0.992212 0.0124033
        0         0         0         1
v_world_imu: -0.263343 -0.085132 0.0033135
frame_49
id: 836
stamp: 1777101562.462842703
T_odom_lidar: 
  0.958132   0.264437  -0.109797    3.73598
 -0.259474   0.964035  0.0575273   0.149211
   0.12106 -0.0266293   0.992288    0.01236
         0          0          0          1
T_world_lidar: 
  0.958132   0.264437  -0.109797    3.73598
 -0.259474   0.964035  0.0575273   0.149211
   0.12106 -0.0266293   0.992288    0.01236
         0          0          0          1
v_world_imu:   -0.263758  -0.0653269 -0.00331526
frame_50
id: 837
stamp: 1777101562.562298298
T_odom_lidar: 
  0.957274   0.267758  -0.109236    3.70967
  -0.26279   0.963117  0.0578595   0.141461
  0.120699 -0.0266814   0.992331   0.012304
         0          0          0          1
T_world_lidar: 
  0.957274   0.267758  -0.109236    3.70967
  -0.26279   0.963117  0.0578595   0.141461
  0.120699 -0.0266814   0.992331   0.012304
         0          0          0          1
v_world_imu:   -0.289606  -0.0855926 0.000959788
frame_51
id: 838
stamp: 1777101562.662779808
T_odom_lidar: 
  0.956054   0.272066  -0.109276    3.68002
 -0.267063   0.961911  0.0583522   0.133128
   0.12099 -0.0266041   0.992297  0.0124705
         0          0          0          1
T_world_lidar: 
  0.956054   0.272066  -0.109276    3.68002
 -0.267063   0.961911  0.0583522   0.133128
   0.12099 -0.0266041   0.992297  0.0124705
         0          0          0          1
v_world_imu:  -0.286693 -0.0828906 0.00318229
frame_52
id: 839
stamp: 1777101562.762668610
T_odom_lidar: 
  0.954506   0.276765  -0.110996    3.65504
  -0.27181   0.960611  0.0578384   0.125843
  0.122632 -0.0250372   0.992136  0.0128156
         0          0          0          1
T_world_lidar: 
  0.954506   0.276765  -0.110996    3.65504
  -0.27181   0.960611  0.0578384   0.125843
  0.122632 -0.0250372   0.992136  0.0128156
         0          0          0          1
v_world_imu:  -0.168028 -0.0481692 0.00238773
frame_53
id: 840
stamp: 1777101562.862809181
T_odom_lidar: 
   0.95414    0.27892  -0.108721    3.64153
 -0.274088   0.959989  0.0574165   0.124117
  0.120386 -0.0249843   0.992413  0.0127112
         0          0          0          1
T_world_lidar: 
   0.95414    0.27892  -0.108721    3.64153
 -0.274088   0.959989  0.0574165   0.124117
  0.120386 -0.0249843   0.992413  0.0127112
         0          0          0          1
v_world_imu:   -0.132133   0.0181597 -0.00265775
frame_54
id: 841
stamp: 1777101562.962789774
T_odom_lidar: 
  0.953458   0.281112  -0.109061    3.63196
 -0.276171   0.959336  0.0583473   0.126587
  0.121028 -0.0255123   0.992321   0.012499
         0          0          0          1
T_world_lidar: 
  0.953458   0.281112  -0.109061    3.63196
 -0.276171   0.959336  0.0583473   0.126587
  0.121028 -0.0255123   0.992321   0.012499
         0          0          0          1
v_world_imu:  -0.0631165   0.0193227 -0.00314018
frame_55
id: 842
stamp: 1777101563.062895060
T_odom_lidar: 
  0.953726   0.280236  -0.108965    3.62918
 -0.275193   0.959567  0.0591611    0.12782
  0.121138 -0.0264371   0.992284  0.0121387
         0          0          0          1
T_world_lidar: 
  0.953726   0.280236  -0.108965    3.62918
 -0.275193   0.959567  0.0591611    0.12782
  0.121138 -0.0264371   0.992284  0.0121387
         0          0          0          1
v_world_imu:  0.00611926  -0.0174837 -0.00211394
frame_56
id: 843
stamp: 1777101563.162848949
T_odom_lidar: 
   0.95351   0.281118  -0.108592    3.63092
  -0.27623   0.959339  0.0580116   0.126728
  0.120485 -0.0253183   0.992392  0.0118039
         0          0          0          1
T_world_lidar: 
   0.95351   0.281118  -0.108592    3.63092
  -0.27623   0.959339  0.0580116   0.126728
  0.120485 -0.0253183   0.992392  0.0118039
         0          0          0          1
v_world_imu: -0.000726253   0.00483808  -0.00465016
frame_57
id: 844
stamp: 1777101563.262728214
T_odom_lidar: 
  0.953713   0.280301  -0.108919    3.62963
 -0.275271   0.959551   0.059063   0.127537
  0.121069 -0.0263469   0.992294  0.0115217
         0          0          0          1
T_world_lidar: 
  0.953713   0.280301  -0.108919    3.62963
 -0.275271   0.959551   0.059063   0.127537
  0.121069 -0.0263469   0.992294  0.0115217
         0          0          0          1
v_world_imu:   -0.0062631   -0.0136039 -0.000202875
frame_58
id: 845
stamp: 1777101563.362702131
T_odom_lidar: 
  0.953447    0.28131  -0.108645     3.6302
 -0.276382   0.959276  0.0583388   0.126547
  0.120632 -0.0255955   0.992367  0.0113065
         0          0          0          1
T_world_lidar: 
  0.953447    0.28131  -0.108645     3.6302
 -0.276382   0.959276  0.0583388   0.126547
  0.120632 -0.0255955   0.992367  0.0113065
         0          0          0          1
v_world_imu:  0.00149869  0.00705856 -0.00395519
frame_59
id: 846
stamp: 1777101563.462836027
T_odom_lidar: 
  0.953805   0.280049  -0.108763    3.62992
  -0.27503   0.959624  0.0589937   0.127629
  0.120893 -0.0263553   0.992316  0.0109359
         0          0          0          1
T_world_lidar: 
  0.953805   0.280049  -0.108763    3.62992
  -0.27503   0.959624  0.0589937   0.127629
  0.120893 -0.0263553   0.992316  0.0109359
         0          0          0          1
v_world_imu: -0.000182697  -0.00793221  -0.00125008
frame_60
id: 847
stamp: 1777101563.562472582
T_odom_lidar: 
  0.953404   0.281383   -0.10883    3.62994
 -0.276431   0.959252  0.0585007   0.126702
  0.120857 -0.0256908   0.992337  0.0107736
         0          0          0          1
T_world_lidar: 
  0.953404   0.281383   -0.10883    3.62994
 -0.276431   0.959252  0.0585007   0.126702
  0.120857 -0.0256908   0.992337  0.0107736
         0          0          0          1
v_world_imu: -0.00541927  0.00373702 -0.00264787
frame_61
id: 848
stamp: 1777101563.662916660
T_odom_lidar: 
  0.953701   0.280543  -0.108402    3.62964
 -0.275591    0.95949   0.058547   0.127603
  0.120435 -0.0259617   0.992382  0.0103286
         0          0          0          1
T_world_lidar: 
  0.953701   0.280543  -0.108402    3.62964
 -0.275591    0.95949   0.058547   0.127603
  0.120435 -0.0259617   0.992382  0.0103286
         0          0          0          1
v_world_imu: -0.00500336  -0.0011451 -0.00379505
frame_62
id: 849
stamp: 1777101563.762897968
T_odom_lidar: 
  0.952936   0.283315  -0.107911    3.62404
 -0.278528    0.95871  0.0574268   0.128766
  0.119725 -0.0246678   0.992501  0.0101741
         0          0          0          1
T_world_lidar: 
  0.952936   0.283315  -0.107911    3.62404
 -0.278528    0.95871  0.0574268   0.128766
  0.119725 -0.0246678   0.992501  0.0101741
         0          0          0          1
v_world_imu:  -0.0988862   0.0443066 -0.00171304
frame_63
id: 850
stamp: 1777101563.862795591
T_odom_lidar: 
  0.950654   0.290685  -0.108438    3.61135
 -0.286145   0.956568  0.0556608    0.13235
  0.119908 -0.0218851   0.992544  0.0105759
         0          0          0          1
T_world_lidar: 
  0.950654   0.290685  -0.108438    3.61135
 -0.286145   0.956568  0.0556608    0.13235
  0.119908 -0.0218851   0.992544  0.0105759
         0          0          0          1
v_world_imu:  -0.142418  0.0644899 0.00639892
frame_64
id: 851
stamp: 1777101563.963411331
T_odom_lidar: 
  0.949579   0.294118    -0.1086    3.59928
 -0.289228    0.95546  0.0586832   0.143606
  0.121023 -0.0243142   0.992352  0.0102908
         0          0          0          1
T_world_lidar: 
  0.949579   0.294118    -0.1086    3.59928
 -0.289228    0.95546  0.0586832   0.143606
  0.121023 -0.0243142   0.992352  0.0102908
         0          0          0          1
v_world_imu:   -0.070691   0.0824148 -0.00557476
frame_65
id: 852
stamp: 1777101564.062923908
T_odom_lidar: 
  0.949675   0.294378  -0.107046    3.59442
 -0.289676   0.955399  0.0574575     0.1568
  0.119186 -0.0235574   0.992592  0.0094683
         0          0          0          1
T_world_lidar: 
  0.949675   0.294378  -0.107046    3.59442
 -0.289676   0.955399  0.0574575     0.1568
  0.119186 -0.0235574   0.992592  0.0094683
         0          0          0          1
v_world_imu:  -0.0503863    0.149731 -0.00936137
frame_66
id: 853
stamp: 1777101564.162824631
T_odom_lidar: 
  0.949111   0.296256  -0.106873    3.58453
 -0.291735   0.954854  0.0560711   0.171944
   0.11866  -0.022039    0.99269 0.00915561
         0          0          0          1
T_world_lidar: 
  0.949111   0.296256  -0.106873    3.58453
 -0.291735   0.954854  0.0560711   0.171944
   0.11866  -0.022039    0.99269 0.00915561
         0          0          0          1
v_world_imu:   -0.132462    0.187627 -0.00380607
frame_67
id: 854
stamp: 1777101564.262794018
T_odom_lidar: 
  0.948735   0.297458  -0.106869    3.57023
 -0.292772   0.954451    0.05751   0.193954
  0.119108 -0.0232735   0.992609 0.00886826
         0          0          0          1
T_world_lidar: 
  0.948735   0.297458  -0.106869    3.57023
 -0.292772   0.954451    0.05751   0.193954
  0.119108 -0.0232735   0.992609 0.00886826
         0          0          0          1
v_world_imu:  -0.127215   0.266299 -0.0100674
frame_68
id: 855
stamp: 1777101564.362909079
T_odom_lidar: 
  0.950521   0.292318  -0.105163    3.55962
 -0.287555   0.955991  0.0582551   0.218568
  0.117564 -0.0251326   0.992747 0.00776871
         0          0          0          1
T_world_lidar: 
  0.950521   0.292318  -0.105163    3.55962
 -0.287555   0.955991  0.0582551   0.218568
  0.117564 -0.0251326   0.992747 0.00776871
         0          0          0          1
v_world_imu:  -0.100381   0.207656 -0.0066512
frame_69
id: 856
stamp: 1777101564.462822914
T_odom_lidar: 
  0.949387   0.296092  -0.104852    3.54731
 -0.291239   0.954813  0.0592629   0.238965
  0.117661 -0.0257266   0.992721 0.00770537
         0          0          0          1
T_world_lidar: 
  0.949387   0.296092  -0.104852    3.54731
 -0.291239   0.954813  0.0592629   0.238965
  0.117661 -0.0257266   0.992721 0.00770537
         0          0          0          1
v_world_imu:  -0.126961   0.168525 0.00103186
frame_70
id: 857
stamp: 1777101564.561897755
T_odom_lidar: 
  0.951329   0.289981  -0.104324    3.53397
 -0.285131   0.956667  0.0590677   0.258551
  0.116932 -0.0264468   0.992788 0.00742479
         0          0          0          1
T_world_lidar: 
  0.951329   0.289981  -0.104324    3.53397
 -0.285131   0.956667  0.0590677   0.258551
  0.116932 -0.0264468   0.992788 0.00742479
         0          0          0          1
v_world_imu:  -0.122239   0.205684 -0.0077624
frame_71
id: 858
stamp: 1777101564.662897348
T_odom_lidar: 
  0.952089   0.287378  -0.104594     3.5195
  -0.28244    0.95743  0.0596255   0.269994
  0.117277 -0.0272273   0.992726 0.00753953
         0          0          0          1
T_world_lidar: 
  0.952089   0.287378  -0.104594     3.5195
  -0.28244    0.95743  0.0596255   0.269994
  0.117277 -0.0272273   0.992726 0.00753953
         0          0          0          1
v_world_imu:  -0.165432  0.0718754 0.00896317
frame_72
id: 859
stamp: 1777101564.763006210
T_odom_lidar: 
  0.951029   0.290352  -0.106016    3.50865
 -0.285631   0.956606   0.057619      0.269
  0.118146 -0.0245158   0.992694 0.00864164
         0          0          0          1
T_world_lidar: 
  0.951029   0.290352  -0.106016    3.50865
 -0.285631   0.956606   0.057619      0.269
  0.118146 -0.0245158   0.992694 0.00864164
         0          0          0          1
v_world_imu: -0.0633795 -0.0220832 0.00845049
frame_73
id: 860
stamp: 1777101564.862874746
T_odom_lidar: 
  0.950797   0.291328  -0.105423    3.50577
 -0.286709   0.956325  0.0569342   0.270006
  0.117405 -0.0239071   0.992796 0.00898966
         0          0          0          1
T_world_lidar: 
  0.950797   0.291328  -0.105423    3.50577
 -0.286709   0.956325  0.0569342   0.270006
  0.117405 -0.0239071   0.992796 0.00898966
         0          0          0          1
v_world_imu:  0.00884316   0.0338681 -0.00258342
frame_74
id: 861
stamp: 1777101564.963022470
T_odom_lidar: 
  0.951817   0.288441  -0.104144    3.50717
 -0.283811   0.957175  0.0571556   0.271484
   0.11617 -0.0248445   0.992919 0.00895494
         0          0          0          1
T_world_lidar: 
  0.951817   0.288441  -0.104144    3.50717
 -0.283811   0.957175  0.0571556   0.271484
   0.11617 -0.0248445   0.992919 0.00895494
         0          0          0          1
v_world_imu: 0.00256497 -0.0269247 0.00489132
frame_75
id: 862
stamp: 1777101565.062948704
T_odom_lidar: 
  0.950077   0.293698  -0.105338    3.50669
  -0.28922   0.955631   0.055872   0.268186
  0.117074 -0.0226169   0.992866 0.00965134
         0          0          0          1
T_world_lidar: 
  0.950077   0.293698  -0.105338    3.50669
  -0.28922   0.955631   0.055872   0.268186
  0.117074 -0.0226169   0.992866 0.00965134
         0          0          0          1
v_world_imu: -0.00780939  -0.0227442  0.00463796
frame_76
id: 863
stamp: 1777101565.162977934
T_odom_lidar: 
  0.950928   0.291195  -0.104596    3.50688
 -0.286701    0.95638  0.0560343   0.269406
   0.11635 -0.0232969   0.992935 0.00958715
         0          0          0          1
T_world_lidar: 
  0.950928   0.291195  -0.104596    3.50688
 -0.286701    0.95638  0.0560343   0.269406
   0.11635 -0.0232969   0.992935 0.00958715
         0          0          0          1
v_world_imu:  0.00521002   0.0185107 -0.00270229
frame_77
id: 864
stamp: 1777101565.263044834
T_odom_lidar: 
  0.950952   0.291546  -0.103399    3.50419
 -0.287216   0.956293  0.0548793   0.271041
  0.114879 -0.0224898   0.993125 0.00951968
         0          0          0          1
T_world_lidar: 
  0.950952   0.291546  -0.103399    3.50419
 -0.287216   0.956293  0.0548793   0.271041
  0.114879 -0.0224898   0.993125 0.00951968
         0          0          0          1
v_world_imu: -0.0841616  0.0178681 0.00417833
frame_78
id: 865
stamp: 1777101565.362985373
T_odom_lidar: 
  0.950285    0.29356  -0.103832    3.49239
 -0.289287   0.955695  0.0543988   0.273598
  0.115201 -0.0216571   0.993106   0.009882
         0          0          0          1
T_world_lidar: 
  0.950285    0.29356  -0.103832    3.49239
 -0.289287   0.955695  0.0543988   0.273598
  0.115201 -0.0216571   0.993106   0.009882
         0          0          0          1
v_world_imu:  -0.163302  0.0324975 0.00189285
frame_79
id: 866
stamp: 1777101565.462833881
T_odom_lidar: 
  0.950908   0.291505  -0.103922    3.47462
 -0.287082   0.956292  0.0555745    0.27814
   0.11558 -0.0230121   0.993032 0.00973055
         0          0          0          1
T_world_lidar: 
  0.950908   0.291505  -0.103922    3.47462
 -0.287082   0.956292  0.0555745    0.27814
   0.11558 -0.0230121   0.993032 0.00973055
         0          0          0          1
v_world_imu:    -0.19416   0.0112186 -0.00407421
frame_80
id: 867
stamp: 1777101565.562172413
T_odom_lidar: 
  0.950823    0.29155  -0.104568    3.45429
 -0.287076   0.956276  0.0558907   0.275772
  0.116291 -0.0231232   0.992946 0.00978454
         0          0          0          1
T_world_lidar: 
  0.950823    0.29155  -0.104568    3.45429
 -0.287076   0.956276  0.0558907   0.275772
  0.116291 -0.0231232   0.992946 0.00978454
         0          0          0          1
v_world_imu:  -0.199486 -0.0755891 0.00318515
frame_81
id: 868
stamp: 1777101565.662842989
T_odom_lidar: 
  0.949584    0.29532   -0.10524    3.43427
 -0.290943   0.955151  0.0551195   0.268429
  0.116798 -0.0217217   0.992918  0.0101703
         0          0          0          1
T_world_lidar: 
  0.949584    0.29532   -0.10524    3.43427
 -0.290943   0.955151  0.0551195   0.268429
  0.116798 -0.0217217   0.992918  0.0101703
         0          0          0          1
v_world_imu:    -0.190126   -0.0510187 -0.000841496
frame_82
id: 869
stamp: 1777101565.762922764
T_odom_lidar: 
  0.950142    0.29389  -0.104208     3.4137
 -0.289377   0.955552  0.0564043    0.26616
  0.116153 -0.0234366   0.992955 0.00974799
         0          0          0          1
T_world_lidar: 
  0.950142    0.29389  -0.104208     3.4137
 -0.289377   0.955552  0.0564043    0.26616
  0.116153 -0.0234366   0.992955 0.00974799
         0          0          0          1
v_world_imu:   -0.208448  -0.0251886 -0.00546548
frame_83
id: 870
stamp: 1777101565.863096237
T_odom_lidar: 
  0.949607   0.295753  -0.103809    3.39009
 -0.291197   0.954967  0.0569484   0.260053
  0.115977 -0.0238497   0.992966 0.00955467
         0          0          0          1
T_world_lidar: 
  0.949607   0.295753  -0.103809    3.39009
 -0.291197   0.954967  0.0569484   0.260053
  0.115977 -0.0238497   0.992966 0.00955467
         0          0          0          1
v_world_imu:  -0.269376  -0.078583 0.00228103
frame_84
id: 871
stamp: 1777101565.962957144
T_odom_lidar: 
  0.948353   0.299566  -0.104343    3.36249
  -0.29499   0.953787  0.0571951   0.253166
  0.116655  -0.023461   0.992895 0.00964048
         0          0          0          1
T_world_lidar: 
  0.948353   0.299566  -0.104343    3.36249
  -0.29499   0.953787  0.0571951   0.253166
  0.116655  -0.023461   0.992895 0.00964048
         0          0          0          1
v_world_imu:  -0.278321 -0.0482622  0.0013925
frame_85
id: 872
stamp: 1777101566.062817812
T_odom_lidar: 
  0.948648   0.298978  -0.103339    3.33681
 -0.294314   0.953939  0.0581285   0.248008
  0.115958 -0.0247295   0.992946 0.00947276
         0          0          0          1
T_world_lidar: 
  0.948648   0.298978  -0.103339    3.33681
 -0.294314   0.953939  0.0581285   0.248008
  0.115958 -0.0247295   0.992946 0.00947276
         0          0          0          1
v_world_imu:   -0.230765  -0.0581845 -0.00116575
frame_86
id: 873
stamp: 1777101566.163014412
T_odom_lidar: 
   0.94855   0.299731  -0.102055    3.31251
 -0.294962   0.953664  0.0593447   0.242837
  0.115113 -0.0261891   0.993007 0.00919432
         0          0          0          1
T_world_lidar: 
   0.94855   0.299731  -0.102055    3.31251
 -0.294962   0.953664  0.0593447   0.242837
  0.115113 -0.0261891   0.993007 0.00919432
         0          0          0          1
v_world_imu:    -0.27396  -0.0570117 -0.00222402
frame_87
id: 874
stamp: 1777101566.262155771
T_odom_lidar: 
  0.948349   0.300331  -0.102151    3.28658
 -0.295534   0.953471  0.0595976   0.237055
  0.115297 -0.0263302   0.992982 0.00917508
         0          0          0          1
T_world_lidar: 
  0.948349   0.300331  -0.102151    3.28658
 -0.295534   0.953471  0.0595976   0.237055
  0.115297 -0.0263302   0.992982 0.00917508
         0          0          0          1
v_world_imu:  -0.252625 -0.0587905 0.00174974
frame_88
id: 875
stamp: 1777101566.362810373
T_odom_lidar: 
   0.94734   0.303141  -0.103214    3.26104
 -0.298362   0.952607  0.0593385   0.230521
   0.11631 -0.0254185   0.992888  0.0094602
         0          0          0          1
T_world_lidar: 
   0.94734   0.303141  -0.103214    3.26104
 -0.298362   0.952607  0.0593385   0.230521
   0.11631 -0.0254185   0.992888  0.0094602
         0          0          0          1
v_world_imu:  -0.224816 -0.0677221 0.00234904
frame_89
id: 876
stamp: 1777101566.462883234
T_odom_lidar: 
  0.947495   0.303207  -0.101581    3.23947
 -0.298308   0.952535   0.060747   0.225604
  0.115179 -0.0272551   0.992971 0.00931941
         0          0          0          1
T_world_lidar: 
  0.947495   0.303207  -0.101581    3.23947
 -0.298308   0.952535   0.060747   0.225604
  0.115179 -0.0272551   0.992971 0.00931941
         0          0          0          1
v_world_imu:  -0.237606 -0.0485197 -0.0032835
frame_90
id: 877
stamp: 1777101566.562016964
T_odom_lidar: 
  0.946693    0.30543  -0.102395    3.21104
 -0.300583   0.951854  0.0602053   0.218703
  0.115854 -0.0262176    0.99292 0.00951381
         0          0          0          1
T_world_lidar: 
  0.946693    0.30543  -0.102395    3.21104
 -0.300583   0.951854  0.0602053   0.218703
  0.115854 -0.0262176    0.99292 0.00951381
         0          0          0          1
v_world_imu:  -0.306532 -0.0913348 0.00462191
frame_91
id: 878
stamp: 1777101566.663142920
T_odom_lidar: 
  0.945545   0.308725  -0.103121    3.18308
 -0.303953   0.950823  0.0595592   0.210312
  0.116437 -0.0249719   0.992884 0.00978267
         0          0          0          1
T_world_lidar: 
  0.945545   0.308725  -0.103121    3.18308
 -0.303953   0.950823  0.0595592   0.210312
  0.116437 -0.0249719   0.992884 0.00978267
         0          0          0          1
v_world_imu:   -0.251859   -0.054898 -0.00140732
frame_92
id: 879
stamp: 1777101566.762822866
T_odom_lidar: 
   0.94585   0.308078  -0.102254    3.15596
 -0.303345   0.951029  0.0593858   0.204717
  0.115542 -0.0251518   0.992984 0.00962182
         0          0          0          1
T_world_lidar: 
   0.94585   0.308078  -0.102254    3.15596
 -0.303345   0.951029  0.0593858   0.204717
  0.115542 -0.0251518   0.992984 0.00962182
         0          0          0          1
v_world_imu:    -0.283399   -0.0749322 -0.000310845
frame_93
id: 880
stamp: 1777101566.863057613
T_odom_lidar: 
  0.945051   0.310513  -0.102275    3.12704
 -0.305816   0.950249  0.0591884   0.196726
  0.115566 -0.0246587   0.992994 0.00977748
         0          0          0          1
T_world_lidar: 
  0.945051   0.310513  -0.102275    3.12704
 -0.305816   0.950249  0.0591884   0.196726
  0.115566 -0.0246587   0.992994 0.00977748
         0          0          0          1
v_world_imu:    -0.295135   -0.0777962 -0.000535059
frame_94
id: 881
stamp: 1777101566.963042259
T_odom_lidar: 
  0.944165   0.313286     -0.102     3.0984
 -0.308618   0.949347  0.0591187   0.189986
  0.115354 -0.0243389   0.993026 0.00981427
         0          0          0          1
T_world_lidar: 
  0.944165   0.313286     -0.102     3.0984
 -0.308618   0.949347  0.0591187   0.189986
  0.115354 -0.0243389   0.993026 0.00981427
         0          0          0          1
v_world_imu:   -0.278768   -0.053021 -0.00164378
frame_95
id: 882
stamp: 1777101567.063168287
T_odom_lidar: 
  0.943843   0.314264  -0.101975    3.06907
 -0.309621    0.94903  0.0589602   0.183246
  0.115307 -0.0240755   0.993038 0.00987461
         0          0          0          1
T_world_lidar: 
  0.943843   0.314264  -0.101975    3.06907
 -0.309621    0.94903  0.0589602   0.183246
  0.115307 -0.0240755   0.993038 0.00987461
         0          0          0          1
v_world_imu:  -0.296962 -0.0844748  0.0014811
frame_96
id: 883
stamp: 1777101567.163156748
T_odom_lidar: 
  0.942873   0.316891  -0.102817    3.03872
  -0.31228   0.948179  0.0586371   0.175793
   0.11607 -0.0231798   0.992971   0.010069
         0          0          0          1
T_world_lidar: 
  0.942873   0.316891  -0.102817    3.03872
  -0.31228   0.948179  0.0586371   0.175793
   0.11607 -0.0231798   0.992971   0.010069
         0          0          0          1
v_world_imu:  -0.312614 -0.0649181 0.00393605
frame_97
id: 884
stamp: 1777101567.263103962
T_odom_lidar: 
  0.942111   0.319057  -0.103099    3.01084
 -0.314454   0.947461  0.0586254   0.169555
  0.116387 -0.0228118   0.992942  0.0102518
         0          0          0          1
T_world_lidar: 
  0.942111   0.319057  -0.103099    3.01084
 -0.314454   0.947461  0.0586254   0.169555
  0.116387 -0.0228118   0.992942  0.0102518
         0          0          0          1
v_world_imu:    -0.260224    -0.050961 -0.000770358
frame_98
id: 885
stamp: 1777101567.363087654
T_odom_lidar: 
  0.941183   0.321406  -0.104278    2.98343
 -0.316879   0.946699  0.0578587   0.162955
  0.117316 -0.0214122   0.992864  0.0104853
         0          0          0          1
T_world_lidar: 
  0.941183   0.321406  -0.104278    2.98343
 -0.316879   0.946699  0.0578587   0.162955
  0.117316 -0.0214122   0.992864  0.0104853
         0          0          0          1
v_world_imu:  -0.253304 -0.0705793 0.00429199
frame_99
id: 886
stamp: 1777101567.463094234
T_odom_lidar: 
   0.94062   0.323303   -0.10349    2.96358
 -0.318642   0.946022  0.0592392   0.158798
  0.117056 -0.0227454   0.992865  0.0104975
         0          0          0          1
T_world_lidar: 
   0.94062   0.323303   -0.10349    2.96358
 -0.318642   0.946022  0.0592392   0.158798
  0.117056 -0.0227454   0.992865  0.0104975
         0          0          0          1
v_world_imu:   -0.174942  -0.0123106 -0.00293649
frame_100
id: 887
stamp: 1777101567.562228918
T_odom_lidar: 
  0.940459    0.32387  -0.103178    2.94566
 -0.319148   0.945813  0.0598506   0.156228
  0.116971 -0.0233579   0.992861  0.0104109
         0          0          0          1
T_world_lidar: 
  0.940459    0.32387  -0.103178    2.94566
 -0.319148   0.945813  0.0598506   0.156228
  0.116971 -0.0233579   0.992861  0.0104109
         0          0          0          1
v_world_imu:     -0.16701   -0.0357708 -0.000893175
frame_101
id: 888
stamp: 1777101567.663110971
T_odom_lidar: 
  0.939995   0.325109  -0.103504    2.92391
 -0.320299   0.945377  0.0605836   0.152057
  0.117546 -0.0237961   0.992782  0.0105935
         0          0          0          1
T_world_lidar: 
  0.939995   0.325109  -0.103504    2.92391
 -0.320299   0.945377  0.0605836   0.152057
  0.117546 -0.0237961   0.992782  0.0105935
         0          0          0          1
v_world_imu:  -0.227206 -0.0612663 0.00557793
frame_102
id: 889
stamp: 1777101567.763232470
T_odom_lidar: 
  0.938302   0.330018  -0.103328    2.89977
 -0.325261   0.943693   0.060411   0.149718
  0.117446 -0.0230753   0.992811  0.0109925
         0          0          0          1
T_world_lidar: 
  0.938302   0.330018  -0.103328    2.89977
 -0.325261   0.943693   0.060411   0.149718
  0.117446 -0.0230753   0.992811  0.0109925
         0          0          0          1
v_world_imu:   -0.229696 0.000911178 0.000856381
frame_103
id: 890
stamp: 1777101567.862943411
T_odom_lidar: 
  0.938205   0.330406  -0.102967     2.8696
 -0.325595   0.943542  0.0609652   0.154584
  0.117297 -0.0236722   0.992815  0.0104156
         0          0          0          1
T_world_lidar: 
  0.938205   0.330406  -0.102967     2.8696
 -0.325595   0.943542  0.0609652   0.154584
  0.117297 -0.0236722   0.992815  0.0104156
         0          0          0          1
v_world_imu:   -0.314527   0.0381344 -0.00879548
frame_104
id: 891
stamp: 1777101567.963070154
T_odom_lidar: 
  0.937867   0.331361  -0.102985    2.84031
 -0.326611   0.943222  0.0604787   0.148725
  0.117177 -0.0230851   0.992843  0.0102913
         0          0          0          1
T_world_lidar: 
  0.937867   0.331361  -0.102985    2.84031
 -0.326611   0.943222  0.0604787   0.148725
  0.117177 -0.0230851   0.992843  0.0102913
         0          0          0          1
v_world_imu:  -0.241343  -0.109455 -0.0016002
frame_105
id: 892
stamp: 1777101568.063239574
T_odom_lidar: 
  0.936003   0.336548  -0.103122    2.81316
 -0.331954   0.941424  0.0593894   0.141015
  0.117069 -0.0213568   0.992894  0.0102718
         0          0          0          1
T_world_lidar: 
  0.936003   0.336548  -0.103122    2.81316
 -0.331954   0.941424  0.0593894   0.141015
  0.117069 -0.0213568   0.992894  0.0102718
         0          0          0          1
v_world_imu:   -0.295772 -0.00852016 -0.00727296
frame_106
id: 893
stamp: 1777101568.163090944
T_odom_lidar: 
  0.937418   0.332963  -0.101899    2.78374
 -0.328237   0.942651   0.060572   0.138763
  0.116223 -0.0233343   0.992949 0.00981952
         0          0          0          1
T_world_lidar: 
  0.937418   0.332963  -0.101899    2.78374
 -0.328237   0.942651   0.060572   0.138763
  0.116223 -0.0233343   0.992949 0.00981952
         0          0          0          1
v_world_imu:  -0.293771 -0.0631708  0.0016257
frame_107
id: 894
stamp: 1777101568.263157129
T_odom_lidar: 
  0.935704    0.33757  -0.102491    2.75624
 -0.332832   0.941025  0.0607757    0.13113
  0.116962 -0.0227559   0.992876 0.00998262
         0          0          0          1
T_world_lidar: 
  0.935704    0.33757  -0.102491    2.75624
 -0.332832   0.941025  0.0607757    0.13113
  0.116962 -0.0227559   0.992876 0.00998262
         0          0          0          1
v_world_imu:  -0.270072 -0.0426476 -0.0029977
frame_108
id: 895
stamp: 1777101568.363041878
T_odom_lidar: 
  0.936793   0.334763  -0.101745     2.7277
 -0.329876   0.941981  0.0620735   0.128882
  0.116622 -0.0245868   0.992872  0.0095881
         0          0          0          1
T_world_lidar: 
  0.936793   0.334763  -0.101745     2.7277
 -0.329876   0.941981  0.0620735   0.128882
  0.116622 -0.0245868   0.992872  0.0095881
         0          0          0          1
v_world_imu:  -0.284776 -0.0388446 0.00132983
frame_109
id: 896
stamp: 1777101568.463259697
T_odom_lidar: 
  0.936016   0.336945  -0.101699    2.69906
  -0.33207    0.94121  0.0620773   0.122115
  0.116637 -0.0243342   0.992877 0.00988849
         0          0          0          1
T_world_lidar: 
  0.936016   0.336945  -0.101699    2.69906
  -0.33207    0.94121  0.0620773   0.122115
  0.116637 -0.0243342   0.992877 0.00988849
         0          0          0          1
v_world_imu:  -0.298592 -0.0761718 0.00430567
frame_110
id: 897
stamp: 1777101568.562189341
T_odom_lidar: 
  0.935342   0.338771  -0.101835    2.67052
 -0.333856   0.940552  0.0624682   0.117037
  0.116944 -0.0244308   0.992838  0.0099154
         0          0          0          1
T_world_lidar: 
  0.935342   0.338771  -0.101835    2.67052
 -0.333856   0.940552  0.0624682   0.117037
  0.116944 -0.0244308   0.992838  0.0099154
         0          0          0          1
v_world_imu:    -0.26846   -0.022707 -0.00283922
frame_111
id: 898
stamp: 1777101568.663083076
T_odom_lidar: 
  0.935961   0.337287  -0.101068    2.64347
 -0.332266   0.941048  0.0634729   0.113548
  0.116519 -0.0258266   0.992853 0.00956513
         0          0          0          1
T_world_lidar: 
  0.935961   0.337287  -0.101068    2.64347
 -0.332266   0.941048  0.0634729   0.113548
  0.116519 -0.0258266   0.992853 0.00956513
         0          0          0          1
v_world_imu:   -0.253487  -0.0618746 -0.00158702
frame_112
id: 899
stamp: 1777101568.763237476
T_odom_lidar: 
  0.935363   0.338982  -0.100936     2.6156
 -0.333942   0.940436  0.0637426   0.107823
  0.116532 -0.0259156   0.992849 0.00930371
         0          0          0          1
T_world_lidar: 
  0.935363   0.338982  -0.100936     2.6156
 -0.333942   0.940436  0.0637426   0.107823
  0.116532 -0.0259156   0.992849 0.00930371
         0          0          0          1
v_world_imu:   -0.299935  -0.0544174 -0.00255024
frame_113
id: 900
stamp: 1777101568.863110304
T_odom_lidar: 
  0.934931   0.340115  -0.101122    2.58477
 -0.335084   0.940034  0.0636832    0.10256
  0.116718  -0.025655   0.992834 0.00905575
         0          0          0          1
T_world_lidar: 
  0.934931   0.340115  -0.101122    2.58477
 -0.335084   0.940034  0.0636832    0.10256
  0.116718  -0.025655   0.992834 0.00905575
         0          0          0          1
v_world_imu:    -0.309034   -0.0636519 -0.000165082
frame_114
id: 901
stamp: 1777101568.963119030
T_odom_lidar: 
  0.933117   0.344671  -0.102443    2.55632
 -0.339768   0.938428  0.0625317  0.0953635
  0.117688 -0.0235428   0.992772 0.00918653
         0          0          0          1
T_world_lidar: 
  0.933117   0.344671  -0.102443    2.55632
 -0.339768   0.938428  0.0625317  0.0953635
  0.117688 -0.0235428   0.992772 0.00918653
         0          0          0          1
v_world_imu:   -0.239622  -0.0600953 -0.00495588
frame_115
id: 902
stamp: 1777101569.062973976
T_odom_lidar: 
  0.933618   0.343686  -0.101175    2.53053
 -0.338764   0.938766  0.0629098   0.091413
  0.116601 -0.0244593   0.992878 0.00868382
         0          0          0          1
T_world_lidar: 
  0.933618   0.343686  -0.101175    2.53053
 -0.338764   0.938766  0.0629098   0.091413
  0.116601 -0.0244593   0.992878 0.00868382
         0          0          0          1
v_world_imu:   -0.286536  -0.0415498 -0.00478344
frame_116
id: 903
stamp: 1777101569.163144827
T_odom_lidar: 
  0.932076   0.347662  -0.101809    2.49904
 -0.342834   0.937337  0.0621661  0.0847427
  0.117042 -0.0230401    0.99286 0.00860343
         0          0          0          1
T_world_lidar: 
  0.932076   0.347662  -0.101809    2.49904
 -0.342834   0.937337  0.0621661  0.0847427
  0.117042 -0.0230401    0.99286 0.00860343
         0          0          0          1
v_world_imu:   -0.325659  -0.0903402 -0.00025529
frame_117
id: 904
stamp: 1777101569.263413906
T_odom_lidar: 
  0.931089   0.350449  -0.101286    2.46969
 -0.345654   0.936303  0.0621244  0.0782463
  0.116606 -0.0228334   0.992916 0.00836647
         0          0          0          1
T_world_lidar: 
  0.931089   0.350449  -0.101286    2.46969
 -0.345654   0.936303  0.0621244  0.0782463
  0.116606 -0.0228334   0.992916 0.00836647
         0          0          0          1
v_world_imu:   -0.268541  -0.0312331 -0.00872167
frame_118
id: 905
stamp: 1777101569.363018513
T_odom_lidar: 
  0.931496   0.349694  -0.100143    2.44094
   -0.3448   0.936548    0.06317  0.0750609
  0.115879 -0.0243135   0.992966 0.00771746
         0          0          0          1
T_world_lidar: 
  0.931496   0.349694  -0.100143    2.44094
   -0.3448   0.936548    0.06317  0.0750609
  0.115879 -0.0243135   0.992966 0.00771746
         0          0          0          1
v_world_imu:   -0.289762  -0.0575009 -0.00201514
frame_119
id: 906
stamp: 1777101569.463171721
T_odom_lidar: 
   0.93052   0.352281  -0.100149    2.41101
 -0.347379   0.935582  0.0633554  0.0689215
  0.116017 -0.0241637   0.992953 0.00755465
         0          0          0          1
T_world_lidar: 
   0.93052   0.352281  -0.100149    2.41101
 -0.347379   0.935582  0.0633554  0.0689215
  0.116017 -0.0241637   0.992953 0.00755465
         0          0          0          1
v_world_imu:   -0.309684  -0.0583979 0.000919876
frame_120
id: 907
stamp: 1777101569.562403679
T_odom_lidar: 
  0.929997   0.353497  -0.100721    2.38451
 -0.348607   0.935136  0.0631924  0.0646794
  0.116526 -0.0236567   0.992906   0.007426
         0          0          0          1
T_world_lidar: 
  0.929997   0.353497  -0.100721    2.38451
 -0.348607   0.935136  0.0631924  0.0646794
  0.116526 -0.0236567   0.992906   0.007426
         0          0          0          1
v_world_imu:   -0.205866  -0.0235595 -0.00590636
frame_121
id: 908
stamp: 1777101569.663259745
T_odom_lidar: 
  0.930167   0.353159  -0.100342    2.36187
  -0.34823    0.93525  0.0635886  0.0611638
  0.116302 -0.0242058   0.992919 0.00703251
         0          0          0          1
T_world_lidar: 
  0.930167   0.353159  -0.100342    2.36187
  -0.34823    0.93525  0.0635886  0.0611638
  0.116302 -0.0242058   0.992919 0.00703251
         0          0          0          1
v_world_imu:    -0.228135   -0.0710412 -0.000816798
frame_122
id: 909
stamp: 1777101569.763155937
T_odom_lidar: 
  0.928508   0.357255  -0.101198    2.33826
 -0.352427   0.933733  0.0627445  0.0555556
  0.116908 -0.0225938   0.992886 0.00700861
         0          0          0          1
T_world_lidar: 
  0.928508   0.357255  -0.101198    2.33826
 -0.352427   0.933733  0.0627445  0.0555556
  0.116908 -0.0225938   0.992886 0.00700861
         0          0          0          1
v_world_imu:   -0.238818  -0.0439723 -0.00406294
frame_123
id: 910
stamp: 1777101569.865021467
T_odom_lidar: 
  0.927396   0.360065  -0.101437    2.31979
 -0.355262   0.932667  0.0626222  0.0520377
  0.117155 -0.0220389   0.992869 0.00696917
         0          0          0          1
T_world_lidar: 
  0.927396   0.360065  -0.101437    2.31979
 -0.355262   0.932667  0.0626222  0.0520377
  0.117155 -0.0220389   0.992869 0.00696917
         0          0          0          1
v_world_imu:   -0.132203  -0.0139527 -0.00195477
frame_124
id: 911
stamp: 1777101569.963153362
T_odom_lidar: 
  0.927574   0.359217  -0.102808    2.30619
 -0.354361   0.932999  0.0627762  0.0518442
   0.11847 -0.0217986   0.992718 0.00694187
         0          0          0          1
T_world_lidar: 
  0.927574   0.359217  -0.102808    2.30619
 -0.354361   0.932999  0.0627762  0.0518442
   0.11847 -0.0217986   0.992718 0.00694187
         0          0          0          1
v_world_imu: -0.0853532 -0.0209275 0.00506825
frame_125
id: 912
stamp: 1777101570.063262224
T_odom_lidar: 
  0.927236   0.360338  -0.101935    2.29986
 -0.355512   0.932564  0.0627333  0.0515711
  0.117666 -0.0219296   0.992811  0.0069162
         0          0          0          1
T_world_lidar: 
  0.927236   0.360338  -0.101935    2.29986
 -0.355512   0.932564  0.0627333  0.0515711
  0.117666 -0.0219296   0.992811  0.0069162
         0          0          0          1
v_world_imu:  -0.0448447   0.0183523 -0.00170444
frame_126
id: 913
stamp: 1777101570.163199902
T_odom_lidar: 
  0.927171   0.360556  -0.101754    2.29845
 -0.355731   0.932478  0.0627689  0.0527787
  0.117515 -0.0220004   0.992827 0.00683953
         0          0          0          1
T_world_lidar: 
  0.927171   0.360556  -0.101754    2.29845
 -0.355731   0.932478  0.0627689  0.0527787
  0.117515 -0.0220004   0.992827 0.00683953
         0          0          0          1
v_world_imu:  0.00429239  0.00817486 -0.00159486
frame_127
id: 914
stamp: 1777101570.263168335
T_odom_lidar: 
  0.927706   0.359323  -0.101231    2.29968
 -0.354515   0.932948  0.0626684  0.0526788
  0.116962 -0.0222499   0.992887 0.00674624
         0          0          0          1
T_world_lidar: 
  0.927706   0.359323  -0.101231    2.29968
 -0.354515   0.932948  0.0626684  0.0526788
  0.116962 -0.0222499   0.992887 0.00674624
         0          0          0          1
v_world_imu: 0.000373376  0.00241337   0.0013326
frame_128
id: 915
stamp: 1777101570.362077713
T_odom_lidar: 
  0.927405   0.360075  -0.101316    2.29925
 -0.355257   0.932658  0.0627769  0.0528374
  0.117097 -0.0222265   0.992872 0.00688445
         0          0          0          1
T_world_lidar: 
  0.927405   0.360075  -0.101316    2.29925
 -0.355257   0.932658  0.0627769  0.0528374
  0.117097 -0.0222265   0.992872 0.00688445
         0          0          0          1
v_world_imu: -0.00488776 -0.00370329  0.00135905
frame_129
id: 916
stamp: 1777101570.461882830
T_odom_lidar: 
  0.927318   0.360267  -0.101441    2.29916
 -0.355441   0.932585  0.0628221  0.0526242
  0.117235 -0.0221999   0.992856 0.00707802
         0          0          0          1
T_world_lidar: 
  0.927318   0.360267  -0.101441    2.29916
 -0.355441   0.932585  0.0628221  0.0526242
  0.117235 -0.0221999   0.992856 0.00707802
         0          0          0          1
v_world_imu:  0.00444252 -0.00451297  0.00152904
frame_130
id: 917
stamp: 1777101570.562381744
T_odom_lidar: 
  0.927232   0.360556  -0.101194    2.29947
 -0.355755   0.932475  0.0626785  0.0528555
   0.11696 -0.0221172    0.99289 0.00728073
         0          0          0          1
T_world_lidar: 
  0.927232   0.360556  -0.101194    2.29947
 -0.355755   0.932475  0.0626785  0.0528555
   0.11696 -0.0221172    0.99289 0.00728073
         0          0          0          1
v_world_imu:  -0.00476193 -0.000535755   0.00295903
frame_131
id: 918
stamp: 1777101570.663224220
T_odom_lidar: 
  0.925795   0.363871  -0.102482    2.29815
 -0.359085   0.931212  0.0624631  0.0521858
  0.118161 -0.0210281   0.992772 0.00778557
         0          0          0          1
T_world_lidar: 
  0.925795   0.363871  -0.102482    2.29815
 -0.359085   0.931212  0.0624631  0.0521858
  0.118161 -0.0210281   0.992772 0.00778557
         0          0          0          1
v_world_imu: 0.000950273   -0.035767  0.00813429
frame_132
id: 919
stamp: 1777101570.763150454
T_odom_lidar: 
  0.926909   0.361032  -0.102443    2.29849
 -0.356275   0.932316  0.0620953  0.0517975
  0.117928 -0.0210589   0.992799 0.00789736
         0          0          0          1
T_world_lidar: 
  0.926909   0.361032  -0.102443    2.29849
 -0.356275   0.932316  0.0620953  0.0517975
  0.117928 -0.0210589   0.992799 0.00789736
         0          0          0          1
v_world_imu:  0.0107353  0.0176249 0.00112505
frame_133
id: 920
stamp: 1777101570.863170385
T_odom_lidar: 
  0.926924   0.360867  -0.102893    2.29797
 -0.356141    0.93239  0.0617416  0.0517556
  0.118217 -0.0205854   0.992774 0.00823402
         0          0          0          1
T_world_lidar: 
  0.926924   0.360867  -0.102893    2.29797
 -0.356141    0.93239  0.0617416  0.0517556
  0.118217 -0.0205854   0.992774 0.00823402
         0          0          0          1
v_world_imu:  0.0316596 0.00991656 0.00388742
frame_134
id: 921
stamp: 1777101570.962137461
T_odom_lidar: 
  0.926729   0.361709  -0.101687    2.29833
  -0.35696   0.932047   0.062193  0.0523023
  0.117273 -0.0213376    0.99287 0.00848685
         0          0          0          1
T_world_lidar: 
  0.926729   0.361709  -0.101687    2.29833
  -0.35696   0.932047   0.062193  0.0523023
  0.117273 -0.0213376    0.99287 0.00848685
         0          0          0          1
v_world_imu: 0.00796228 0.00534588 0.00381334
frame_135
id: 922
stamp: 1777101571.063181162
T_odom_lidar: 
  0.927165   0.360518  -0.101941    2.29869
 -0.355787   0.932512  0.0619424  0.0516875
  0.117393 -0.0211615    0.99286 0.00888964
         0          0          0          1
T_world_lidar: 
  0.927165   0.360518  -0.101941    2.29869
 -0.355787   0.932512  0.0619424  0.0516875
  0.117393 -0.0211615    0.99286 0.00888964
         0          0          0          1
v_world_imu: -0.000263135  0.000243422   0.00560195
frame_136
id: 923
stamp: 1777101571.162169218
T_odom_lidar: 
   0.92695   0.361164  -0.101608    2.29829
 -0.356431   0.932259  0.0620522  0.0523544
  0.117136 -0.0213031   0.992887 0.00924379
         0          0          0          1
T_world_lidar: 
   0.92695   0.361164  -0.101608    2.29829
 -0.356431   0.932259  0.0620522  0.0523544
  0.117136 -0.0213031   0.992887 0.00924379
         0          0          0          1
v_world_imu: -0.00560848  0.00845437   0.0037553
frame_137
id: 924
stamp: 1777101571.263247252
T_odom_lidar: 
  0.926923   0.361676  -0.100023    2.29669
 -0.357145   0.932079  0.0606399  0.0526661
  0.115161  -0.020486   0.993136 0.00946902
         0          0          0          1
T_world_lidar: 
  0.926923   0.361676  -0.100023    2.29669
 -0.357145   0.932079  0.0606399  0.0526661
  0.115161  -0.020486   0.993136 0.00946902
         0          0          0          1
v_world_imu:  -0.0710809   0.0281465 0.000763511
frame_138
id: 925
stamp: 1777101571.362441301
T_odom_lidar: 
  0.927272   0.360668  -0.100428    2.28199
 -0.355806   0.932411  0.0633433  0.0601634
  0.116486 -0.0230037   0.992926 0.00955006
         0          0          0          1
T_world_lidar: 
  0.927272   0.360668  -0.100428    2.28199
 -0.355806   0.932411  0.0633433  0.0601634
  0.116486 -0.0230037   0.992926 0.00955006
         0          0          0          1
v_world_imu:  -0.152539  0.0507695 0.00597753
frame_139
id: 926
stamp: 1777101571.462217331
T_odom_lidar: 
  0.926832   0.361987 -0.0997369    2.26281
 -0.357229   0.931913  0.0626549  0.0656021
  0.115626 -0.0224416   0.993039  0.0100073
         0          0          0          1
T_world_lidar: 
  0.926832   0.361987 -0.0997369    2.26281
 -0.357229   0.931913  0.0626549  0.0656021
  0.115626 -0.0224416   0.993039  0.0100073
         0          0          0          1
v_world_imu:   -0.233264   0.0826579 0.000603126
frame_140
id: 927
stamp: 1777101571.562334299
T_odom_lidar: 
   0.92652   0.362519  -0.100699    2.23847
 -0.357618   0.931692  0.0637095  0.0679598
  0.116916 -0.0230165   0.992875 0.00993245
         0          0          0          1
T_world_lidar: 
   0.92652   0.362519  -0.100699    2.23847
 -0.357618   0.931692  0.0637095  0.0679598
  0.116916 -0.0230165   0.992875 0.00993245
         0          0          0          1
v_world_imu:  -0.240019  -0.018987 0.00247553
frame_141
id: 928
stamp: 1777101571.662179708
T_odom_lidar: 
   0.92619   0.363293  -0.100947    2.21222
 -0.358377   0.931392  0.0638288  0.0598296
   0.11721 -0.0229404   0.992842 0.00993856
         0          0          0          1
T_world_lidar: 
   0.92619   0.363293  -0.100947    2.21222
 -0.358377   0.931392  0.0638288  0.0598296
   0.11721 -0.0229404   0.992842 0.00993856
         0          0          0          1
v_world_imu:  -0.290652  -0.122914 0.00257336
frame_142
id: 929
stamp: 1777101571.762286186
T_odom_lidar: 
  0.926675   0.362047   -0.10097    2.18253
 -0.357234   0.931895  0.0628932  0.0488799
  0.116864 -0.0222118     0.9929 0.00983821
         0          0          0          1
T_world_lidar: 
  0.926675   0.362047   -0.10097    2.18253
 -0.357234   0.931895  0.0628932  0.0488799
  0.116864 -0.0222118     0.9929 0.00983821
         0          0          0          1
v_world_imu:  -0.298508 -0.0880521 0.00140615
frame_143
id: 930
stamp: 1777101571.863300562
T_odom_lidar: 
  0.932502   0.347073 -0.0998991    2.15233
  -0.34226   0.937531  0.0623917  0.0415158
  0.115313 -0.0239889   0.993039 0.00926423
         0          0          0          1
T_world_lidar: 
  0.932502   0.347073 -0.0998991    2.15233
  -0.34226   0.937531  0.0623917  0.0415158
  0.115313 -0.0239889   0.993039 0.00926423
         0          0          0          1
v_world_imu:   -0.280033  -0.0700805 -0.00233204
frame_144
id: 931
stamp: 1777101571.962380409
T_odom_lidar: 
  0.939242   0.328053  -0.101022     2.1213
  -0.32317   0.944316   0.061878  0.0339879
  0.115696  -0.025471   0.992958 0.00912877
         0          0          0          1
T_world_lidar: 
  0.939242   0.328053  -0.101022     2.1213
  -0.32317   0.944316   0.061878  0.0339879
  0.115696  -0.025471   0.992958 0.00912877
         0          0          0          1
v_world_imu:   -0.355774  -0.0677148 -0.00185363
frame_145
id: 932
stamp: 1777101572.062033415
T_odom_lidar: 
  0.948701   0.298842  -0.103249     2.0879
 -0.294062   0.953956  0.0591243  0.0272461
  0.116164 -0.0257296   0.992897  0.0090484
         0          0          0          1
T_world_lidar: 
  0.948701   0.298842  -0.103249     2.0879
 -0.294062   0.953956  0.0591243  0.0272461
  0.116164 -0.0257296   0.992897  0.0090484
         0          0          0          1
v_world_imu:  -0.325198 -0.0892738 0.00530319
frame_146
id: 933
stamp: 1777101572.163281679
T_odom_lidar: 
  0.957911   0.267118  -0.105145    2.05644
 -0.262407   0.963296  0.0566039  0.0205749
  0.116406 -0.0266308   0.992845 0.00895877
         0          0          0          1
T_world_lidar: 
  0.957911   0.267118  -0.105145    2.05644
 -0.262407   0.963296  0.0566039  0.0205749
  0.116406 -0.0266308   0.992845 0.00895877
         0          0          0          1
v_world_imu:    -0.30104  -0.0522307 -0.00347881
frame_147
id: 934
stamp: 1777101572.262294531
T_odom_lidar: 
  0.965966   0.235284  -0.107477    2.02585
 -0.230694   0.971555  0.0534825  0.0145443
  0.117003  -0.026868   0.992768 0.00839255
         0          0          0          1
T_world_lidar: 
  0.965966   0.235284  -0.107477    2.02585
 -0.230694   0.971555  0.0534825  0.0145443
  0.117003  -0.026868   0.992768 0.00839255
         0          0          0          1
v_world_imu:  -0.286932  -0.075199 0.00316688
frame_148
id: 935
stamp: 1777101572.362192154
T_odom_lidar: 
  0.972485   0.205751  -0.109266    1.99895
 -0.201187   0.978204  0.0513824 0.00807906
  0.117456 -0.0279857   0.992684 0.00760093
         0          0          0          1
T_world_lidar: 
  0.972485   0.205751  -0.109266    1.99895
 -0.201187   0.978204  0.0513824 0.00807906
  0.117456 -0.0279857   0.992684 0.00760093
         0          0          0          1
v_world_imu:   -0.258008   -0.053198 -0.00208155
frame_149
id: 936
stamp: 1777101572.463363171
T_odom_lidar: 
  0.979258   0.170538   -0.10941    1.97267
 -0.166037   0.984898  0.0490702 0.00198032
  0.116126 -0.0298862   0.992785 0.00741438
         0          0          0          1
T_world_lidar: 
  0.979258   0.170538   -0.10941    1.97267
 -0.166037   0.984898  0.0490702 0.00198032
  0.116126 -0.0298862   0.992785 0.00741438
         0          0          0          1
v_world_imu:    -0.278758   -0.0795471 -0.000897599
frame_150
id: 937
stamp: 1777101572.562507629
T_odom_lidar: 
   0.983764    0.140716   -0.111387     1.94542
  -0.136497    0.989632   0.0446799 -0.00807399
   0.116519  -0.0287505    0.992772  0.00565516
          0           0           0           1
T_world_lidar: 
   0.983764    0.140716   -0.111387     1.94542
  -0.136497    0.989632   0.0446799 -0.00807399
   0.116519  -0.0287505    0.992772  0.00565516
          0           0           0           1
v_world_imu:  -0.273025  -0.113828 0.00125384
frame_151
id: 938
stamp: 1777101572.663320541
T_odom_lidar: 
  0.987767   0.107046  -0.113388    1.91788
  -0.10298   0.993832  0.0411511 -0.0182008
  0.117094  -0.028971   0.992698 0.00550975
         0          0          0          1
T_world_lidar: 
  0.987767   0.107046  -0.113388    1.91788
  -0.10298   0.993832  0.0411511 -0.0182008
  0.117094  -0.028971   0.992698 0.00550975
         0          0          0          1
v_world_imu:   -0.260983   -0.104002 -0.00083905
frame_152
id: 939
stamp: 1777101572.763344288
T_odom_lidar: 
  0.990605  0.0747346  -0.114525    1.89089
-0.0707249   0.996745  0.0386892 -0.0285856
  0.117044  -0.030226   0.992667 0.00513804
         0          0          0          1
T_world_lidar: 
  0.990605  0.0747346  -0.114525    1.89089
-0.0707249   0.996745  0.0386892 -0.0285856
  0.117044  -0.030226   0.992667 0.00513804
         0          0          0          1
v_world_imu:  -0.278063  -0.109358 -0.0057831
frame_153
id: 940
stamp: 1777101572.862325430
T_odom_lidar: 
   0.99229  0.0436137  -0.116012    1.86482
-0.0397159   0.998573  0.0357009 -0.0401073
  0.117404 -0.0308181   0.992606 0.00477348
         0          0          0          1
T_world_lidar: 
   0.99229  0.0436137  -0.116012    1.86482
-0.0397159   0.998573  0.0357009 -0.0401073
  0.117404 -0.0308181   0.992606 0.00477348
         0          0          0          1
v_world_imu:   -0.253522   -0.118045 -0.00435489
frame_154
id: 941
stamp: 1777101572.963105917
T_odom_lidar: 
   0.993072   0.0104071   -0.117047     1.83938
-0.00669806    0.999464   0.0320373  -0.0524586
   0.117317  -0.0310313     0.99261  0.00451606
          0           0           0           1
T_world_lidar: 
   0.993072   0.0104071   -0.117047     1.83938
-0.00669806    0.999464   0.0320373  -0.0524586
   0.117317  -0.0310313     0.99261  0.00451606
          0           0           0           1
v_world_imu:  -0.238464  -0.122838 0.00110758
frame_155
id: 942
stamp: 1777101573.062311649
T_odom_lidar: 
  0.992918 -0.0113852  -0.118257    1.81792
 0.0148575   0.999483  0.0285218 -0.0647939
  0.117871 -0.0300768   0.992573 0.00458988
         0          0          0          1
T_world_lidar: 
  0.992918 -0.0113852  -0.118257    1.81792
 0.0148575   0.999483  0.0285218 -0.0647939
  0.117871 -0.0300768   0.992573 0.00458988
         0          0          0          1
v_world_imu:   -0.189496  -0.0958184 -0.00465923
frame_156
id: 943
stamp: 1777101573.162258863
T_odom_lidar: 
  0.991887 -0.0477973  -0.117798    1.79761
 0.0513918   0.998295  0.0276661 -0.0736171
  0.116275 -0.0334955   0.992652 0.00384767
         0          0          0          1
T_world_lidar: 
  0.991887 -0.0477973  -0.117798    1.79761
 0.0513918   0.998295  0.0276661 -0.0736171
  0.116275 -0.0334955   0.992652 0.00384767
         0          0          0          1
v_world_imu:   -0.221593    -0.10222 -0.00710822
