1777955684.338198900 0.414993 0.135160 -0.010851 -0.050471 0.243833 0.196314 0.948398
1777955684.340878248 0.414940 0.135373 -0.010919 -0.050655 0.243863 0.196607 0.948320
1777955684.346032381 0.414847 0.135814 -0.011056 -0.051044 0.244024 0.197192 0.948136
1777955684.351008892 0.414768 0.136252 -0.011206 -0.051361 0.244169 0.197635 0.947990
1777955684.356333971 0.414693 0.136692 -0.011394 -0.051625 0.244271 0.197970 0.947879
1777955684.360842228 0.414636 0.137015 -0.011575 -0.051780 0.244284 0.198236 0.947812
1777955684.366467953 0.414568 0.137331 -0.011817 -0.051949 0.244193 0.198703 0.947728
1777955684.370635748 0.414524 0.137499 -0.011998 -0.052068 0.244041 0.199213 0.947653
1777955684.376716137 0.414482 0.137665 -0.012245 -0.052228 0.243787 0.200072 0.947529
1777955684.380915642 0.414477 0.137738 -0.012403 -0.052305 0.243676 0.200583 0.947445
1777955684.386649132 0.414514 0.137808 -0.012609 -0.052340 0.243633 0.201045 0.947356
1777955684.391005993 0.414576 0.137846 -0.012761 -0.052317 0.243613 0.201285 0.947312
1777955684.396667004 0.414692 0.137885 -0.012955 -0.052290 0.243605 0.201663 0.947235
1777955684.400793314 0.414795 0.137910 -0.013095 -0.052309 0.243612 0.202059 0.947148
1777955684.406699657 0.414964 0.137962 -0.013296 -0.052375 0.243651 0.202734 0.946990
1777955684.410777569 0.415093 0.138019 -0.013439 -0.052431 0.243672 0.203162 0.946890
1777955684.416446924 0.415280 0.138148 -0.013646 -0.052497 0.243679 0.203624 0.946785
1777955684.420862913 0.415424 0.138298 -0.013816 -0.052574 0.243674 0.203925 0.946717
1777955684.426616430 0.415588 0.138568 -0.014051 -0.052758 0.243635 0.204417 0.946611
1777955684.430928946 0.415690 0.138822 -0.014233 -0.052953 0.243577 0.204900 0.946511
1777955684.436523199 0.415809 0.139199 -0.014471 -0.053245 0.243499 0.205496 0.946385
1777955684.438613892 0.415852 0.139350 -0.014560 -0.053336 0.243475 0.205656 0.946351
1777955684.438208818 0.415743 0.138484 -0.010536 -0.053186 0.243574 0.205501 0.946368
1777955684.440856218 0.415801 0.138676 -0.010635 -0.053301 0.243544 0.205703 0.946325
1777955684.446576595 0.415933 0.139100 -0.010855 -0.053506 0.243503 0.205949 0.946271
1777955684.451014519 0.416046 0.139425 -0.011027 -0.053647 0.243491 0.206078 0.946238
1777955684.456645489 0.416204 0.139805 -0.011239 -0.053820 0.243528 0.206263 0.946178
1777955684.460841656 0.416332 0.140051 -0.011389 -0.053964 0.243577 0.206501 0.946106
1777955684.466341019 0.416518 0.140318 -0.011576 -0.054134 0.243607 0.206859 0.946010
1777955684.470925808 0.416698 0.140493 -0.011727 -0.054211 0.243603 0.207079 0.945958
1777955684.476336002 0.416938 0.140650 -0.011908 -0.054240 0.243611 0.207171 0.945934
1777955684.480913401 0.417161 0.140750 -0.012065 -0.054226 0.243621 0.207147 0.945938
1777955684.486593485 0.417455 0.140845 -0.012270 -0.054177 0.243602 0.207079 0.945960
1777955684.491130590 0.417700 0.140911 -0.012447 -0.054117 0.243544 0.207025 0.945991
1777955684.496627569 0.418011 0.141008 -0.012682 -0.054017 0.243418 0.207003 0.946034
1777955684.500972986 0.418264 0.141116 -0.012881 -0.053951 0.243311 0.207034 0.946058
1777955684.506371737 0.418588 0.141313 -0.013134 -0.053936 0.243221 0.207161 0.946054
1777955684.510937214 0.418878 0.141547 -0.013345 -0.053956 0.243161 0.207231 0.946053
1777955684.516308069 0.419252 0.141894 -0.013577 -0.053973 0.243172 0.207158 0.946065
1777955684.520886898 0.419599 0.142238 -0.013756 -0.054016 0.243332 0.207035 0.946049
1777955684.526394606 0.420029 0.142682 -0.013960 -0.054166 0.243663 0.207064 0.945949
1777955684.530538559 0.420354 0.143023 -0.014113 -0.054328 0.243906 0.207242 0.945838
1777955684.536483049 0.420814 0.143494 -0.014335 -0.054535 0.244178 0.207538 0.945691
1777955684.538525820 0.420969 0.143648 -0.014412 -0.054580 0.244285 0.207600 0.945647
1777955684.538115978 0.417661 0.140198 -0.010178 -0.054268 0.244015 0.207476 0.945762
1777955684.540629625 0.417830 0.140362 -0.010257 -0.054324 0.244147 0.207553 0.945708
1777955684.546488285 0.418188 0.140704 -0.010445 -0.054405 0.244470 0.207646 0.945599
1777955684.551049471 0.418419 0.140927 -0.010600 -0.054441 0.244652 0.207718 0.945534
1777955684.556496620 0.418636 0.141138 -0.010796 -0.054425 0.244780 0.207752 0.945495
1777955684.561005354 0.418768 0.141265 -0.010962 -0.054361 0.244870 0.207703 0.945486
1777955684.566671610 0.418868 0.141369 -0.011171 -0.054230 0.244938 0.207616 0.945495
1777955684.570752859 0.418890 0.141414 -0.011322 -0.054152 0.244910 0.207613 0.945507
1777955684.576395512 0.418858 0.141446 -0.011526 -0.054068 0.244801 0.207669 0.945528
1777955684.580919266 0.418782 0.141455 -0.011685 -0.054023 0.244737 0.207704 0.945539
1777955684.586578369 0.418629 0.141458 -0.011884 -0.053971 0.244668 0.207683 0.945565
1777955684.591071606 0.418465 0.141458 -0.012046 -0.053941 0.244540 0.207663 0.945604
1777955684.596466064 0.418230 0.141453 -0.012250 -0.053870 0.244288 0.207624 0.945682
1777955684.600658655 0.418025 0.141444 -0.012413 -0.053799 0.244055 0.207574 0.945757
1777955684.606573343 0.417719 0.141432 -0.012648 -0.053713 0.243747 0.207491 0.945859
1777955684.610797882 0.417499 0.141429 -0.012819 -0.053654 0.243521 0.207415 0.945937
1777955684.616550922 0.417216 0.141440 -0.013051 -0.053592 0.243207 0.207292 0.946049
1777955684.620834827 0.417026 0.141463 -0.013222 -0.053578 0.243000 0.207207 0.946121
1777955684.626394033 0.416822 0.141514 -0.013439 -0.053583 0.242782 0.207091 0.946202
1777955684.630852222 0.416699 0.141570 -0.013610 -0.053607 0.242659 0.207016 0.946249
1777955684.636442184 0.416595 0.141664 -0.013823 -0.053680 0.242587 0.207007 0.946265
1777955684.638576269 0.416570 0.141707 -0.013905 -0.053728 0.242596 0.207043 0.946253
1777955684.638626575 0.416523 0.140246 -0.009655 -0.053570 0.242704 0.206944 0.946255
1777955684.640666962 0.416507 0.140285 -0.009722 -0.053616 0.242713 0.206978 0.946243
1777955684.646634340 0.416499 0.140425 -0.009924 -0.053768 0.242793 0.207075 0.946193
1777955684.651108742 0.416529 0.140552 -0.010079 -0.053864 0.242879 0.207064 0.946168
1777955684.656518698 0.416600 0.140719 -0.010269 -0.053934 0.243007 0.206927 0.946161
1777955684.660869360 0.416678 0.140860 -0.010423 -0.053974 0.243131 0.206808 0.946153
1777955684.666620493 0.416793 0.141044 -0.010631 -0.054058 0.243292 0.206775 0.946113
1777955684.670915127 0.416884 0.141181 -0.010789 -0.054146 0.243380 0.206869 0.946065
1777955684.676681995 0.417005 0.141365 -0.010997 -0.054288 0.243471 0.207084 0.945987
1777955684.680887699 0.417093 0.141500 -0.011143 -0.054382 0.243533 0.207214 0.945937
1777955684.686644554 0.417204 0.141681 -0.011339 -0.054485 0.243611 0.207313 0.945889
1777955684.691436291 0.417284 0.141829 -0.011504 -0.054559 0.243661 0.207368 0.945860
1777955684.696572781 0.417350 0.141976 -0.011685 -0.054621 0.243699 0.207447 0.945829
1777955684.700701714 0.417386 0.142081 -0.011834 -0.054653 0.243714 0.207539 0.945803
1777955684.706601620 0.417410 0.142206 -0.012057 -0.054667 0.243671 0.207740 0.945769
1777955684.710903645 0.417409 0.142279 -0.012227 -0.054665 0.243581 0.207913 0.945755
1777955684.716577530 0.417394 0.142358 -0.012456 -0.054651 0.243405 0.208108 0.945758
1777955684.720839977 0.417381 0.142406 -0.012629 -0.054610 0.243259 0.208176 0.945783
1777955684.726523161 0.417373 0.142457 -0.012859 -0.054524 0.243086 0.208202 0.945827
1777955684.730904579 0.417378 0.142491 -0.013036 -0.054461 0.242962 0.208241 0.945854
1777955684.736412525 0.417405 0.142533 -0.013258 -0.054400 0.242778 0.208344 0.945882
1777955684.738566637 0.417425 0.142551 -0.013344 -0.054370 0.242713 0.208383 0.945892
1777955684.738612413 0.416510 0.140232 -0.009905 -0.054155 0.242715 0.208293 0.945923
1777955684.740606308 0.416531 0.140241 -0.009975 -0.054127 0.242655 0.208330 0.945932
1777955684.746569395 0.416631 0.140284 -0.010181 -0.054051 0.242546 0.208410 0.945947
1777955684.751168728 0.416744 0.140341 -0.010338 -0.054015 0.242527 0.208482 0.945938
1777955684.756429672 0.416908 0.140442 -0.010518 -0.054001 0.242556 0.208583 0.945909
1777955684.760799646 0.417073 0.140559 -0.010671 -0.054002 0.242614 0.208651 0.945879
1777955684.766583920 0.417328 0.140762 -0.010877 -0.053996 0.242728 0.208680 0.945843
1777955684.770876646 0.417540 0.140947 -0.011034 -0.053999 0.242830 0.208665 0.945821
1777955684.776670218 0.417848 0.141239 -0.011249 -0.054045 0.242961 0.208658 0.945786
1777955684.780885458 0.418084 0.141478 -0.011408 -0.054106 0.243052 0.208687 0.945752
1777955684.786600351 0.418412 0.141830 -0.011621 -0.054230 0.243185 0.208738 0.945700
1777955684.790987492 0.418668 0.142116 -0.011784 -0.054332 0.243300 0.208777 0.945656
1777955684.796588659 0.418993 0.142488 -0.011994 -0.054458 0.243435 0.208800 0.945609
1777955684.800595522 0.419221 0.142752 -0.012147 -0.054528 0.243521 0.208798 0.945583
1777955684.806456566 0.419541 0.143120 -0.012375 -0.054592 0.243647 0.208793 0.945548
1777955684.810716629 0.419761 0.143368 -0.012543 -0.054632 0.243746 0.208786 0.945522
1777955684.816556692 0.420042 0.143674 -0.012776 -0.054664 0.243860 0.208766 0.945495
1777955684.820627451 0.420223 0.143860 -0.012939 -0.054680 0.243895 0.208754 0.945488
1777955684.826519489 0.420459 0.144088 -0.013175 -0.054699 0.243901 0.208751 0.945486
1777955684.830823898 0.420612 0.144227 -0.013346 -0.054708 0.243878 0.208739 0.945494
1777955684.836507797 0.420794 0.144381 -0.013576 -0.054685 0.243818 0.208673 0.945525
1777955684.838821650 0.420862 0.144437 -0.013671 -0.054660 0.243777 0.208617 0.945550
1777955684.838627577 0.419112 0.141507 -0.009474 -0.054348 0.243700 0.208524 0.945608
1777955684.840931416 0.419170 0.141546 -0.009556 -0.054322 0.243659 0.208468 0.945632
1777955684.846650839 0.419301 0.141637 -0.009759 -0.054248 0.243537 0.208310 0.945703
1777955684.851510763 0.419397 0.141719 -0.009932 -0.054213 0.243445 0.208257 0.945740
1777955684.856166124 0.419483 0.141808 -0.010104 -0.054204 0.243368 0.208238 0.945765
1777955684.860818386 0.419576 0.141906 -0.010282 -0.054164 0.243289 0.208162 0.945804
1777955684.866638422 0.419708 0.142038 -0.010501 -0.054093 0.243255 0.208048 0.945842
1777955684.870795488 0.419809 0.142139 -0.010652 -0.054091 0.243291 0.208050 0.945832
1777955684.876558781 0.419962 0.142291 -0.010853 -0.054124 0.243361 0.208118 0.945798
1777955684.880915165 0.420089 0.142419 -0.010999 -0.054150 0.243429 0.208126 0.945777
1777955684.886708498 0.420260 0.142601 -0.011183 -0.054193 0.243627 0.208061 0.945737
1777955684.891000748 0.420379 0.142739 -0.011317 -0.054229 0.243822 0.208006 0.945697
1777955684.896421194 0.420501 0.142904 -0.011494 -0.054285 0.243981 0.208034 0.945647
1777955684.900677443 0.420566 0.143021 -0.011641 -0.054331 0.244039 0.208129 0.945608
1777955684.906435728 0.420609 0.143161 -0.011851 -0.054351 0.244080 0.208247 0.945571
1777955684.910682440 0.420606 0.143252 -0.012013 -0.054329 0.244088 0.208263 0.945566
1777955684.916548491 0.420552 0.143370 -0.012249 -0.054262 0.244022 0.208207 0.945600
1777955684.920607090 0.420485 0.143449 -0.012415 -0.054218 0.243940 0.208135 0.945639
1777955684.926483393 0.420352 0.143553 -0.012651 -0.054170 0.243836 0.208028 0.945692
1777955684.931111097 0.420227 0.143623 -0.012831 -0.054160 0.243760 0.207991 0.945721
1777955684.936513662 0.420067 0.143688 -0.013042 -0.054162 0.243609 0.208037 0.945749
1777955684.938591719 0.420003 0.143709 -0.013124 -0.054167 0.243530 0.208074 0.945761
1777955684.938383579 0.417957 0.140733 -0.009571 -0.053922 0.243493 0.207948 0.945813
1777955684.940611124 0.417881 0.140741 -0.009647 -0.053926 0.243408 0.207988 0.945825
1777955684.946607828 0.417681 0.140753 -0.009850 -0.053942 0.243212 0.208058 0.945859
1777955684.950628996 0.417557 0.140757 -0.009982 -0.053947 0.243120 0.208030 0.945889
1777955684.956687689 0.417395 0.140757 -0.010184 -0.053916 0.242989 0.207883 0.945957
1777955684.960878134 0.417303 0.140752 -0.010327 -0.053887 0.242907 0.207782 0.946002
1777955684.966629982 0.417204 0.140736 -0.010531 -0.053865 0.242818 0.207752 0.946032
1777955684.970689297 0.417156 0.140722 -0.010679 -0.053866 0.242749 0.207816 0.946036
1777955684.976635218 0.417120 0.140715 -0.010898 -0.053883 0.242665 0.207927 0.946032
1777955684.980928659 0.417120 0.140729 -0.011055 -0.053896 0.242639 0.207940 0.946035
1777955684.986629963 0.417154 0.140784 -0.011259 -0.053908 0.242667 0.207850 0.946047
1777955684.991065502 0.417200 0.140857 -0.011412 -0.053943 0.242732 0.207760 0.946048
1777955684.996507168 0.417268 0.140975 -0.011598 -0.054035 0.242847 0.207746 0.946016
1777955685.000723362 0.417323 0.141084 -0.011744 -0.054139 0.242934 0.207831 0.945970
1777955685.006456375 0.417398 0.141250 -0.011951 -0.054268 0.243027 0.207988 0.945904
1777955685.010906935 0.417451 0.141389 -0.012118 -0.054338 0.243092 0.208067 0.945866
1777955685.016515970 0.417503 0.141578 -0.012337 -0.054404 0.243172 0.208106 0.945833
1777955685.020996809 0.417528 0.141737 -0.012515 -0.054452 0.243216 0.208112 0.945817
1777955685.026580095 0.417542 0.141934 -0.012738 -0.054513 0.243236 0.208103 0.945811
1777955685.031088114 0.417546 0.142081 -0.012917 -0.054537 0.243214 0.208093 0.945817
1777955685.036529303 0.417546 0.142233 -0.013131 -0.054550 0.243142 0.208116 0.945830
1777955685.038587570 0.417546 0.142283 -0.013211 -0.054559 0.243107 0.208151 0.945831
1777955685.038455248 0.415619 0.138784 -0.010132 -0.054213 0.243120 0.208055 0.945868
1777955685.040655613 0.415613 0.138818 -0.010209 -0.054222 0.243082 0.208093 0.945869
1777955685.046482325 0.415601 0.138887 -0.010414 -0.054237 0.242980 0.208229 0.945864
1777955685.050594330 0.415602 0.138922 -0.010558 -0.054235 0.242924 0.208283 0.945867
1777955685.056568623 0.415622 0.138958 -0.010767 -0.054185 0.242876 0.208260 0.945887
1777955685.060921192 0.415652 0.138975 -0.010922 -0.054131 0.242842 0.208227 0.945906
1777955685.066429377 0.415705 0.138986 -0.011126 -0.054055 0.242786 0.208242 0.945922
1777955685.070978880 0.415762 0.138990 -0.011299 -0.053990 0.242731 0.208298 0.945927
1777955685.076554060 0.415854 0.139002 -0.011515 -0.053907 0.242685 0.208377 0.945927
1777955685.080936670 0.415941 0.139025 -0.011684 -0.053859 0.242661 0.208419 0.945926
1777955685.086490631 0.416070 0.139086 -0.011897 -0.053815 0.242642 0.208444 0.945928
1777955685.091105223 0.416194 0.139167 -0.012070 -0.053815 0.242642 0.208436 0.945930
1777955685.096413851 0.416353 0.139292 -0.012266 -0.053835 0.242677 0.208413 0.945925
1777955685.100672007 0.416495 0.139412 -0.012422 -0.053868 0.242738 0.208403 0.945910
1777955685.106470585 0.416701 0.139596 -0.012636 -0.053919 0.242843 0.208428 0.945874
1777955685.110764742 0.416859 0.139745 -0.012800 -0.053960 0.242936 0.208464 0.945840
1777955685.116552591 0.417074 0.139960 -0.013026 -0.054011 0.243090 0.208493 0.945791
1777955685.120770216 0.417228 0.140125 -0.013195 -0.054044 0.243217 0.208468 0.945762
1777955685.126652718 0.417435 0.140358 -0.013430 -0.054088 0.243385 0.208371 0.945738
1777955685.130952835 0.417575 0.140526 -0.013602 -0.054123 0.243479 0.208297 0.945728
1777955685.136568308 0.417737 0.140729 -0.013826 -0.054190 0.243578 0.208232 0.945713
1777955685.138746023 0.417792 0.140803 -0.013912 -0.054213 0.243605 0.208222 0.945707
1777955685.138535261 0.417615 0.140045 -0.009819 -0.054156 0.243773 0.208094 0.945695
1777955685.140881300 0.417672 0.140119 -0.009898 -0.054181 0.243803 0.208082 0.945688
1777955685.146418333 0.417784 0.140281 -0.010088 -0.054217 0.243833 0.208042 0.945687
1777955685.150600910 0.417847 0.140391 -0.010233 -0.054229 0.243830 0.207980 0.945701
1777955685.156475782 0.417904 0.140533 -0.010438 -0.054223 0.243798 0.207849 0.945738
1777955685.161028385 0.417922 0.140631 -0.010599 -0.054213 0.243752 0.207739 0.945775
1777955685.166541338 0.417919 0.140735 -0.010799 -0.054195 0.243675 0.207621 0.945822
1777955685.170883179 0.417899 0.140806 -0.010961 -0.054172 0.243595 0.207547 0.945860
1777955685.176583052 0.417861 0.140890 -0.011179 -0.054131 0.243466 0.207462 0.945914
1777955685.180935860 0.417828 0.140950 -0.011347 -0.054092 0.243348 0.207386 0.945963
1777955685.186497211 0.417788 0.141029 -0.011560 -0.054045 0.243215 0.207299 0.946019
1777955685.191058397 0.417762 0.141100 -0.011731 -0.054034 0.243128 0.207255 0.946052
1777955685.196496964 0.417751 0.141189 -0.011932 -0.054033 0.243043 0.207210 0.946084
1777955685.200682640 0.417762 0.141258 -0.012084 -0.054023 0.243003 0.207172 0.946103
1777955685.206467628 0.417804 0.141353 -0.012294 -0.054023 0.243004 0.207165 0.946104
1777955685.210597992 0.417851 0.141420 -0.012446 -0.054036 0.243029 0.207223 0.946084
1777955685.216538668 0.417939 0.141519 -0.012670 -0.054052 0.243101 0.207346 0.946038
1777955685.220865250 0.418018 0.141594 -0.012835 -0.054049 0.243185 0.207403 0.946004
1777955685.226470947 0.418129 0.141695 -0.013049 -0.054029 0.243331 0.207439 0.945960
1777955685.230871677 0.418216 0.141778 -0.013216 -0.054038 0.243441 0.207483 0.945921
1777955685.236407280 0.418316 0.141883 -0.013428 -0.054065 0.243532 0.207578 0.945876
1777955685.238616228 0.418351 0.141926 -0.013512 -0.054082 0.243558 0.207629 0.945857
1777955685.238184214 0.417178 0.138941 -0.009289 -0.053799 0.243553 0.207523 0.945897
1777955685.240686893 0.417211 0.138974 -0.009370 -0.053818 0.243582 0.207581 0.945876
1777955685.246572733 0.417266 0.139051 -0.009561 -0.053872 0.243639 0.207717 0.945829
1777955685.250775814 0.417286 0.139107 -0.009700 -0.053907 0.243651 0.207791 0.945807
1777955685.256428003 0.417284 0.139184 -0.009892 -0.053951 0.243618 0.207853 0.945800
1777955685.260451317 0.417264 0.139239 -0.010031 -0.053974 0.243577 0.207888 0.945801
1777955685.266447306 0.417207 0.139320 -0.010244 -0.054017 0.243492 0.207942 0.945809
1777955685.270599842 0.417154 0.139372 -0.010395 -0.054039 0.243415 0.207978 0.945819
1777955685.276414156 0.417070 0.139440 -0.010611 -0.054045 0.243273 0.208019 0.945846
1777955685.280838966 0.417005 0.139487 -0.010778 -0.054048 0.243169 0.208050 0.945866
1777955685.286499500 0.416929 0.139542 -0.010991 -0.054055 0.243064 0.208078 0.945887
1777955685.290965080 0.416882 0.139583 -0.011156 -0.054065 0.242991 0.208078 0.945905
1777955685.296516657 0.416844 0.139631 -0.011357 -0.054082 0.242917 0.208069 0.945925
1777955685.300700903 0.416831 0.139666 -0.011506 -0.054105 0.242875 0.208072 0.945934
1777955685.306465387 0.416838 0.139713 -0.011711 -0.054140 0.242834 0.208093 0.945938
1777955685.310563803 0.416860 0.139747 -0.011858 -0.054159 0.242823 0.208112 0.945935
1777955685.316527605 0.416909 0.139802 -0.012080 -0.054168 0.242841 0.208131 0.945926
1777955685.320901394 0.416956 0.139851 -0.012247 -0.054164 0.242876 0.208137 0.945916
1777955685.326456308 0.417026 0.139927 -0.012462 -0.054152 0.242935 0.208127 0.945903
1777955685.330905437 0.417085 0.140004 -0.012635 -0.054160 0.242978 0.208122 0.945893
1777955685.336434841 0.417159 0.140118 -0.012849 -0.054184 0.243026 0.208128 0.945878
1777955685.338537931 0.417187 0.140167 -0.012930 -0.054203 0.243043 0.208132 0.945872
1777955685.338400841 0.417106 0.140437 -0.009044 -0.054218 0.243224 0.208002 0.945853
1777955685.340628147 0.417136 0.140493 -0.009117 -0.054238 0.243242 0.208006 0.945846
1777955685.346540451 0.417212 0.140656 -0.009311 -0.054306 0.243280 0.208020 0.945829
1777955685.350759745 0.417261 0.140779 -0.009451 -0.054341 0.243297 0.208027 0.945822
1777955685.356586456 0.417320 0.140953 -0.009646 -0.054402 0.243306 0.208030 0.945815
1777955685.360634089 0.417356 0.141074 -0.009784 -0.054432 0.243308 0.208023 0.945814
1777955685.366386652 0.417405 0.141237 -0.009984 -0.054463 0.243301 0.208012 0.945817
1777955685.370980501 0.417441 0.141357 -0.010147 -0.054466 0.243291 0.208004 0.945821
1777955685.376463413 0.417486 0.141484 -0.010346 -0.054449 0.243281 0.207995 0.945827
1777955685.380890131 0.417523 0.141574 -0.010509 -0.054425 0.243275 0.207997 0.945829
1777955685.386743784 0.417576 0.141679 -0.010726 -0.054392 0.243257 0.208000 0.945835
1777955685.391028166 0.417619 0.141749 -0.010884 -0.054366 0.243245 0.207999 0.945840
1777955685.396620989 0.417683 0.141836 -0.011088 -0.054328 0.243227 0.207989 0.945849
1777955685.400908947 0.417736 0.141904 -0.011242 -0.054310 0.243213 0.207977 0.945856
1777955685.406644583 0.417813 0.141999 -0.011449 -0.054292 0.243199 0.207974 0.945861
1777955685.410913944 0.417873 0.142076 -0.011604 -0.054283 0.243195 0.207969 0.945864
1777955685.416697025 0.417956 0.142190 -0.011819 -0.054262 0.243191 0.207961 0.945868
1777955685.420617819 0.418014 0.142275 -0.011970 -0.054240 0.243189 0.207954 0.945871
1777955685.426658630 0.418107 0.142421 -0.012206 -0.054206 0.243194 0.207935 0.945876
1777955685.430966616 0.418175 0.142535 -0.012376 -0.054195 0.243210 0.207921 0.945875
1777955685.436689615 0.418272 0.142699 -0.012600 -0.054199 0.243240 0.207906 0.945871
1777955685.438666344 0.418306 0.142759 -0.012676 -0.054205 0.243251 0.207899 0.945869
1777955685.438301325 0.416830 0.139265 -0.009621 -0.053852 0.243233 0.207828 0.945910
1777955685.440654516 0.416868 0.139320 -0.009702 -0.053859 0.243246 0.207819 0.945908
1777955685.446755648 0.416969 0.139468 -0.009913 -0.053895 0.243287 0.207793 0.945901
1777955685.451042891 0.417044 0.139576 -0.010061 -0.053918 0.243316 0.207777 0.945896
1777955685.456642151 0.417142 0.139719 -0.010255 -0.053952 0.243359 0.207758 0.945887
1777955685.460581303 0.417212 0.139820 -0.010392 -0.053976 0.243392 0.207743 0.945880
1777955685.466461420 0.417312 0.139965 -0.010598 -0.054023 0.243444 0.207723 0.945869
1777955685.470800638 0.417380 0.140067 -0.010753 -0.054049 0.243482 0.207701 0.945862
1777955685.478584766 0.417486 0.140238 -0.011039 -0.054088 0.243535 0.207662 0.945855
1777955685.480541229 0.417508 0.140278 -0.011113 -0.054091 0.243545 0.207654 0.945854
1777955685.486563444 0.417563 0.140396 -0.011343 -0.054102 0.243559 0.207626 0.945856
1777955685.490912199 0.417591 0.140477 -0.011511 -0.054102 0.243554 0.207607 0.945861
1777955685.496528864 0.417612 0.140575 -0.011726 -0.054112 0.243526 0.207582 0.945874
1777955685.501045942 0.417619 0.140652 -0.011898 -0.054136 0.243483 0.207568 0.945886
1777955685.506553411 0.417617 0.140741 -0.012107 -0.054175 0.243413 0.207554 0.945905
1777955685.510887384 0.417610 0.140810 -0.012273 -0.054206 0.243349 0.207549 0.945921
1777955685.516346931 0.417597 0.140893 -0.012486 -0.054233 0.243269 0.207558 0.945938
1777955685.520628691 0.417586 0.140956 -0.012656 -0.054240 0.243213 0.207563 0.945951
1777955685.526454210 0.417575 0.141039 -0.012892 -0.054243 0.243151 0.207570 0.945965
1777955685.530915499 0.417575 0.141102 -0.013075 -0.054230 0.243114 0.207573 0.945975
1777955685.536466599 0.417588 0.141178 -0.013300 -0.054223 0.243093 0.207585 0.945978
1777955685.538563728 0.417598 0.141207 -0.013385 -0.054229 0.243090 0.207603 0.945974
1777955685.538153410 0.417126 0.139451 -0.009468 -0.054066 0.243175 0.207510 0.945982
1777955685.540593863 0.417139 0.139476 -0.009553 -0.054072 0.243172 0.207530 0.945978
1777955685.546602011 0.417184 0.139539 -0.009758 -0.054111 0.243183 0.207611 0.945955
1777955685.550690174 0.417224 0.139583 -0.009896 -0.054131 0.243205 0.207664 0.945937
1777955685.556509018 0.417291 0.139648 -0.010092 -0.054163 0.243251 0.207729 0.945909
1777955685.560734034 0.417343 0.139697 -0.010235 -0.054175 0.243293 0.207770 0.945889
1777955685.566737890 0.417414 0.139769 -0.010441 -0.054192 0.243350 0.207828 0.945860
1777955685.570763350 0.417456 0.139820 -0.010582 -0.054201 0.243380 0.207877 0.945841
1777955685.576653481 0.417506 0.139898 -0.010794 -0.054210 0.243415 0.207947 0.945816
1777955685.580817223 0.417531 0.139957 -0.010948 -0.054210 0.243433 0.207983 0.945804
1777955685.586741686 0.417551 0.140048 -0.011169 -0.054207 0.243419 0.208009 0.945802
1777955685.590993166 0.417554 0.140119 -0.011328 -0.054205 0.243408 0.208027 0.945801
1777955685.596604586 0.417545 0.140217 -0.011538 -0.054230 0.243382 0.208045 0.945802
1777955685.600737810 0.417531 0.140293 -0.011690 -0.054243 0.243353 0.208055 0.945807
1777955685.606552362 0.417508 0.140398 -0.011904 -0.054280 0.243287 0.208064 0.945819
1777955685.610911608 0.417490 0.140475 -0.012066 -0.054307 0.243238 0.208071 0.945829
1777955685.616905928 0.417468 0.140575 -0.012293 -0.054319 0.243185 0.208066 0.945843
1777955685.621137381 0.417457 0.140641 -0.012457 -0.054327 0.243148 0.208062 0.945853
1777955685.626768827 0.417450 0.140724 -0.012680 -0.054290 0.243123 0.208029 0.945869
1777955685.630738974 0.417452 0.140779 -0.012839 -0.054265 0.243106 0.208005 0.945880
1777955685.636521101 0.417466 0.140859 -0.013070 -0.054260 0.243098 0.207995 0.945884
1777955685.638489962 0.417475 0.140887 -0.013148 -0.054258 0.243095 0.207992 0.945886
1777955685.638167620 0.417060 0.139248 -0.009762 -0.054061 0.243176 0.207895 0.945898
1777955685.641439438 0.417077 0.139284 -0.009875 -0.054059 0.243171 0.207889 0.945900
1777955685.646660805 0.417112 0.139345 -0.010055 -0.054076 0.243179 0.207878 0.945900
1777955685.650794983 0.417147 0.139399 -0.010196 -0.054089 0.243185 0.207869 0.945899
1777955685.656632662 0.417202 0.139486 -0.010397 -0.054112 0.243199 0.207857 0.945897
1777955685.660657167 0.417242 0.139554 -0.010537 -0.054128 0.243208 0.207848 0.945896
1777955685.666521311 0.417301 0.139663 -0.010743 -0.054154 0.243215 0.207831 0.945896
1777955685.671100378 0.417348 0.139757 -0.010907 -0.054175 0.243221 0.207818 0.945897
1777955685.676379442 0.417402 0.139871 -0.011100 -0.054199 0.243235 0.207819 0.945891
1777955685.680852413 0.417446 0.139971 -0.011268 -0.054219 0.243247 0.207819 0.945887
1777955685.686638355 0.417503 0.140103 -0.011486 -0.054235 0.243238 0.207852 0.945881
1777955685.690838337 0.417545 0.140200 -0.011644 -0.054247 0.243231 0.207875 0.945877
1777955685.696553469 0.417609 0.140319 -0.011855 -0.054244 0.243226 0.207825 0.945890
1777955685.700719118 0.417665 0.140390 -0.012005 -0.054242 0.243222 0.207789 0.945899
1777955685.706547737 0.417756 0.140474 -0.012229 -0.054251 0.243187 0.207717 0.945923
1777955685.710860968 0.417833 0.140529 -0.012414 -0.054258 0.243160 0.207663 0.945941
1777955685.716551065 0.417954 0.140599 -0.012666 -0.054172 0.242939 0.207474 0.946045
1777955685.720904350 0.418067 0.140658 -0.012855 -0.054106 0.242770 0.207329 0.946124
1777955685.726423025 0.418232 0.140775 -0.013094 -0.054141 0.242727 0.207329 0.946133
1777955685.730599642 0.418370 0.140914 -0.013277 -0.054168 0.242695 0.207330 0.946139
1777955685.736492872 0.418611 0.141161 -0.013520 -0.054117 0.242855 0.206867 0.946202
1777955685.738703489 0.418719 0.141263 -0.013601 -0.054098 0.242916 0.206693 0.946226
1777955685.738408804 0.418029 0.140034 -0.009495 -0.053945 0.242958 0.206591 0.946246
1777955685.740707397 0.418149 0.140140 -0.009562 -0.053925 0.243021 0.206410 0.946271
1777955685.746492624 0.418454 0.140408 -0.009721 -0.054138 0.243417 0.206559 0.946124
1777955685.750595808 0.418656 0.140591 -0.009831 -0.054289 0.243699 0.206665 0.946020
1777955685.756567001 0.418926 0.140835 -0.009988 -0.054448 0.243971 0.206919 0.945885
1777955685.760838747 0.419100 0.140987 -0.010100 -0.054561 0.244165 0.207101 0.945788
1777955685.766723156 0.419273 0.141165 -0.010270 -0.054598 0.244384 0.207032 0.945745
1777955685.770728350 0.419324 0.141265 -0.010404 -0.054624 0.244533 0.206985 0.945715
1777955685.776706219 0.419315 0.141372 -0.010624 -0.054534 0.244319 0.206823 0.945811
1777955685.780954123 0.419256 0.141411 -0.010790 -0.054470 0.244167 0.206708 0.945879
1777955685.786492825 0.419124 0.141433 -0.011025 -0.054329 0.243830 0.206610 0.945996
1777955685.790920258 0.418983 0.141437 -0.011228 -0.054217 0.243560 0.206531 0.946089
1777955685.796437263 0.418796 0.141439 -0.011478 -0.054118 0.243122 0.206525 0.946208
1777955685.800826788 0.418662 0.141446 -0.011659 -0.054039 0.242773 0.206521 0.946304
1777955685.806682825 0.418536 0.141463 -0.011885 -0.053914 0.242531 0.206241 0.946434
1777955685.810843229 0.418500 0.141479 -0.012039 -0.053826 0.242359 0.206041 0.946526
1777955685.816687822 0.418530 0.141509 -0.012239 -0.053844 0.242207 0.206083 0.946555
1777955685.820893288 0.418610 0.141538 -0.012371 -0.053856 0.242098 0.206114 0.946575
1777955685.826415300 0.418787 0.141587 -0.012549 -0.053813 0.242303 0.205983 0.946554
1777955685.830602169 0.418973 0.141633 -0.012701 -0.053779 0.242459 0.205884 0.946537
1777955685.836475611 0.419292 0.141710 -0.012929 -0.053784 0.242505 0.205782 0.946548
1777955685.838584661 0.419418 0.141741 -0.013012 -0.053785 0.242521 0.205745 0.946551
1777955685.838350296 0.418644 0.139707 -0.009655 -0.053527 0.242565 0.205649 0.946576
1777955685.840678692 0.418789 0.139733 -0.009737 -0.053529 0.242583 0.205608 0.946580
1777955685.846524954 0.419180 0.139808 -0.009945 -0.053425 0.242711 0.205177 0.946647
1777955685.850736380 0.419474 0.139877 -0.010098 -0.053408 0.242785 0.204970 0.946673
1777955685.856509447 0.419888 0.140015 -0.010317 -0.053495 0.242809 0.204811 0.946697
1777955685.860672951 0.420200 0.140148 -0.010479 -0.053558 0.242827 0.204696 0.946713
1777955685.866508007 0.420661 0.140370 -0.010704 -0.053531 0.243035 0.203955 0.946821
1777955685.870715618 0.421014 0.140551 -0.010860 -0.053511 0.243186 0.203420 0.946899
1777955685.876340389 0.421491 0.140794 -0.011067 -0.053594 0.243441 0.202916 0.946937
1777955685.880810499 0.421867 0.140967 -0.011233 -0.053696 0.243610 0.202652 0.946944
1777955685.886490345 0.422346 0.141142 -0.011442 -0.053755 0.243848 0.202197 0.946977
1777955685.890882492 0.422710 0.141241 -0.011599 -0.053724 0.244023 0.201691 0.947041
1777955685.896453857 0.423146 0.141322 -0.011794 -0.053664 0.244170 0.200956 0.947163
1777955685.900813103 0.423467 0.141341 -0.011946 -0.053576 0.244229 0.200310 0.947290
1777955685.906583071 0.423873 0.141290 -0.012149 -0.053384 0.244323 0.199353 0.947478
1777955685.910619736 0.424144 0.141199 -0.012292 -0.053204 0.244396 0.198694 0.947608
1777955685.916520834 0.424516 0.140991 -0.012507 -0.052928 0.244375 0.197916 0.947791
1777955685.920837402 0.424768 0.140793 -0.012666 -0.052722 0.244265 0.197451 0.947928
1777955685.926680326 0.425089 0.140490 -0.012884 -0.052404 0.244133 0.196763 0.948123
1777955685.930973530 0.425317 0.140255 -0.013047 -0.052105 0.244106 0.196119 0.948280
1777955685.936449051 0.425599 0.139967 -0.013263 -0.051687 0.244091 0.195143 0.948508
1777955685.938803673 0.425717 0.139851 -0.013360 -0.051530 0.244053 0.194754 0.948606
1777955685.938570023 0.424023 0.137113 -0.010197 -0.051235 0.244102 0.194700 0.948621
1777955685.940626383 0.424120 0.137004 -0.010274 -0.051098 0.244070 0.194360 0.948706
1777955685.946419716 0.424393 0.136723 -0.010490 -0.050731 0.243919 0.193458 0.948949
1777955685.950668097 0.424599 0.136543 -0.010645 -0.050481 0.243817 0.192852 0.949112
1777955685.956534863 0.424895 0.136353 -0.010853 -0.050205 0.243687 0.192098 0.949313
1777955685.960842848 0.425125 0.136267 -0.011002 -0.050043 0.243597 0.191571 0.949451
1777955685.966644287 0.425468 0.136239 -0.011195 -0.049837 0.243525 0.190723 0.949651
1777955685.971032619 0.425757 0.136285 -0.011340 -0.049694 0.243577 0.189969 0.949796
1777955685.976453304 0.426150 0.136412 -0.011527 -0.049539 0.243744 0.188988 0.949957
1777955685.980973482 0.426503 0.136563 -0.011695 -0.049457 0.243888 0.188276 0.950066
1777955685.986743212 0.426990 0.136795 -0.011926 -0.049397 0.244057 0.187532 0.950172
1777955685.991040230 0.427381 0.136987 -0.012108 -0.049350 0.244215 0.187016 0.950236
1777955685.996423244 0.427904 0.137239 -0.012338 -0.049283 0.244477 0.186352 0.950303
1777955686.000931025 0.428361 0.137453 -0.012528 -0.049247 0.244737 0.185819 0.950342
1777955686.006545782 0.428943 0.137707 -0.012757 -0.049232 0.245082 0.185217 0.950371
1777955686.010844469 0.429391 0.137879 -0.012924 -0.049220 0.245375 0.184760 0.950385
1777955686.016619682 0.429979 0.138055 -0.013140 -0.049163 0.245822 0.184144 0.950392
1777955686.020618677 0.430363 0.138132 -0.013288 -0.049099 0.246105 0.183748 0.950399
1777955686.026589155 0.430868 0.138165 -0.013506 -0.048977 0.246442 0.183286 0.950407
1777955686.030947924 0.431170 0.138127 -0.013665 -0.048879 0.246646 0.183027 0.950409
1777955686.036460638 0.431457 0.138014 -0.013868 -0.048737 0.246813 0.182741 0.950428
1777955686.038650513 0.431540 0.137951 -0.013949 -0.048657 0.246832 0.182594 0.950455
1777955686.038306236 0.431159 0.135408 -0.009477 -0.048399 0.246893 0.182530 0.950465
1777955686.040677786 0.431232 0.135316 -0.009551 -0.048313 0.246914 0.182372 0.950495
1777955686.046560526 0.431323 0.135044 -0.009742 -0.048049 0.246820 0.181878 0.950627
1777955686.050647497 0.431315 0.134820 -0.009879 -0.047845 0.246642 0.181499 0.950756
1777955686.056485176 0.431212 0.134463 -0.010085 -0.047561 0.246291 0.180968 0.950962
1777955686.060811758 0.431080 0.134178 -0.010244 -0.047360 0.245973 0.180599 0.951125
1777955686.066571951 0.430860 0.133785 -0.010456 -0.047086 0.245484 0.180109 0.951358
1777955686.070659876 0.430690 0.133501 -0.010606 -0.046889 0.245120 0.179736 0.951532
1777955686.076396704 0.430462 0.133112 -0.010815 -0.046626 0.244639 0.179157 0.951778
1777955686.080865860 0.430312 0.132826 -0.010981 -0.046427 0.244287 0.178651 0.951973
1777955686.086550951 0.430183 0.132495 -0.011195 -0.046173 0.243899 0.177932 0.952219
1777955686.090932369 0.430146 0.132271 -0.011360 -0.045956 0.243673 0.177302 0.952405
1777955686.096554279 0.430194 0.132031 -0.011567 -0.045710 0.243497 0.176460 0.952618
1777955686.100897551 0.430308 0.131886 -0.011726 -0.045580 0.243457 0.175871 0.952744
1777955686.106585741 0.430562 0.131752 -0.011933 -0.045481 0.243487 0.175198 0.952865
1777955686.110604763 0.430815 0.131692 -0.012076 -0.045440 0.243577 0.174724 0.952931
1777955686.116564035 0.431290 0.131651 -0.012290 -0.045411 0.243835 0.174009 0.952997
1777955686.120597839 0.431670 0.131653 -0.012440 -0.045407 0.244066 0.173509 0.953029
1777955686.126684427 0.432315 0.131681 -0.012677 -0.045359 0.244432 0.172683 0.953088
1777955686.130870581 0.432796 0.131710 -0.012847 -0.045295 0.244728 0.172065 0.953126
1777955686.136606932 0.433475 0.131753 -0.013085 -0.045204 0.245222 0.171203 0.953159
1777955686.138415337 0.433690 0.131767 -0.013161 -0.045179 0.245361 0.170956 0.953169
1777955686.138388395 0.432535 0.128337 -0.008961 -0.044823 0.245365 0.170880 0.953198
1777955686.140904665 0.432827 0.128339 -0.009053 -0.044788 0.245558 0.170537 0.953212
1777955686.146401644 0.433453 0.128345 -0.009253 -0.044715 0.245908 0.169764 0.953263
1777955686.150720119 0.433923 0.128345 -0.009408 -0.044622 0.246175 0.169095 0.953317
1777955686.156523466 0.434497 0.128335 -0.009614 -0.044507 0.246560 0.168224 0.953377
1777955686.160761118 0.434861 0.128319 -0.009766 -0.044451 0.246807 0.167683 0.953411
1777955686.166657209 0.435281 0.128274 -0.009978 -0.044346 0.247016 0.166951 0.953490
1777955686.170850039 0.435516 0.128221 -0.010127 -0.044234 0.247130 0.166381 0.953566
1777955686.176516771 0.435733 0.128121 -0.010324 -0.044055 0.247294 0.165589 0.953669
1777955686.181196690 0.435818 0.128011 -0.010490 -0.043905 0.247359 0.164982 0.953765
1777955686.186522722 0.435813 0.127847 -0.010683 -0.043689 0.247259 0.164352 0.953909
1777955686.190849066 0.435732 0.127681 -0.010839 -0.043501 0.247149 0.163837 0.954035
1777955686.196359873 0.435543 0.127433 -0.011042 -0.043215 0.246961 0.163140 0.954216
1777955686.200840235 0.435331 0.127206 -0.011213 -0.042928 0.246709 0.162521 0.954400
1777955686.206442833 0.435016 0.126898 -0.011434 -0.042554 0.246298 0.161702 0.954662
1777955686.210593700 0.434760 0.126656 -0.011598 -0.042276 0.245984 0.161091 0.954858
1777955686.216505766 0.434398 0.126303 -0.011827 -0.041907 0.245570 0.160228 0.955126
1777955686.220585108 0.434167 0.126057 -0.011982 -0.041648 0.245293 0.159609 0.955312
1777955686.226614475 0.433882 0.125700 -0.012212 -0.041253 0.244917 0.158697 0.955578
1777955686.230839252 0.433728 0.125463 -0.012372 -0.041003 0.244731 0.158083 0.955738
1777955686.236488342 0.433600 0.125177 -0.012586 -0.040696 0.244607 0.157271 0.955917
1777955686.238727808 0.433576 0.125074 -0.012671 -0.040563 0.244602 0.156901 0.955985
1777955686.238592386 0.432117 0.123023 -0.008738 -0.040419 0.244679 0.156858 0.955978
1777955686.240959406 0.432103 0.122912 -0.008815 -0.040279 0.244673 0.156467 0.956049
1777955686.246601343 0.432144 0.122674 -0.008996 -0.039947 0.244748 0.155446 0.956211
1777955686.250743866 0.432232 0.122517 -0.009126 -0.039742 0.244873 0.154738 0.956302
1777955686.256612301 0.432423 0.122317 -0.009309 -0.039544 0.245089 0.153879 0.956394
1777955686.260664463 0.432597 0.122194 -0.009437 -0.039434 0.245223 0.153320 0.956454
1777955686.266587019 0.432904 0.122036 -0.009632 -0.039249 0.245414 0.152381 0.956562
1777955686.270992517 0.433163 0.121938 -0.009781 -0.039098 0.245590 0.151600 0.956647
1777955686.276593447 0.433513 0.121835 -0.009978 -0.038929 0.245830 0.150535 0.956761
1777955686.280830383 0.433789 0.121766 -0.010133 -0.038792 0.245969 0.149727 0.956858
1777955686.286688328 0.434178 0.121665 -0.010351 -0.038593 0.246180 0.148636 0.956981
1777955686.290895939 0.434453 0.121585 -0.010506 -0.038496 0.246367 0.147973 0.957040
1777955686.296526194 0.434810 0.121461 -0.010715 -0.038369 0.246583 0.147147 0.957117
1777955686.300711870 0.435065 0.121351 -0.010870 -0.038242 0.246729 0.146485 0.957186
1777955686.306606054 0.435388 0.121174 -0.011083 -0.038074 0.246945 0.145564 0.957277
1777955686.310614824 0.435573 0.121042 -0.011225 -0.037993 0.247098 0.144991 0.957328
1777955686.316526413 0.435793 0.120819 -0.011437 -0.037858 0.247180 0.144167 0.957437
1777955686.320917368 0.435916 0.120628 -0.011596 -0.037727 0.247151 0.143513 0.957547
1777955686.326698065 0.436025 0.120335 -0.011811 -0.037523 0.247091 0.142624 0.957704
1777955686.330942154 0.436070 0.120087 -0.011977 -0.037337 0.246974 0.141954 0.957841
1777955686.336546659 0.436103 0.119712 -0.012209 -0.037027 0.246734 0.141035 0.958050
1777955686.338609457 0.436110 0.119562 -0.012297 -0.036907 0.246643 0.140704 0.958127
1777955686.338210583 0.434714 0.116546 -0.008771 -0.036610 0.246691 0.140741 0.958121
1777955686.340971470 0.434715 0.116324 -0.008877 -0.036449 0.246571 0.140299 0.958223
1777955686.346616268 0.434718 0.115861 -0.009096 -0.036118 0.246328 0.139421 0.958426
1777955686.350760221 0.434731 0.115524 -0.009256 -0.035869 0.246155 0.138747 0.958577
1777955686.356458664 0.434775 0.115093 -0.009470 -0.035565 0.245967 0.137845 0.958767
1777955686.360767365 0.434830 0.114804 -0.009626 -0.035391 0.245900 0.137180 0.958886
1777955686.366635084 0.434948 0.114465 -0.009831 -0.035152 0.245888 0.136221 0.959034
1777955686.370628119 0.435056 0.114268 -0.009968 -0.034991 0.245928 0.135548 0.959126
1777955686.376548529 0.435243 0.114027 -0.010167 -0.034836 0.246061 0.134652 0.959223
1777955686.381174088 0.435405 0.113877 -0.010325 -0.034760 0.246172 0.134025 0.959285
1777955686.386549473 0.435607 0.113731 -0.010517 -0.034679 0.246313 0.133290 0.959355
1777955686.391077995 0.435787 0.113617 -0.010684 -0.034588 0.246462 0.132593 0.959416
1777955686.396374941 0.435999 0.113466 -0.010881 -0.034409 0.246649 0.131652 0.959504
1777955686.400765657 0.436172 0.113309 -0.011048 -0.034234 0.246785 0.130855 0.959584
1777955686.406690598 0.436391 0.113037 -0.011278 -0.033999 0.246909 0.129880 0.959693
1777955686.410715342 0.436529 0.112811 -0.011432 -0.033834 0.246969 0.129273 0.959766
1777955686.416422606 0.436705 0.112448 -0.011651 -0.033571 0.247043 0.128431 0.959869
1777955686.420608282 0.436819 0.112163 -0.011812 -0.033377 0.247066 0.127783 0.959956
1777955686.426629782 0.436962 0.111746 -0.012046 -0.033047 0.247044 0.126677 0.960120
1777955686.430627108 0.437044 0.111473 -0.012203 -0.032799 0.247019 0.125854 0.960243
1777955686.436590672 0.437138 0.111084 -0.012442 -0.032468 0.247003 0.124664 0.960414
1777955686.438664198 0.437163 0.110956 -0.012526 -0.032361 0.246986 0.124270 0.960473
1777955686.438562393 0.436924 0.109043 -0.008519 -0.032168 0.247102 0.124249 0.960452
1777955686.440922499 0.436950 0.108891 -0.008602 -0.032046 0.247084 0.123801 0.960519
1777955686.446670532 0.437002 0.108544 -0.008806 -0.031746 0.247006 0.122734 0.960686
1777955686.450900316 0.437031 0.108312 -0.008959 -0.031563 0.246959 0.121980 0.960800
1777955686.456613541 0.437063 0.108028 -0.009160 -0.031340 0.246936 0.120897 0.960950
1777955686.460671663 0.437084 0.107837 -0.009303 -0.031162 0.246940 0.120051 0.961061
1777955686.466468573 0.437111 0.107566 -0.009507 -0.030909 0.246911 0.118831 0.961228
1777955686.470585585 0.437128 0.107364 -0.009648 -0.030737 0.246902 0.117986 0.961340
1777955686.476618052 0.437152 0.107035 -0.009856 -0.030450 0.246912 0.116761 0.961496
1777955686.480721951 0.437169 0.106789 -0.010001 -0.030249 0.246867 0.115970 0.961609
1777955686.486505032 0.437193 0.106424 -0.010203 -0.029972 0.246810 0.114897 0.961761
1777955686.490869761 0.437216 0.106137 -0.010359 -0.029731 0.246812 0.114052 0.961869
1777955686.496465921 0.437253 0.105761 -0.010560 -0.029403 0.246818 0.112939 0.962009
1777955686.500963926 0.437286 0.105456 -0.010721 -0.029135 0.246852 0.112042 0.962113
1777955686.506483316 0.437333 0.105083 -0.010925 -0.028797 0.246914 0.110938 0.962235
1777955686.510919094 0.437374 0.104787 -0.011092 -0.028550 0.246912 0.110096 0.962340
1777955686.516478300 0.437431 0.104430 -0.011299 -0.028258 0.246920 0.109047 0.962466
1777955686.520587444 0.437477 0.104177 -0.011451 -0.028055 0.246932 0.108245 0.962559
1777955686.526644945 0.437550 0.103825 -0.011673 -0.027777 0.246928 0.107033 0.962704
1777955686.530919790 0.437604 0.103587 -0.011829 -0.027572 0.246955 0.106141 0.962802
1777955686.536504984 0.437675 0.103278 -0.012040 -0.027302 0.247005 0.104990 0.962923
1777955686.539077997 0.437706 0.103136 -0.012140 -0.027176 0.246998 0.104487 0.962983
1777955686.539623260 0.436867 0.099668 -0.007720 -0.026745 0.247035 0.104410 0.962994
1777955686.540921450 0.436881 0.099586 -0.007762 -0.026682 0.247031 0.104156 0.963024
1777955686.546425819 0.436942 0.099231 -0.007948 -0.026375 0.247024 0.103062 0.963152
1777955686.550914764 0.436990 0.098939 -0.008103 -0.026135 0.247018 0.102177 0.963254
1777955686.556493282 0.437042 0.098589 -0.008296 -0.025874 0.247028 0.101098 0.963373
1777955686.560732841 0.437081 0.098333 -0.008444 -0.025669 0.247019 0.100214 0.963473
1777955686.566602945 0.437145 0.097977 -0.008646 -0.025345 0.246980 0.098863 0.963631
1777955686.570612669 0.437194 0.097722 -0.008780 -0.025101 0.246974 0.097903 0.963737
1777955686.576673985 0.437272 0.097310 -0.008986 -0.024743 0.247007 0.096570 0.963872
1777955686.580638885 0.437321 0.097033 -0.009125 -0.024557 0.246995 0.095893 0.963948
1777955686.586642027 0.437398 0.096626 -0.009339 -0.024307 0.246964 0.094977 0.964053
1777955686.590989590 0.437459 0.096354 -0.009495 -0.024098 0.246987 0.094235 0.964125
1777955686.596436739 0.437535 0.096056 -0.009694 -0.023833 0.247041 0.093200 0.964218
1777955686.600958347 0.437597 0.095843 -0.009862 -0.023597 0.247076 0.092265 0.964305
1777955686.606637239 0.437674 0.095590 -0.010078 -0.023286 0.247144 0.091076 0.964408
1777955686.610834360 0.437725 0.095403 -0.010238 -0.023099 0.247186 0.090356 0.964469
1777955686.616559982 0.437787 0.095135 -0.010452 -0.022913 0.247230 0.089614 0.964532
1777955686.620795727 0.437834 0.094926 -0.010611 -0.022764 0.247209 0.089071 0.964591
1777955686.626285791 0.437897 0.094650 -0.010815 -0.022562 0.247166 0.088294 0.964678
1777955686.631295681 0.437955 0.094399 -0.010999 -0.022363 0.247225 0.087501 0.964740
1777955686.636664867 0.438013 0.094122 -0.011202 -0.022107 0.247302 0.086568 0.964810
1777955686.639046431 0.438037 0.093996 -0.011294 -0.021988 0.247299 0.086181 0.964848
1777955686.639640570 0.436641 0.091133 -0.007306 -0.021711 0.247245 0.086050 0.964880
1777955686.640870810 0.436648 0.091060 -0.007348 -0.021649 0.247243 0.085850 0.964900
1777955686.646514654 0.436673 0.090732 -0.007541 -0.021424 0.247220 0.085114 0.964976
1777955686.650591373 0.436685 0.090504 -0.007685 -0.021271 0.247192 0.084603 0.965032
1777955686.656563520 0.436705 0.090197 -0.007895 -0.021036 0.247145 0.083751 0.965123
1777955686.661057234 0.436722 0.089994 -0.008050 -0.020893 0.247162 0.083061 0.965181
1777955686.666525841 0.436745 0.089772 -0.008236 -0.020753 0.247234 0.082165 0.965243
1777955686.670686960 0.436764 0.089605 -0.008377 -0.020627 0.247275 0.081434 0.965297
1777955686.676538229 0.436792 0.089346 -0.008574 -0.020464 0.247311 0.080464 0.965373
1777955686.680610895 0.436808 0.089140 -0.008710 -0.020370 0.247319 0.079848 0.965424
1777955686.686495304 0.436827 0.088798 -0.008909 -0.020217 0.247298 0.078988 0.965503
1777955686.691087484 0.436844 0.088493 -0.009068 -0.020061 0.247278 0.078257 0.965571
1777955686.696368694 0.436865 0.088105 -0.009250 -0.019832 0.247302 0.077332 0.965644
1777955686.700809956 0.436883 0.087748 -0.009405 -0.019603 0.247311 0.076497 0.965713
1777955686.706422806 0.436906 0.087266 -0.009613 -0.019317 0.247288 0.075487 0.965804
1777955686.710661888 0.436922 0.086886 -0.009775 -0.019118 0.247251 0.074801 0.965871
1777955686.716456890 0.436953 0.086356 -0.009997 -0.018841 0.247170 0.073882 0.965968
1777955686.720708370 0.436987 0.085970 -0.010157 -0.018630 0.247107 0.073183 0.966041
1777955686.726735592 0.437056 0.085453 -0.010378 -0.018378 0.247061 0.072176 0.966133
1777955686.730731964 0.437116 0.085136 -0.010521 -0.018226 0.247073 0.071470 0.966186
1777955686.736441851 0.437219 0.084718 -0.010733 -0.018002 0.247113 0.070419 0.966257
1777955686.738756657 0.437265 0.084560 -0.010822 -0.017928 0.247141 0.070021 0.966280
1777955686.738632202 0.436433 0.083024 -0.006557 -0.017771 0.247143 0.070006 0.966283
1777955686.740942955 0.436477 0.082864 -0.006632 -0.017697 0.247171 0.069608 0.966306
1777955686.746471643 0.436589 0.082490 -0.006816 -0.017537 0.247220 0.068692 0.966362
1777955686.750694752 0.436682 0.082207 -0.006960 -0.017381 0.247240 0.067957 0.966412
1777955686.756637573 0.436818 0.081800 -0.007160 -0.017166 0.247339 0.066898 0.966464
1777955686.760727882 0.436912 0.081511 -0.007295 -0.017009 0.247428 0.066139 0.966497
1777955686.766723156 0.437050 0.081066 -0.007492 -0.016733 0.247509 0.064974 0.966560
1777955686.771013737 0.437146 0.080735 -0.007634 -0.016531 0.247558 0.064153 0.966605
1777955686.776342869 0.437257 0.080318 -0.007811 -0.016283 0.247605 0.063170 0.966662
1777955686.780911207 0.437345 0.079958 -0.007966 -0.016063 0.247622 0.062326 0.966717
1777955686.786688566 0.437447 0.079516 -0.008165 -0.015807 0.247638 0.061262 0.966785
1777955686.791354179 0.437522 0.079174 -0.008327 -0.015589 0.247676 0.060360 0.966835
1777955686.796138525 0.437595 0.078841 -0.008498 -0.015332 0.247687 0.059377 0.966897
1777955686.800962448 0.437662 0.078527 -0.008670 -0.015084 0.247680 0.058390 0.966963
1777955686.806739807 0.437737 0.078173 -0.008878 -0.014782 0.247677 0.057216 0.967039
1777955686.810871363 0.437790 0.077929 -0.009028 -0.014556 0.247674 0.056385 0.967092
1777955686.816554546 0.437856 0.077602 -0.009231 -0.014278 0.247725 0.055301 0.967145
1777955686.820707560 0.437904 0.077362 -0.009379 -0.014065 0.247765 0.054475 0.967185
1777955686.826632261 0.437969 0.077015 -0.009591 -0.013757 0.247792 0.053270 0.967250
1777955686.830662251 0.438006 0.076775 -0.009736 -0.013573 0.247823 0.052483 0.967288
1777955686.836648703 0.438052 0.076412 -0.009957 -0.013286 0.247814 0.051315 0.967356
1777955686.838553429 0.438065 0.076294 -0.010029 -0.013186 0.247799 0.050929 0.967382
1777955686.838431835 0.437455 0.074677 -0.006490 -0.012962 0.247864 0.050902 0.967370
1777955686.840685368 0.437467 0.074529 -0.006566 -0.012843 0.247847 0.050445 0.967400
1777955686.846567631 0.437494 0.074141 -0.006765 -0.012519 0.247810 0.049232 0.967476
1777955686.850826025 0.437510 0.073858 -0.006912 -0.012251 0.247788 0.048311 0.967531
1777955686.856611013 0.437532 0.073475 -0.007113 -0.011893 0.247771 0.047073 0.967601
1777955686.860720158 0.437549 0.073206 -0.007253 -0.011665 0.247765 0.046227 0.967646
1777955686.866617203 0.437579 0.072823 -0.007452 -0.011356 0.247783 0.045059 0.967701
1777955686.870973825 0.437603 0.072544 -0.007597 -0.011157 0.247806 0.044232 0.967735
1777955686.876583099 0.437641 0.072190 -0.007785 -0.010918 0.247820 0.043148 0.967783
1777955686.880650520 0.437674 0.071933 -0.007924 -0.010729 0.247808 0.042304 0.967826
1777955686.886743307 0.437730 0.071544 -0.008133 -0.010432 0.247815 0.040983 0.967884
1777955686.891241550 0.437779 0.071243 -0.008290 -0.010200 0.247806 0.039984 0.967930
1777955686.896245956 0.437843 0.070878 -0.008469 -0.009916 0.247792 0.038848 0.967983
1777955686.900996685 0.437911 0.070496 -0.008641 -0.009635 0.247786 0.037826 0.968028
1777955686.906600475 0.438003 0.070002 -0.008848 -0.009280 0.247769 0.036673 0.968080
1777955686.910623789 0.438077 0.069629 -0.008998 -0.009022 0.247768 0.035873 0.968113
1777955686.916605711 0.438199 0.069075 -0.009222 -0.008636 0.247798 0.034689 0.968152
1777955686.920870781 0.438295 0.068694 -0.009380 -0.008373 0.247839 0.033821 0.968175
1777955686.926678896 0.438433 0.068209 -0.009590 -0.008035 0.247947 0.032600 0.968192
1777955686.931011915 0.438539 0.067873 -0.009743 -0.007802 0.248024 0.031670 0.968205
1777955686.936513662 0.438667 0.067478 -0.009939 -0.007536 0.248102 0.030533 0.968223
1777955686.938672066 0.438713 0.067331 -0.010016 -0.007458 0.248133 0.030131 0.968228
1777955686.938276529 0.437345 0.065719 -0.006378 -0.007226 0.248119 0.030163 0.968233
1777955686.940668344 0.437387 0.065553 -0.006453 -0.007139 0.248155 0.029718 0.968238
1777955686.946544170 0.437474 0.065165 -0.006643 -0.006944 0.248167 0.028670 0.968268
1777955686.950683832 0.437522 0.064903 -0.006781 -0.006790 0.248174 0.027888 0.968290
1777955686.956568956 0.437566 0.064531 -0.006983 -0.006533 0.248213 0.026699 0.968316
1777955686.960689783 0.437581 0.064261 -0.007129 -0.006338 0.248223 0.025820 0.968338
1777955686.966711283 0.437579 0.063825 -0.007344 -0.006038 0.248206 0.024535 0.968378
1777955686.970992804 0.437563 0.063479 -0.007498 -0.005829 0.248141 0.023658 0.968417
1777955686.976618767 0.437533 0.062975 -0.007701 -0.005533 0.248059 0.022575 0.968466
1777955686.980906963 0.437504 0.062561 -0.007853 -0.005303 0.248002 0.021809 0.968499
1777955686.986603737 0.437465 0.061996 -0.008051 -0.005010 0.247901 0.020808 0.968549
1777955686.990680456 0.437443 0.061592 -0.008190 -0.004786 0.247857 0.020054 0.968577
1777955686.996493101 0.437425 0.061035 -0.008389 -0.004461 0.247820 0.018887 0.968612
1777955687.000752449 0.437424 0.060644 -0.008540 -0.004218 0.247783 0.017997 0.968639
1777955687.006388903 0.437434 0.060150 -0.008747 -0.003911 0.247760 0.016833 0.968667
1777955687.010738134 0.437448 0.059782 -0.008911 -0.003702 0.247728 0.015977 0.968691
1777955687.016586781 0.437479 0.059300 -0.009136 -0.003423 0.247700 0.014870 0.968717
1777955687.020782709 0.437513 0.058959 -0.009298 -0.003221 0.247697 0.014057 0.968730
1777955687.026342630 0.437575 0.058505 -0.009512 -0.002943 0.247687 0.012919 0.968749
1777955687.030916691 0.437638 0.058126 -0.009683 -0.002721 0.247726 0.011964 0.968752
1777955687.036468029 0.437722 0.057663 -0.009885 -0.002469 0.247798 0.010855 0.968748
1777955687.038636684 0.437755 0.057483 -0.009963 -0.002384 0.247824 0.010456 0.968746
1777955687.038402319 0.436492 0.056220 -0.005573 -0.002178 0.247767 0.010456 0.968761
1777955687.040641546 0.436522 0.056029 -0.005639 -0.002090 0.247794 0.010044 0.968758
1777955687.046509027 0.436594 0.055543 -0.005814 -0.001878 0.247878 0.008989 0.968748
1777955687.050687313 0.436644 0.055207 -0.005942 -0.001700 0.247915 0.008160 0.968746
1777955687.056581259 0.436706 0.054737 -0.006125 -0.001387 0.247994 0.006828 0.968736
1777955687.060857773 0.436740 0.054392 -0.006263 -0.001130 0.248054 0.005817 0.968728
1777955687.066591024 0.436766 0.053920 -0.006455 -0.000806 0.248080 0.004548 0.968729
1777955687.070884943 0.436768 0.053569 -0.006601 -0.000622 0.248088 0.003757 0.968730
1777955687.076731205 0.436755 0.053112 -0.006803 -0.000436 0.248026 0.002802 0.968749
1777955687.080996990 0.436742 0.052795 -0.006948 -0.000283 0.247963 0.002010 0.968767
1777955687.086710215 0.436725 0.052380 -0.007139 -0.000017 0.247961 0.000707 0.968770
1777955687.090665579 0.436712 0.052091 -0.007273 0.000194 0.247975 -0.000304 0.968766
1777955687.096538305 0.436680 0.051633 -0.007474 0.000516 0.247993 -0.001779 0.968760
1777955687.100905657 0.436646 0.051263 -0.007628 0.000747 0.247932 -0.002743 0.968773
1777955687.106393337 0.436591 0.050759 -0.007822 0.001021 0.247827 -0.003780 0.968796
1777955687.110667944 0.436541 0.050345 -0.007971 0.001237 0.247758 -0.004519 0.968811
1777955687.116479397 0.436478 0.049767 -0.008174 0.001578 0.247676 -0.005620 0.968825
1777955687.120928049 0.436436 0.049323 -0.008326 0.001884 0.247683 -0.006621 0.968817
1777955687.126461506 0.436395 0.048785 -0.008516 0.002299 0.247704 -0.008020 0.968800
1777955687.130978107 0.436365 0.048367 -0.008670 0.002600 0.247718 -0.009113 0.968786
1777955687.136465073 0.436331 0.047894 -0.008855 0.002903 0.247661 -0.010307 0.968787
1777955687.138754845 0.436318 0.047708 -0.008932 0.003006 0.247625 -0.010763 0.968791
1777955687.138669729 0.436376 0.046541 -0.005529 0.003254 0.247715 -0.010785 0.968767
1777955687.140823364 0.436367 0.046366 -0.005591 0.003351 0.247681 -0.011214 0.968771
1777955687.146536350 0.436350 0.045933 -0.005754 0.003610 0.247684 -0.012351 0.968755
1777955687.150647163 0.436343 0.045652 -0.005877 0.003797 0.247727 -0.013201 0.968732
1777955687.156585693 0.436338 0.045292 -0.006066 0.004078 0.247800 -0.014503 0.968694
1777955687.160666704 0.436335 0.045069 -0.006204 0.004280 0.247825 -0.015423 0.968673
1777955687.166502237 0.436328 0.044774 -0.006404 0.004555 0.247827 -0.016742 0.968649
1777955687.170920372 0.436317 0.044561 -0.006555 0.004747 0.247843 -0.017700 0.968627
1777955687.176724434 0.436294 0.044280 -0.006752 0.004983 0.247842 -0.018883 0.968604
1777955687.180959463 0.436272 0.044068 -0.006893 0.005145 0.247836 -0.019712 0.968588
1777955687.186621189 0.436237 0.043757 -0.007077 0.005397 0.247878 -0.020832 0.968552
1777955687.191091299 0.436207 0.043480 -0.007221 0.005634 0.247892 -0.021767 0.968527
1777955687.196144819 0.436164 0.043134 -0.007383 0.005913 0.247883 -0.022781 0.968504
1777955687.200803757 0.436114 0.042792 -0.007536 0.006166 0.247887 -0.023644 0.968481
1777955687.206386328 0.436043 0.042367 -0.007725 0.006484 0.247859 -0.024675 0.968460
1777955687.210578918 0.435987 0.042050 -0.007871 0.006734 0.247834 -0.025488 0.968444
1777955687.216544151 0.435905 0.041617 -0.008089 0.007120 0.247833 -0.026705 0.968408
1777955687.220854759 0.435842 0.041320 -0.008254 0.007380 0.247804 -0.027573 0.968390
1777955687.226636410 0.435750 0.040953 -0.008479 0.007668 0.247752 -0.028614 0.968371
1777955687.230566740 0.435687 0.040724 -0.008632 0.007834 0.247708 -0.029284 0.968360
1777955687.236676455 0.435599 0.040402 -0.008868 0.008069 0.247620 -0.030339 0.968349
1777955687.238629818 0.435574 0.040308 -0.008942 0.008131 0.247596 -0.030691 0.968343
