1777802186.045822859 -0.000656 -0.000768 0.001065 0.001116 0.256902 0.005093 0.966423
1777802186.144851923 -0.000383 -0.001327 0.002842 0.001241 0.256929 0.005132 0.966416
1777802186.245849133 -0.000151 -0.001680 0.004300 0.001313 0.256969 0.005170 0.966405
1777802186.345007896 -0.000037 -0.001907 0.005383 0.001430 0.257021 0.005197 0.966391
1777802186.445787191 0.000045 -0.001962 0.006126 0.001529 0.257042 0.005210 0.966385
1777802186.546084881 0.000076 -0.002020 0.006546 0.001642 0.257058 0.005211 0.966381
1777802186.644815207 0.000091 -0.001911 0.006703 0.001741 0.257059 0.005223 0.966380
1777802186.745840073 0.000002 -0.001823 0.006639 0.001781 0.257152 0.005244 0.966355
1777802186.845802069 0.000062 -0.001572 0.006309 0.001914 0.257146 0.005231 0.966357
1777802186.945791006 0.000019 -0.001566 0.006114 0.001876 0.257195 0.005243 0.966343
1777802187.045869589 -0.000029 -0.001456 0.005688 0.001950 0.257205 0.005214 0.966341
1777802187.144930601 -0.000140 -0.001382 0.005332 0.001917 0.257216 0.005186 0.966338
1777802187.245923758 -0.000148 -0.001336 0.005029 0.001965 0.257200 0.005196 0.966342
1777802187.345935583 -0.000189 -0.001240 0.004713 0.001949 0.257211 0.005183 0.966339
1777802187.445875883 -0.000218 -0.001199 0.004442 0.002009 0.257226 0.005180 0.966335
1777802187.546007633 -0.000349 -0.001123 0.004231 0.001984 0.257263 0.005154 0.966326
1777802187.645822287 -0.000406 -0.001108 0.004046 0.002064 0.257286 0.005155 0.966319
1777802187.744987726 -0.000492 -0.001054 0.003852 0.002075 0.257307 0.005158 0.966314
1777802187.846028328 -0.000609 -0.001151 0.003808 0.002032 0.257331 0.005186 0.966307
1777802187.944802046 -0.000700 -0.001192 0.003618 0.002020 0.257349 0.005146 0.966303
1777802188.045906067 -0.000797 -0.001226 0.003531 0.001964 0.257387 0.005137 0.966293
1777802188.145810843 -0.000784 -0.001179 0.003480 0.002010 0.257345 0.005153 0.966304
1777802188.245801687 -0.000870 -0.001286 0.003396 0.001925 0.257363 0.005123 0.966299
1777802188.344764948 -0.000902 -0.001268 0.003368 0.001963 0.257370 0.005146 0.966297
1777802188.444791079 -0.000823 -0.001289 0.003314 0.001928 0.257345 0.005121 0.966304
1777802188.545979023 -0.000838 -0.001231 0.003293 0.001968 0.257326 0.005153 0.966309
1777802188.644995689 -0.000792 -0.001232 0.003239 0.001942 0.257314 0.005150 0.966312
1777802188.744936705 -0.000819 -0.001203 0.003180 0.001990 0.257326 0.005161 0.966309
1777802188.844707966 -0.000704 -0.001139 0.003065 0.002011 0.257268 0.005172 0.966324
1777802188.945880651 -0.000765 -0.001188 0.002987 0.002009 0.257282 0.005169 0.966320
1777802189.046073198 -0.000670 -0.001149 0.002862 0.002028 0.257267 0.005188 0.966324
1777802189.146055222 -0.000759 -0.001234 0.002782 0.001965 0.257290 0.005196 0.966318
1777802189.245844841 -0.000758 -0.001157 0.002694 0.001984 0.257279 0.005212 0.966321
1777802189.344481945 -0.000765 -0.001185 0.002683 0.001979 0.257270 0.005226 0.966323
1777802189.445052862 -0.000722 -0.001140 0.002683 0.002011 0.257277 0.005209 0.966322
1777802189.544893503 -0.000674 -0.001122 0.002700 0.002032 0.257248 0.005211 0.966329
1777802189.645855665 -0.000681 -0.001151 0.002743 0.001984 0.257263 0.005204 0.966325
1777802189.745865583 -0.000651 -0.001112 0.002770 0.001977 0.257272 0.005215 0.966323
1777802189.845037460 -0.000606 -0.001203 0.002938 0.001910 0.257294 0.005221 0.966317
1777802189.944915771 -0.000564 -0.001133 0.002940 0.001963 0.257267 0.005195 0.966324
1777802190.044832945 -0.000501 -0.001216 0.003130 0.001909 0.257259 0.005199 0.966327
1777802190.144805908 -0.000482 -0.001110 0.003115 0.001974 0.257265 0.005193 0.966325
1777802190.245871067 -0.000402 -0.001072 0.003118 0.001989 0.257261 0.005214 0.966326
1777802190.345849991 -0.000297 -0.001081 0.003200 0.001987 0.257209 0.005245 0.966339
1777802190.446062565 -0.000202 -0.001160 0.003386 0.001898 0.257228 0.005275 0.966334
1777802190.544898272 -0.000147 -0.001102 0.003337 0.001959 0.257240 0.005252 0.966331
1777802190.644833326 -0.000041 -0.001098 0.003427 0.001956 0.257237 0.005226 0.966332
1777802190.744787455 0.000027 -0.001069 0.003314 0.001996 0.257222 0.005204 0.966336
1777802190.845870256 0.000095 -0.000933 0.002726 0.002001 0.257204 0.005154 0.966341
1777802190.945049047 0.000159 -0.000993 0.003020 0.002011 0.257200 0.005198 0.966342
1777802191.045904160 0.000230 -0.001071 0.001571 0.001996 0.257191 0.005098 0.966345
1777802191.145882130 0.000273 -0.001077 0.001636 0.002042 0.257175 0.005087 0.966349
1777802191.245879412 0.000278 -0.001098 0.001648 0.002042 0.257193 0.005057 0.966345
1777802191.344945669 0.000254 -0.001114 0.001631 0.002031 0.257154 0.005057 0.966355
1777802191.444920063 0.000208 -0.001140 0.001616 0.002005 0.257172 0.005071 0.966350
1777802191.546138048 0.000143 -0.001189 0.001612 0.001956 0.257231 0.005048 0.966335
1777802191.644814253 0.000102 -0.001239 0.001617 0.001988 0.257245 0.005054 0.966331
1777802191.745855331 0.000031 -0.001265 0.001623 0.001960 0.257264 0.005047 0.966326
1777802191.845034361 -0.000019 -0.001277 0.001650 0.002012 0.257273 0.005040 0.966323
1777802191.946080923 -0.000071 -0.001292 0.001682 0.001984 0.257282 0.005017 0.966321
1777802192.045845032 -0.000105 -0.001284 0.001705 0.002013 0.257294 0.005014 0.966318
1777802192.145987034 -0.000122 -0.001339 0.001709 0.001980 0.257240 0.004997 0.966333
1777802192.245867729 -0.000156 -0.001334 0.001706 0.002010 0.257249 0.005005 0.966330
1777802192.345862150 -0.000168 -0.001353 0.001700 0.001993 0.257266 0.004985 0.966326
1777802192.444790363 -0.000195 -0.001354 0.001688 0.002023 0.257248 0.005023 0.966330
1777802192.546076059 -0.000211 -0.001329 0.001665 0.002006 0.257254 0.005009 0.966329
1777802192.644997597 -0.000255 -0.001285 0.001614 0.002027 0.257289 0.005013 0.966319
1777802192.745006561 -0.000288 -0.001239 0.001562 0.002015 0.257341 0.004998 0.966306
1777802192.844891787 -0.000295 -0.001213 0.001521 0.002056 0.257324 0.004997 0.966310
1777802192.944842339 -0.000342 -0.001160 0.001466 0.002086 0.257347 0.005014 0.966304
1777802193.046010494 -0.000361 -0.001128 0.001414 0.002104 0.257352 0.005019 0.966302
1777802193.145893574 -0.000386 -0.001105 0.001368 0.002108 0.257337 0.005025 0.966306
1777802193.245906353 -0.000401 -0.001093 0.001314 0.002105 0.257341 0.005024 0.966305
1777802193.346000671 -0.000428 -0.001074 0.001247 0.002073 0.257363 0.005015 0.966300
1777802193.444906235 -0.000424 -0.001095 0.001176 0.002067 0.257337 0.005011 0.966307
1777802193.546098471 -0.000425 -0.001067 0.001086 0.002075 0.257368 0.005013 0.966298
1777802193.645924568 -0.000397 -0.001090 0.001006 0.002081 0.257336 0.005006 0.966307
1777802193.745896578 -0.000371 -0.001110 0.000939 0.002037 0.257341 0.005011 0.966305
1777802193.844856024 -0.000342 -0.001141 0.000880 0.002026 0.257319 0.005022 0.966311
1777802193.945900679 -0.000324 -0.001164 0.000832 0.002027 0.257333 0.005021 0.966308
1777802194.045932055 -0.000301 -0.001160 0.000779 0.002041 0.257299 0.005016 0.966317
1777802194.145882130 -0.000304 -0.001144 0.000738 0.002033 0.257318 0.005004 0.966312
1777802194.244937420 -0.000319 -0.001120 0.000691 0.002069 0.257320 0.005024 0.966311
1777802194.344956636 -0.000304 -0.001120 0.000657 0.002043 0.257307 0.005027 0.966314
1777802194.545107841 -0.000291 -0.001062 0.000630 0.002037 0.257317 0.005035 0.966312
1777802194.644813061 -0.000253 -0.001029 0.000652 0.002023 0.257291 0.005010 0.966319
1777802194.745916128 -0.000190 -0.000975 0.000710 0.002007 0.257258 0.005016 0.966328
1777802194.845965385 -0.000148 -0.000931 0.000746 0.002021 0.257237 0.005021 0.966333
1777802194.945925951 -0.000119 -0.000864 0.000791 0.002032 0.257231 0.005053 0.966334
1777802195.045908451 -0.000075 -0.000817 0.000844 0.002011 0.257249 0.005070 0.966330
1777802195.144984007 -0.000058 -0.000777 0.000915 0.002027 0.257249 0.005063 0.966330
1777802195.244994164 -0.000035 -0.000727 0.001033 0.002012 0.257273 0.005080 0.966323
1777802195.344949722 -0.000031 -0.000692 0.001153 0.002053 0.257248 0.005094 0.966330
1777802195.444944143 -0.000023 -0.000641 0.001299 0.002044 0.257280 0.005101 0.966321
1777802195.544890642 -0.000003 -0.000590 0.001473 0.002086 0.257304 0.005106 0.966315
1777802195.644817591 0.000033 -0.000549 0.001676 0.002068 0.257260 0.005125 0.966326
1777802195.745087624 -0.001654 -0.000814 0.001781 0.002230 0.258480 0.005670 0.965997
1777802195.845089674 -0.015787 0.000035 0.002261 0.002064 0.257391 0.005034 0.966292
1777802195.944972038 -0.031558 0.000179 0.002631 0.001944 0.257277 0.004987 0.966323
1777802196.044930220 -0.048340 0.000005 0.002892 0.002135 0.258231 0.004663 0.966070
1777802196.145940304 -0.068270 -0.000173 0.003194 0.002192 0.256509 0.003419 0.966533
1777802196.245899677 -0.081643 -0.001864 0.003197 0.002835 0.257902 0.004720 0.966155
1777802196.345008850 -0.097444 -0.002142 0.003351 0.002753 0.258280 0.002925 0.966062
1777802196.444962740 -0.112997 -0.003102 0.003425 0.003060 0.258265 0.003549 0.966063
1777802196.544951677 -0.133866 -0.004026 0.003538 0.003596 0.257236 0.002654 0.966338
1777802196.644838095 -0.153603 -0.004696 0.003399 0.003552 0.257800 0.002291 0.966189
1777802196.745910406 -0.173971 -0.004705 0.003435 0.003694 0.257247 0.001524 0.966337
1777802196.844948292 -0.185147 -0.004994 0.003197 0.003881 0.257849 0.000785 0.966177
1777802196.944991827 -0.191083 -0.005286 0.002981 0.004369 0.258234 0.000636 0.966072
1777802197.045947313 -0.195092 -0.005071 0.002893 0.004152 0.257671 0.000646 0.966223
1777802197.144569874 -0.191460 -0.004857 0.002871 0.004146 0.259099 0.000864 0.965841
1777802197.245030165 -0.190768 -0.004555 0.002842 0.004256 0.259258 0.000596 0.965799
1777802197.345051050 -0.192980 -0.003662 0.002783 0.003550 0.258131 0.003115 0.966098
1777802197.444889307 -0.186584 -0.003162 0.002704 0.002541 0.260773 0.009715 0.965348
1777802197.546105385 -0.185796 0.000408 0.001845 0.001779 0.258461 0.013644 0.965924
1777802197.644611597 -0.183279 0.007406 0.002064 -0.001422 0.256101 0.023986 0.966351
1777802197.745025396 -0.176116 0.014133 0.002335 -0.005213 0.256865 0.036370 0.965749
1777802197.845022202 -0.170944 0.021392 0.000430 -0.009131 0.258021 0.050757 0.964762
1777802197.944935322 -0.172409 0.028135 0.000208 -0.013108 0.257250 0.065187 0.964055
1777802198.044656277 -0.168674 0.035648 -0.000162 -0.018417 0.258519 0.082694 0.962284
1777802198.145109892 -0.168559 0.042346 -0.000533 -0.022472 0.258385 0.097820 0.960814
1777802198.244993448 -0.169564 0.049028 -0.000925 -0.026272 0.257681 0.112086 0.959347
1777802198.344959497 -0.168588 0.056152 -0.001299 -0.030736 0.257506 0.128560 0.957193
1777802198.444879293 -0.169579 0.062329 -0.001696 -0.034777 0.256881 0.143159 0.955148
1777802198.545059204 -0.169911 0.068926 -0.002069 -0.038379 0.256531 0.156185 0.953061
1777802198.644961596 -0.170179 0.075688 -0.002421 -0.042517 0.256284 0.171023 0.950401
1777802198.745092869 -0.172061 0.082942 -0.002808 -0.047213 0.255492 0.188403 0.947100
1777802198.844914198 -0.174352 0.090700 -0.003180 -0.051951 0.254682 0.205595 0.943487
1777802198.945056200 -0.176745 0.098909 -0.003484 -0.056783 0.253949 0.223121 0.939416
1777802199.045948982 -0.178274 0.108101 -0.003659 -0.060470 0.253934 0.238108 0.935503
1777802199.144907713 -0.183528 0.118392 -0.003464 -0.065848 0.252846 0.255369 0.930871
1777802199.245059252 -0.185320 0.125462 -0.004024 -0.070678 0.252536 0.271116 0.926135
1777802199.346003771 -0.188048 0.131579 -0.004383 -0.075184 0.251485 0.287189 0.921208
1777802199.446030617 -0.193650 0.134104 -0.004648 -0.077996 0.248823 0.300391 0.917480
1777802199.545075655 -0.197975 0.137604 -0.004867 -0.080792 0.247484 0.311634 0.913843
1777802199.745221376 -0.206838 0.146844 -0.005137 -0.087840 0.244445 0.338019 0.904585
1777802199.845988512 -0.210938 0.149589 -0.005128 -0.090427 0.243095 0.349150 0.900456
1777802199.945140839 -0.213505 0.153032 -0.005232 -0.093175 0.242403 0.357872 0.896932
1777802200.045287848 -0.218668 0.152281 -0.004430 -0.094201 0.240797 0.361297 0.895884
1777802200.145069838 -0.219967 0.151326 -0.004013 -0.094957 0.239500 0.366683 0.893961
1777802200.245062590 -0.217274 0.154864 -0.004064 -0.095889 0.241148 0.366699 0.893412
1777802200.345032930 -0.218934 0.154166 -0.004101 -0.095708 0.240880 0.366276 0.893677
1777802200.444946051 -0.219308 0.153695 -0.004212 -0.095817 0.240149 0.367289 0.893446
1777802200.545010805 -0.217207 0.155903 -0.004332 -0.095767 0.240834 0.366959 0.893403
1777802200.644916534 -0.219370 0.154370 -0.004288 -0.095482 0.239845 0.366495 0.893890
1777802200.745250225 -0.219426 0.154555 -0.004303 -0.096047 0.239650 0.366992 0.893678
1777802200.845079184 -0.218049 0.155487 -0.004310 -0.095991 0.240475 0.366728 0.893570
1777802200.945003033 -0.218473 0.155025 -0.004234 -0.096246 0.240432 0.366621 0.893598
1777802201.044976234 -0.218481 0.154863 -0.004174 -0.096381 0.240461 0.367000 0.893421
1777802201.145956278 -0.218083 0.155277 -0.004162 -0.096251 0.240635 0.366551 0.893572
1777802201.245038986 -0.218447 0.155051 -0.004121 -0.096322 0.240390 0.366671 0.893581
1777802201.345007420 -0.218591 0.154771 -0.004075 -0.096275 0.240334 0.366964 0.893481
1777802201.444903851 -0.218563 0.155062 -0.004060 -0.096169 0.240364 0.366541 0.893658
1777802201.545095682 -0.218776 0.154992 -0.004092 -0.096274 0.240204 0.366837 0.893568
1777802201.644783020 -0.219145 0.154879 -0.004122 -0.096242 0.240091 0.366802 0.893616
1777802201.746010303 -0.220658 0.153012 -0.003909 -0.095419 0.238231 0.365994 0.894533
1777802201.844804764 -0.213670 0.162093 -0.003825 -0.096885 0.240152 0.367548 0.893224
1777802201.945111036 -0.208078 0.178068 -0.003944 -0.098471 0.240420 0.369592 0.892134
1777802202.045032263 -0.205832 0.196657 -0.004419 -0.099837 0.240461 0.371654 0.891114
1777802202.144957066 -0.210533 0.211566 -0.004764 -0.098154 0.240022 0.370706 0.891814
1777802202.244854212 -0.218566 0.228773 -0.004979 -0.098930 0.238826 0.374065 0.890646
1777802202.345052958 -0.227180 0.248623 -0.005604 -0.099369 0.239258 0.373757 0.890610
1777802202.445002794 -0.237909 0.267666 -0.005874 -0.099267 0.239343 0.375127 0.890023
1777802202.544622660 -0.248043 0.289474 -0.006339 -0.100087 0.239943 0.376466 0.889204
1777802202.645988941 -0.259488 0.310887 -0.006712 -0.100079 0.240442 0.377675 0.888557
1777802202.745022297 -0.274899 0.329729 -0.006680 -0.099637 0.239454 0.377888 0.888783
1777802202.845029116 -0.290120 0.347232 -0.006735 -0.099768 0.238488 0.378757 0.888658
1777802202.944787741 -0.303474 0.365603 -0.007218 -0.099871 0.238950 0.380801 0.887648
1777802203.045066595 -0.318750 0.386740 -0.007644 -0.100361 0.240013 0.381316 0.887085
1777802203.145008326 -0.335835 0.403547 -0.007477 -0.099987 0.239768 0.382499 0.886684
1777802203.244964361 -0.350938 0.418363 -0.007527 -0.099921 0.239071 0.382724 0.886783
1777802203.345203161 -0.362092 0.433013 -0.007998 -0.100300 0.239172 0.384185 0.886081
1777802203.444992781 -0.375065 0.449472 -0.008210 -0.099929 0.239376 0.384646 0.885867
1777802203.545992374 -0.390722 0.466275 -0.007987 -0.100032 0.239532 0.384664 0.885805
1777802203.645024776 -0.406042 0.482421 -0.007793 -0.100564 0.239146 0.384342 0.885989
1777802203.745176077 -0.419918 0.500063 -0.008148 -0.101374 0.239425 0.385587 0.885280
1777802203.844932318 -0.433060 0.515807 -0.008562 -0.100982 0.239579 0.386406 0.884927
1777802203.946029186 -0.448460 0.530062 -0.008566 -0.101278 0.239129 0.384481 0.885852
1777802204.045995474 -0.460363 0.540214 -0.008647 -0.100323 0.238202 0.385412 0.885806
1777802204.144951582 -0.468008 0.556351 -0.008645 -0.101121 0.238776 0.384696 0.885872
1777802204.245053291 -0.473635 0.578295 -0.009174 -0.101729 0.240412 0.386567 0.884545
1777802204.345088482 -0.491232 0.599514 -0.009612 -0.101325 0.237921 0.385161 0.885877
1777802204.444621325 -0.504412 0.609970 -0.009233 -0.099935 0.237167 0.388621 0.884725
1777802204.546015501 -0.514799 0.630381 -0.010018 -0.101592 0.238887 0.387612 0.884516
1777802204.644999504 -0.526709 0.643590 -0.010214 -0.101358 0.238824 0.388520 0.884162
1777802204.745030880 -0.539139 0.658136 -0.010326 -0.101440 0.239078 0.388806 0.883958
1777802204.845085621 -0.549969 0.671967 -0.010728 -0.101242 0.238993 0.387985 0.884364
1777802204.944926977 -0.561147 0.682088 -0.010653 -0.101097 0.238037 0.390072 0.883720
1777802205.045138597 -0.573446 0.700292 -0.010993 -0.101411 0.238527 0.389716 0.883710
1777802205.146002054 -0.586402 0.714983 -0.010873 -0.101090 0.238879 0.390383 0.883356
1777802205.244645596 -0.599389 0.727332 -0.010469 -0.101102 0.238180 0.390912 0.883310
1777802205.344788074 -0.611800 0.745084 -0.010529 -0.102126 0.238644 0.392023 0.882574
1777802205.445218086 -0.626541 0.762969 -0.010397 -0.102213 0.238946 0.392487 0.882276
1777802205.545054674 -0.641906 0.778431 -0.010012 -0.101561 0.238397 0.393322 0.882128
1777802205.644949913 -0.656476 0.797000 -0.010417 -0.101929 0.238310 0.393529 0.882017
1777802205.745193481 -0.670856 0.814289 -0.010533 -0.101529 0.238476 0.394344 0.881654
1777802205.845208406 -0.684180 0.828453 -0.010705 -0.101191 0.238269 0.394217 0.881805
1777802205.945003986 -0.695053 0.843071 -0.011203 -0.101948 0.238360 0.395266 0.881224
1777802206.044820309 -0.708238 0.860135 -0.011640 -0.102451 0.238873 0.394106 0.881546
1777802206.145078182 -0.718832 0.868040 -0.011465 -0.101426 0.238273 0.395121 0.881373
1777802206.245024681 -0.724308 0.874116 -0.011272 -0.102480 0.237849 0.394336 0.881717
1777802206.344997168 -0.724994 0.877310 -0.011307 -0.102355 0.237747 0.394970 0.881475
1777802206.445148468 -0.724283 0.876202 -0.011534 -0.102201 0.237926 0.394379 0.881710
1777802206.545100451 -0.724340 0.875590 -0.011954 -0.102432 0.237601 0.395311 0.881353
1777802206.644763470 -0.724050 0.877401 -0.011848 -0.102296 0.237259 0.396753 0.880813
1777802206.744854450 -0.726972 0.879019 -0.013305 -0.102696 0.235808 0.399665 0.879839
1777802206.845135927 -0.727754 0.883969 -0.013274 -0.104468 0.234878 0.408386 0.875865
1777802206.945102930 -0.727760 0.895530 -0.013380 -0.106370 0.234730 0.415403 0.872369
1777802207.045036793 -0.728986 0.905350 -0.013654 -0.109778 0.233662 0.426154 0.867031
1777802207.144852400 -0.733341 0.910934 -0.013860 -0.113151 0.231359 0.438470 0.861054
1777802207.245142221 -0.737331 0.918389 -0.014335 -0.117021 0.230420 0.452192 0.853660
1777802207.345113516 -0.742217 0.924656 -0.015009 -0.122220 0.228657 0.468446 0.844592
1777802207.445124626 -0.747276 0.929592 -0.015629 -0.125513 0.226938 0.480539 0.837752
1777802207.544997215 -0.752122 0.935052 -0.015970 -0.128993 0.225485 0.492921 0.830389
1777802207.644913673 -0.757926 0.940046 -0.016303 -0.133371 0.223360 0.506772 0.821891
1777802207.745114803 -0.763142 0.945381 -0.016629 -0.136862 0.221961 0.519432 0.813752
1777802207.845024347 -0.768398 0.949290 -0.016878 -0.140179 0.220020 0.531653 0.805783
1777802207.945067644 -0.774756 0.953445 -0.017085 -0.144023 0.217729 0.544239 0.797280
1777802208.044930220 -0.780209 0.957348 -0.017137 -0.147489 0.215875 0.555657 0.789234
1777802208.144904613 -0.787403 0.961201 -0.017109 -0.151397 0.213594 0.568300 0.780059
1777802208.245080948 -0.793506 0.964098 -0.016963 -0.155024 0.211249 0.580558 0.770904
1777802208.345099688 -0.797674 0.964188 -0.016500 -0.157090 0.209767 0.588717 0.764679
1777802208.444712162 -0.801793 0.961688 -0.015771 -0.159032 0.207438 0.595745 0.759451
1777802208.545128822 -0.801778 0.962956 -0.015497 -0.160640 0.205941 0.600224 0.755986
1777802208.645002604 -0.802273 0.961476 -0.015242 -0.159587 0.205270 0.601121 0.755678
1777802208.745081663 -0.802750 0.962213 -0.015138 -0.160209 0.204917 0.600931 0.755794
1777802208.845154047 -0.802400 0.963786 -0.015094 -0.160346 0.204868 0.601993 0.754933
1777802208.945108414 -0.802404 0.963591 -0.014982 -0.160327 0.204974 0.601511 0.755291
1777802209.044931650 -0.802254 0.963706 -0.014911 -0.160438 0.205286 0.601266 0.755378
1777802209.145143747 -0.801873 0.964403 -0.014955 -0.160705 0.205317 0.601742 0.754934
1777802209.245102167 -0.802047 0.963780 -0.014944 -0.160590 0.205315 0.601352 0.755269
1777802209.345266581 -0.801762 0.964084 -0.015036 -0.160628 0.205319 0.601426 0.755202
1777802209.444861412 -0.801904 0.964624 -0.014933 -0.160112 0.204705 0.599440 0.757055
1777802209.545082331 -0.798760 0.968054 -0.014633 -0.159546 0.206159 0.595677 0.759745
1777802209.645062208 -0.792610 0.969625 -0.013890 -0.158036 0.207770 0.589227 0.764636
1777802209.745111704 -0.788275 0.967513 -0.013559 -0.154018 0.207219 0.582628 0.770638
1777802209.844667673 -0.782108 0.969271 -0.013210 -0.152753 0.210168 0.574815 0.775941
1777802209.944963455 -0.775959 0.968368 -0.012828 -0.150503 0.213548 0.563667 0.783598
1777802210.045203209 -0.769344 0.963792 -0.012359 -0.145555 0.215699 0.550554 0.793207
1777802210.144945145 -0.764337 0.959745 -0.011982 -0.142166 0.216622 0.541651 0.799674
1777802210.245035887 -0.760241 0.952763 -0.011803 -0.137644 0.216774 0.532090 0.806811
1777802210.345021963 -0.753641 0.953644 -0.011942 -0.137467 0.218593 0.523337 0.812058
1777802210.445079803 -0.750253 0.951320 -0.011443 -0.133581 0.221827 0.509932 0.820316
1777802210.545106173 -0.747490 0.948023 -0.010974 -0.129051 0.223394 0.492626 0.831120
1777802210.644905329 -0.736800 0.944660 -0.010920 -0.126189 0.226277 0.480740 0.837714
1777802210.744750023 -0.731848 0.938976 -0.010651 -0.121349 0.228244 0.465130 0.846660
1777802210.844755173 -0.725471 0.934734 -0.010546 -0.116496 0.230316 0.448589 0.855658
1777802210.945024252 -0.720131 0.928858 -0.010105 -0.112568 0.231663 0.433799 0.863411
1777802211.044936895 -0.715702 0.923899 -0.009766 -0.108947 0.233320 0.421242 0.869625
1777802211.145105600 -0.711874 0.919552 -0.009450 -0.105987 0.234577 0.410431 0.874807
1777802211.245063543 -0.707044 0.914789 -0.008951 -0.103148 0.235951 0.399371 0.879881
1777802211.345188618 -0.701865 0.909851 -0.008519 -0.099397 0.237753 0.386022 0.885766
1777802211.445206404 -0.696856 0.903171 -0.007919 -0.094832 0.239192 0.370230 0.892594
1777802211.545133352 -0.691311 0.896459 -0.007425 -0.090119 0.240829 0.353287 0.899482
1777802211.644984484 -0.686009 0.889661 -0.007143 -0.085063 0.242081 0.335446 0.906442
1777802211.745181322 -0.681039 0.883399 -0.007086 -0.080507 0.243685 0.319140 0.912297
1777802211.845163107 -0.676671 0.876797 -0.006485 -0.076281 0.244819 0.303229 0.917767
1777802211.945138693 -0.672519 0.870081 -0.007795 -0.071781 0.245672 0.287306 0.923010
1777802212.045046329 -0.668727 0.863258 -0.007295 -0.067167 0.247221 0.270383 0.928043
1777802212.145234585 -0.665122 0.857591 -0.007061 -0.063079 0.248196 0.255154 0.932371
1777802212.245124102 -0.661116 0.851327 -0.006608 -0.059427 0.249748 0.239953 0.936225
1777802212.344912052 -0.658407 0.845229 -0.006232 -0.054777 0.251002 0.222724 0.940421
1777802212.444723129 -0.656695 0.838935 -0.005848 -0.050427 0.251239 0.207061 0.944173
1777802212.545140266 -0.654520 0.832672 -0.005521 -0.046252 0.252339 0.191115 0.947450
1777802212.645063877 -0.651284 0.825948 -0.005252 -0.042004 0.253460 0.174806 0.950493
1777802212.744897604 -0.649399 0.819352 -0.004784 -0.037970 0.254019 0.160242 0.953077
1777802212.845165968 -0.647571 0.812896 -0.004228 -0.033924 0.254625 0.145404 0.955444
1777802212.945139170 -0.646252 0.805583 -0.003928 -0.030157 0.255270 0.133720 0.957103
1777802213.045032263 -0.642006 0.799331 -0.003884 -0.026369 0.255772 0.117473 0.959211
1777802213.144935608 -0.635362 0.794067 -0.003958 -0.023093 0.256642 0.107835 0.960194
1777802213.245059013 -0.637577 0.791546 -0.003563 -0.018385 0.255495 0.088182 0.962605
1777802213.345238447 -0.633309 0.785662 -0.003323 -0.015973 0.257478 0.078690 0.962942
1777802213.444879532 -0.632354 0.778518 -0.003132 -0.012833 0.257368 0.067295 0.963882
1777802213.545197010 -0.633083 0.773252 -0.002775 -0.008659 0.257246 0.050270 0.964999
1777802213.644941330 -0.632374 0.766003 -0.002564 -0.004189 0.256891 0.033580 0.965848
1777802213.745116234 -0.632097 0.758813 -0.002366 -0.000310 0.257234 0.019259 0.966157
1777802213.845122337 -0.631266 0.751879 -0.002290 0.003813 0.257437 0.002608 0.966284
1777802213.945189714 -0.631012 0.744023 -0.002186 0.008372 0.257423 -0.013647 0.966166
1777802214.044924974 -0.631980 0.737329 -0.002102 0.012254 0.257125 -0.027964 0.965896
1777802214.145076275 -0.633175 0.730764 -0.002095 0.016162 0.256084 -0.043178 0.965555
1777802214.245087862 -0.634286 0.723501 -0.001992 0.020024 0.255969 -0.058230 0.964722
1777802214.345204353 -0.635288 0.716514 -0.002009 0.024674 0.255935 -0.076940 0.963311
1777802214.445120335 -0.636300 0.708914 -0.002005 0.029371 0.255988 -0.094456 0.961606
1777802214.545084000 -0.638233 0.699996 -0.002002 0.034203 0.255695 -0.112278 0.959606
1777802214.644963980 -0.640445 0.692290 -0.002056 0.039551 0.254694 -0.132569 0.957075
1777802214.745190620 -0.642920 0.684541 -0.001989 0.044364 0.254031 -0.150279 0.954419
1777802214.845078230 -0.645732 0.676074 -0.002032 0.048875 0.252999 -0.167175 0.951659
1777802214.945058584 -0.648628 0.666550 -0.001998 0.053800 0.252295 -0.185082 0.948260
1777802215.045217037 -0.652281 0.659297 -0.002031 0.058724 0.251083 -0.203114 0.944592
1777802215.144770861 -0.656582 0.650831 -0.002052 0.063813 0.249695 -0.222522 0.940247
1777802215.245095968 -0.660278 0.642688 -0.002142 0.068932 0.248680 -0.241300 0.935511
1777802215.345105886 -0.664648 0.637080 -0.002212 0.073271 0.247165 -0.259115 0.930806
1777802215.445203304 -0.668248 0.630954 -0.002351 0.077697 0.246270 -0.275321 0.926020
1777802215.544790983 -0.672649 0.624418 -0.002540 0.081880 0.245080 -0.291021 0.921161
1777802215.645090818 -0.677336 0.618032 -0.002704 0.086266 0.243975 -0.306400 0.916053
1777802215.745331287 -0.681670 0.612153 -0.002975 0.090876 0.242845 -0.321940 0.910562
1777802215.845190763 -0.687435 0.605907 -0.003184 0.095298 0.241030 -0.338363 0.904618
1777802215.945148706 -0.692692 0.601033 -0.003262 0.099616 0.239263 -0.354444 0.898442
1777802216.045111418 -0.697664 0.596650 -0.003474 0.103192 0.237366 -0.368916 0.892698
1777802216.145404100 -0.702546 0.591591 -0.003442 0.106878 0.236555 -0.382382 0.886793
1777802216.245139837 -0.707592 0.586570 -0.003403 0.110858 0.234925 -0.397307 0.880152
1777802216.345100403 -0.712431 0.582851 -0.003459 0.114487 0.232825 -0.411500 0.873701
1777802216.445268631 -0.718056 0.577217 -0.003355 0.118771 0.231533 -0.426191 0.866399
1777802216.545249701 -0.723471 0.572535 -0.003553 0.122701 0.229151 -0.441279 0.858899
1777802216.645105124 -0.727187 0.570428 -0.003674 0.125267 0.227885 -0.450808 0.853902
1777802216.745089293 -0.729602 0.569567 -0.004172 0.126138 0.226458 -0.457511 0.850582
1777802216.844930649 -0.731352 0.567002 -0.004633 0.126702 0.226537 -0.457211 0.850638
1777802216.945242167 -0.731392 0.566038 -0.004746 0.127288 0.227822 -0.455644 0.851049
1777802217.045150757 -0.733071 0.568734 -0.004651 0.126633 0.226972 -0.455407 0.851500
1777802217.145118237 -0.733721 0.568211 -0.004617 0.126741 0.227086 -0.454588 0.851891
1777802217.245060205 -0.734575 0.570064 -0.004440 0.126406 0.226196 -0.455961 0.851444
1777802217.344807386 -0.734032 0.568180 -0.004402 0.126778 0.226924 -0.454542 0.851954
1777802217.445125341 -0.734569 0.569652 -0.004220 0.126496 0.226382 -0.455296 0.851737
1777802217.545280933 -0.733813 0.568159 -0.004178 0.126900 0.227035 -0.454765 0.851787
1777802217.644772530 -0.734116 0.569419 -0.004080 0.126610 0.226533 -0.455057 0.851807
1777802217.745251894 -0.733398 0.568435 -0.004148 0.126800 0.226984 -0.454709 0.851845
1777802217.845154047 -0.734776 0.572217 -0.004112 0.127169 0.227192 -0.454943 0.851609
1777802217.945150614 -0.740969 0.585095 -0.003766 0.126589 0.226615 -0.454709 0.851975
1777802218.044865608 -0.749402 0.600200 -0.003472 0.126043 0.226231 -0.453711 0.852689
1777802218.144917727 -0.757077 0.616303 -0.003380 0.126054 0.225615 -0.453970 0.852713
1777802218.245149612 -0.767251 0.634127 -0.003045 0.126148 0.225577 -0.453812 0.852793
1777802218.345093489 -0.776578 0.650972 -0.002775 0.125771 0.225411 -0.452947 0.853352
1777802218.444862843 -0.780236 0.659833 -0.002597 0.126015 0.225812 -0.452472 0.853463
1777802218.545196056 -0.783598 0.665943 -0.002210 0.125965 0.225573 -0.453094 0.853203
1777802218.645070076 -0.783898 0.667776 -0.002226 0.125942 0.226364 -0.451274 0.853961
1777802218.745281696 -0.781956 0.665364 -0.002317 0.126312 0.226883 -0.452497 0.853121
1777802218.845242500 -0.783475 0.667135 -0.002301 0.125855 0.225953 -0.451952 0.853724
1777802218.945179462 -0.784111 0.666880 -0.002432 0.125564 0.225876 -0.451883 0.853824
1777802219.045040607 -0.783015 0.666271 -0.002136 0.125893 0.225976 -0.452392 0.853480
1777802219.145254850 -0.784418 0.666300 -0.003991 0.125321 0.225263 -0.452230 0.853838
1777802219.244888783 -0.779159 0.657357 -0.004360 0.125138 0.225610 -0.451770 0.854016
1777802219.345161438 -0.771280 0.643617 -0.004711 0.125989 0.226474 -0.452766 0.853135
1777802219.445125818 -0.763304 0.628193 -0.005144 0.126514 0.228005 -0.452111 0.852997
1777802219.544912815 -0.757414 0.618331 -0.005351 0.125580 0.226333 -0.452521 0.853362
1777802219.644838095 -0.749933 0.604662 -0.005590 0.126428 0.227805 -0.452128 0.853054
1777802219.745215416 -0.743568 0.594895 -0.005532 0.126170 0.227900 -0.451220 0.853547
1777802219.845178127 -0.735723 0.582493 -0.005684 0.125709 0.227683 -0.451730 0.853404
1777802219.944920063 -0.726458 0.566339 -0.006053 0.125819 0.227463 -0.451962 0.853323
1777802220.044872046 -0.717667 0.547982 -0.006591 0.126844 0.228714 -0.452098 0.852765
1777802220.145174980 -0.709675 0.532375 -0.006980 0.126768 0.228171 -0.452751 0.852575
1777802220.245051384 -0.699939 0.512326 -0.007501 0.127180 0.228243 -0.453398 0.852151
1777802220.344985247 -0.690875 0.492775 -0.007759 0.127432 0.228022 -0.453528 0.852103
1777802220.444880247 -0.680142 0.471251 -0.008107 0.128335 0.229796 -0.452351 0.852116
1777802220.545204878 -0.671637 0.454448 -0.008064 0.127663 0.228773 -0.453148 0.852069
1777802220.644793749 -0.664076 0.436663 -0.007857 0.127606 0.228035 -0.453694 0.851985
1777802220.744911432 -0.656020 0.416633 -0.007430 0.127610 0.227216 -0.456162 0.850884
1777802220.844890594 -0.646769 0.390996 -0.007397 0.129391 0.227695 -0.460862 0.847950
1777802220.946482658 -0.641137 0.366561 -0.007096 0.131640 0.224790 -0.468512 0.844178
1777802221.044824362 -0.635286 0.335253 -0.007547 0.137249 0.226088 -0.480542 0.836138
1777802221.144906521 -0.635853 0.323800 -0.007205 0.138103 0.220979 -0.494847 0.828988
1777802221.245199919 -0.635803 0.303439 -0.007102 0.142432 0.220166 -0.504201 0.822813
1777802221.344825745 -0.635358 0.285226 -0.007138 0.145169 0.219529 -0.513522 0.816718
1777802221.445137024 -0.636146 0.267140 -0.006750 0.148596 0.217065 -0.526945 0.808165
1777802221.545165539 -0.638202 0.250272 -0.006696 0.150347 0.213059 -0.537725 0.801781
1777802221.644884586 -0.639314 0.229262 -0.006784 0.153728 0.211231 -0.549594 0.793534
1777802221.744931698 -0.641078 0.206958 -0.006702 0.158173 0.209955 -0.562644 0.783793
1777802221.844945431 -0.644479 0.183594 -0.006933 0.161601 0.206900 -0.575774 0.774314
1777802221.945169210 -0.648596 0.164010 -0.007214 0.164528 0.204510 -0.586743 0.766054
1777802222.045031309 -0.652368 0.145014 -0.007318 0.167730 0.202622 -0.599051 0.756273
1777802222.144871712 -0.657185 0.122493 -0.007634 0.171102 0.200020 -0.611063 0.746538
1777802222.245203257 -0.663812 0.101790 -0.007758 0.173663 0.196218 -0.624312 0.735918
1777802222.345087528 -0.669595 0.077583 -0.008026 0.178078 0.194654 -0.636511 0.724742
1777802222.444905281 -0.675096 0.058875 -0.008063 0.180841 0.192657 -0.646851 0.715377
1777802222.545213461 -0.680730 0.046507 -0.008184 0.182317 0.189675 -0.655219 0.708147
1777802222.644893408 -0.683376 0.041546 -0.007734 0.182952 0.187591 -0.663298 0.700981
1777802222.745010853 -0.684759 0.038451 -0.007598 0.183860 0.187176 -0.663332 0.700822
1777802222.845030785 -0.684126 0.039901 -0.007172 0.183934 0.187603 -0.663082 0.700925
1777802222.944860697 -0.683204 0.043945 -0.006729 0.182894 0.186625 -0.664273 0.700330
1777802223.045249939 -0.683932 0.039779 -0.006747 0.184078 0.187293 -0.662803 0.701233
1777802223.145181894 -0.682953 0.042491 -0.006355 0.183186 0.186514 -0.663714 0.700813
1777802223.244859934 -0.682562 0.041990 -0.006229 0.182993 0.186721 -0.663115 0.701375
1777802223.344941378 -0.682309 0.041519 -0.006107 0.183370 0.186290 -0.663377 0.701144
1777802223.445175886 -0.681799 0.042033 -0.006050 0.183186 0.186323 -0.663163 0.701385
1777802223.545246363 -0.682035 0.042279 -0.006208 0.183290 0.186399 -0.662931 0.701558
1777802223.644917727 -0.681500 0.042008 -0.006186 0.183584 0.186214 -0.663204 0.701271
1777802223.744822025 -0.681466 0.042265 -0.006350 0.183251 0.186489 -0.662935 0.701540
1777802223.844939709 -0.681364 0.042694 -0.006385 0.183414 0.186299 -0.663117 0.701376
1777802223.945180416 -0.681351 0.042327 -0.006393 0.183614 0.186391 -0.663031 0.701380
1777802224.045208454 -0.681446 0.043213 -0.006427 0.183459 0.186239 -0.662968 0.701520
1777802224.144782543 -0.681755 0.042863 -0.006708 0.183516 0.186464 -0.662951 0.701462
1777802224.244884491 -0.681982 0.043424 -0.006850 0.183417 0.186349 -0.663131 0.701348
1777802224.344884634 -0.682535 0.043893 -0.007211 0.183211 0.186430 -0.662977 0.701526
1777802224.445190430 -0.683662 0.044251 -0.008354 0.183126 0.186468 -0.663229 0.701300
1777802224.544773817 -0.683951 0.044740 -0.008351 0.183046 0.186479 -0.663296 0.701255
1777802224.644799948 -0.684539 0.042640 -0.009143 0.184222 0.187143 -0.665466 0.698710
1777802224.745191336 -0.687485 0.041867 -0.008857 0.184838 0.185028 -0.670503 0.694281
1777802224.844875097 -0.692987 0.038882 -0.008691 0.186286 0.182348 -0.677758 0.687525
1777802224.944951057 -0.698723 0.034656 -0.008502 0.188965 0.180720 -0.684194 0.680817
1777802225.045067549 -0.705698 0.033241 -0.008294 0.192504 0.178392 -0.694956 0.669443
1777802225.145047665 -0.712927 0.036467 -0.008033 0.195499 0.173329 -0.708756 0.655288
1777802225.244912863 -0.719195 0.037989 -0.007878 0.197834 0.170262 -0.718287 0.644932
1777802225.344877005 -0.724954 0.040133 -0.007855 0.199602 0.167394 -0.727652 0.634556
1777802225.444869995 -0.731307 0.041723 -0.007846 0.202194 0.164287 -0.737569 0.622992
1777802225.545207262 -0.737143 0.043416 -0.007852 0.204693 0.161205 -0.747048 0.611583
1777802225.644833803 -0.745381 0.044389 -0.007910 0.208053 0.158408 -0.757322 0.598401
1777802225.744942427 -0.752603 0.047225 -0.007890 0.210566 0.154266 -0.768532 0.584143
1777802225.844866514 -0.759661 0.050121 -0.007853 0.212995 0.149848 -0.779886 0.569172
1777802225.945013762 -0.767230 0.052324 -0.007832 0.215529 0.145947 -0.790125 0.554931
1777802226.045118570 -0.773718 0.053962 -0.007864 0.218335 0.142666 -0.799410 0.541220
1777802226.145012140 -0.778018 0.055595 -0.008074 0.220218 0.140378 -0.805075 0.532590
1777802226.244948626 -0.779286 0.057546 -0.008311 0.219888 0.138331 -0.809394 0.526684
1777802226.345253944 -0.783098 0.057038 -0.008722 0.220965 0.138468 -0.808778 0.527143
1777802226.444839716 -0.784134 0.056960 -0.008853 0.222038 0.138910 -0.807728 0.528184
1777802226.545135021 -0.782228 0.059739 -0.008812 0.220959 0.138573 -0.807981 0.528338
1777802226.644793987 -0.782707 0.059767 -0.008965 0.221029 0.138564 -0.807611 0.528877
1777802226.744852066 -0.781388 0.062020 -0.008979 0.220158 0.137892 -0.808688 0.527769
1777802226.844876289 -0.782978 0.060448 -0.009178 0.221102 0.138202 -0.807573 0.528998
1777802226.945248604 -0.782139 0.061990 -0.009303 0.220700 0.138028 -0.808162 0.528312
1777802227.044843674 -0.782881 0.060965 -0.009395 0.220669 0.137861 -0.808628 0.527656
1777802227.144955397 -0.782449 0.062569 -0.008982 0.220257 0.136922 -0.810463 0.525251
1777802227.244977474 -0.786552 0.059721 -0.008942 0.222787 0.136655 -0.812809 0.520609
1777802227.344906092 -0.792442 0.057752 -0.008640 0.224741 0.135293 -0.817350 0.512958
1777802227.444978237 -0.798549 0.058988 -0.008276 0.225514 0.131736 -0.823375 0.503828
1777802227.544821024 -0.804241 0.061342 -0.007843 -0.227395 -0.127859 0.831779 -0.489986
1777802227.644878149 -0.809181 0.063715 -0.007467 -0.229481 -0.124237 0.840511 -0.474810
1777802227.744852066 -0.816070 0.065873 -0.007365 -0.232247 -0.121608 0.846850 -0.462728
1777802227.844961882 -0.817992 0.068138 -0.007440 -0.232456 -0.119165 0.852507 -0.452764
1777802227.945267916 -0.820990 0.070018 -0.007702 -0.231886 -0.117597 0.854493 -0.449713
1777802228.045003891 -0.822663 0.068869 -0.007775 -0.233879 -0.117593 0.854439 -0.448784
1777802228.144958258 -0.820674 0.071423 -0.007724 -0.233065 -0.117594 0.854315 -0.449443
1777802228.244881153 -0.821285 0.071486 -0.007911 -0.233379 -0.118051 0.853900 -0.449947
1777802228.344799995 -0.819907 0.072493 -0.007979 -0.232705 -0.117063 0.854941 -0.448577
1777802228.445097208 -0.821233 0.072223 -0.008229 -0.232826 -0.117477 0.854189 -0.449836
1777802228.544949532 -0.820132 0.073311 -0.008284 -0.232329 -0.117069 0.854670 -0.449285
1777802228.644907713 -0.821546 0.071932 -0.008481 -0.233114 -0.117421 0.854310 -0.449472
1777802228.744811058 -0.820340 0.073302 -0.008557 -0.232346 -0.117244 0.854518 -0.449519
1777802228.844853401 -0.821391 0.072201 -0.008738 -0.232997 -0.117476 0.854307 -0.449523
1777802228.944939852 -0.820668 0.072796 -0.008784 -0.232588 -0.117310 0.854504 -0.449404
1777802229.044921875 -0.821192 0.072580 -0.008924 -0.232740 -0.117541 0.854275 -0.449700
1777802229.145098448 -0.821008 0.072579 -0.009019 -0.232746 -0.117349 0.854508 -0.449304
1777802229.244963884 -0.821228 0.072700 -0.009140 -0.232669 -0.117459 0.854308 -0.449695
1777802229.344985485 -0.820957 0.072812 -0.009229 -0.232636 -0.117335 0.854482 -0.449415
1777802229.445241213 -0.821212 0.072528 -0.009344 -0.232801 -0.117325 0.854390 -0.449506
1777802229.544945240 -0.820765 0.073024 -0.009383 -0.232519 -0.117325 0.854461 -0.449518
1777802229.644849300 -0.821062 0.072545 -0.009449 -0.232830 -0.117308 0.854400 -0.449478
1777802229.744889259 -0.820734 0.072912 -0.009411 -0.232608 -0.117332 0.854431 -0.449527
1777802229.844985723 -0.820808 0.072793 -0.009393 -0.232748 -0.117316 0.854383 -0.449549
1777802229.945261717 -0.820711 0.072772 -0.009291 -0.232768 -0.117332 0.854427 -0.449452
1777802230.045149088 -0.820629 0.072962 -0.009194 -0.232717 -0.117355 0.854369 -0.449582
1777802230.144834042 -0.820597 0.072847 -0.009058 -0.232829 -0.117358 0.854411 -0.449444
1777802230.245015860 -0.820512 0.072931 -0.008869 -0.232785 -0.117367 0.854389 -0.449506
1777802230.345050573 -0.820328 0.073031 -0.008679 -0.232746 -0.117393 0.854396 -0.449506
1777802230.444991350 -0.820307 0.072896 -0.008440 -0.232787 -0.117407 0.854408 -0.449459
1777802230.544966936 -0.820042 0.073063 -0.008224 -0.232675 -0.117379 0.854396 -0.449546
1777802230.644980669 -0.819944 0.072963 -0.007935 -0.232730 -0.117362 0.854416 -0.449485
1777802230.744957209 -0.819753 0.072862 -0.007650 -0.232766 -0.117326 0.854366 -0.449571
1777802230.844976902 -0.819513 0.072902 -0.007314 -0.232721 -0.117315 0.854372 -0.449584
1777802230.944883585 -0.819349 0.072658 -0.007015 -0.232826 -0.117257 0.854348 -0.449592
1777802231.044915199 -0.818992 0.072755 -0.006726 -0.232802 -0.117182 0.854330 -0.449657
1777802231.145111561 -0.818847 0.072581 -0.006478 -0.232922 -0.117167 0.854266 -0.449721
1777802231.244984150 -0.818781 0.072600 -0.006390 -0.232897 -0.117074 0.854288 -0.449716
1777802231.345052242 -0.818751 0.072762 -0.006311 -0.232889 -0.117180 0.854232 -0.449798
1777802231.444933653 -0.818561 0.072688 -0.006154 -0.233035 -0.117048 0.854221 -0.449779
1777802231.544997454 -0.818658 0.072619 -0.006069 -0.232915 -0.117070 0.854213 -0.449850
1777802231.645074606 -0.818896 0.072643 -0.006126 -0.232799 -0.116964 0.854276 -0.449818
1777802231.745006800 -0.819027 0.072736 -0.006093 -0.232813 -0.116941 0.854253 -0.449861
1777802231.844896555 -0.818967 0.073051 -0.006097 -0.232787 -0.116934 0.854223 -0.449933
1777802231.944814444 -0.818928 0.073165 -0.005984 -0.232881 -0.116753 0.854206 -0.449964
1777802232.045373440 -0.819481 0.073744 -0.006218 -0.232675 -0.116855 0.854267 -0.449929
1777802232.144766331 -0.819956 0.074424 -0.006416 -0.232693 -0.116820 0.854343 -0.449783
1777802232.244933844 -0.821290 0.073003 -0.006184 -0.233237 -0.116911 0.855446 -0.447376
1777802232.345111609 -0.824068 0.074477 -0.007833 -0.232793 -0.115650 0.856708 -0.445516
1777802232.444957733 -0.831620 0.072717 -0.007709 -0.234386 -0.114257 0.859555 -0.439516
1777802232.545275211 -0.841705 0.070258 -0.007417 -0.237710 -0.112470 0.863756 -0.429850
1777802232.644932747 -0.847709 0.072781 -0.007123 -0.238623 -0.108919 0.870078 -0.417325
1777802232.744889975 -0.850833 0.077604 -0.006863 -0.239133 -0.104043 0.877806 -0.401805
1777802232.844952106 -0.855100 0.080158 -0.006832 -0.240179 -0.100843 0.883325 -0.389720
1777802232.944995642 -0.857700 0.083180 -0.006824 -0.241718 -0.099173 0.886402 -0.382136
1777802233.045014620 -0.862008 0.080882 -0.007335 -0.243470 -0.099345 0.887144 -0.379248
1777802233.145030975 -0.862382 0.082202 -0.007861 -0.240838 -0.098601 0.887794 -0.379601
1777802233.244981050 -0.860808 0.084187 -0.007770 -0.240190 -0.097936 0.887657 -0.380502
1777802233.344936609 -0.861578 0.084434 -0.007851 -0.241187 -0.098558 0.886925 -0.381417
1777802233.445067883 -0.861491 0.084752 -0.007879 -0.241748 -0.098941 0.886667 -0.381563
1777802233.544992208 -0.860559 0.085020 -0.007924 -0.241322 -0.098723 0.886944 -0.381244
1777802233.645046711 -0.861091 0.084625 -0.008000 -0.241440 -0.098856 0.886909 -0.381217
1777802233.745123863 -0.860053 0.085541 -0.007969 -0.240887 -0.098559 0.887032 -0.381359
1777802233.844884872 -0.860871 0.084921 -0.008025 -0.241311 -0.098667 0.886938 -0.381281
1777802233.944999218 -0.860188 0.085421 -0.007979 -0.241067 -0.098448 0.887067 -0.381191
1777802234.044956923 -0.860700 0.085156 -0.008024 -0.241296 -0.098550 0.886878 -0.381461
1777802234.144949675 -0.860256 0.085196 -0.007999 -0.241170 -0.098468 0.887070 -0.381114
1777802234.244988203 -0.860470 0.085125 -0.008079 -0.241370 -0.098585 0.886868 -0.381428
1777802234.344929934 -0.860030 0.085333 -0.008136 -0.241247 -0.098541 0.887018 -0.381169
1777802234.445027590 -0.860335 0.085130 -0.008225 -0.241402 -0.098647 0.886913 -0.381286
1777802234.545299768 -0.859827 0.085501 -0.008257 -0.241168 -0.098590 0.886986 -0.381280
1777802234.645066977 -0.860037 0.085233 -0.008350 -0.241379 -0.098698 0.886929 -0.381250
1777802234.744995356 -0.859668 0.085465 -0.008371 -0.241181 -0.098575 0.887005 -0.381231
1777802234.845118761 -0.859730 0.085388 -0.008444 -0.241254 -0.098669 0.886947 -0.381297
1777802234.945315599 -0.859478 0.085372 -0.008487 -0.241247 -0.098542 0.887013 -0.381179
1777802235.045000076 -0.859450 0.085345 -0.008543 -0.241230 -0.098525 0.886965 -0.381305
1777802235.144803286 -0.859182 0.085378 -0.008622 -0.241205 -0.098478 0.887029 -0.381185
1777802235.244826555 -0.859225 0.085274 -0.008703 -0.241328 -0.098548 0.886953 -0.381265
1777802235.345016241 -0.858973 0.085409 -0.008790 -0.241241 -0.098549 0.886998 -0.381217
1777802235.444928885 -0.859068 0.085264 -0.008884 -0.241278 -0.098608 0.886980 -0.381219
1777802235.544826984 -0.858898 0.085311 -0.008998 -0.241206 -0.098630 0.886998 -0.381217
1777802235.644821167 -0.858879 0.085245 -0.009159 -0.241223 -0.098649 0.886984 -0.381234
1777802235.745039225 -0.858774 0.085141 -0.009394 -0.241372 -0.098734 0.886933 -0.381236
1777802235.844996691 -0.856667 0.086603 -0.009665 -0.241395 -0.098664 0.887113 -0.380821
1777802235.944787264 -0.850866 0.091190 -0.009831 -0.241476 -0.098763 0.886843 -0.381371
1777802236.044743061 -0.840865 0.099768 -0.009776 -0.241295 -0.098990 0.886625 -0.381934
1777802236.144898176 -0.827248 0.111268 -0.009423 -0.240442 -0.098811 0.886702 -0.382340
1777802236.244995594 -0.815648 0.121307 -0.009155 -0.240590 -0.099222 0.886529 -0.382540
1777802236.345008850 -0.800872 0.132724 -0.008315 -0.239712 -0.099080 0.886483 -0.383234
1777802236.444916010 -0.794355 0.139485 -0.007989 -0.239261 -0.099347 0.885961 -0.384652
1777802236.545006990 -0.790306 0.141177 -0.007902 -0.239474 -0.099608 0.885372 -0.385808
1777802236.644915819 -0.789008 0.142867 -0.007748 -0.239004 -0.099460 0.885699 -0.385384
1777802236.744845629 -0.790698 0.141941 -0.007762 -0.239353 -0.099624 0.885113 -0.386470
1777802236.844965458 -0.790242 0.142066 -0.007626 -0.239291 -0.099374 0.885612 -0.385430
1777802236.945091724 -0.790503 0.142433 -0.007501 -0.239310 -0.099572 0.885323 -0.386031
1777802237.045388460 -0.790686 0.142236 -0.007337 -0.239576 -0.099521 0.885282 -0.385973
1777802237.145658255 -0.790649 0.142175 -0.007110 -0.239625 -0.099584 0.885416 -0.385618
1777802237.245552540 -0.790778 0.142481 -0.006859 -0.239529 -0.099652 0.885210 -0.386132
1777802237.345514059 -0.790733 0.142190 -0.006501 -0.239599 -0.099621 0.885400 -0.385661
1777802237.444990873 -0.790872 0.142348 -0.006132 -0.239532 -0.099684 0.885283 -0.385956
1777802237.544999838 -0.790662 0.142404 -0.005616 -0.239450 -0.099609 0.885351 -0.385869
1777802237.644777536 -0.791306 0.141841 -0.005039 -0.239430 -0.099506 0.885493 -0.385583
1777802237.745024443 -0.796352 0.137204 -0.004956 -0.239248 -0.099269 0.886036 -0.384508
1777802237.844929695 -0.807184 0.121756 -0.005354 -0.241169 -0.100756 0.884790 -0.385789
1777802237.945091963 -0.812329 0.106599 -0.005959 -0.241227 -0.100919 0.884697 -0.385924
1777802238.044983625 -0.813469 0.087854 -0.006670 -0.242339 -0.101316 0.884235 -0.386181
1777802238.144803762 -0.809414 0.072907 -0.007068 -0.242144 -0.101249 0.883830 -0.387247
1777802238.244845152 -0.799834 0.056304 -0.007298 -0.242729 -0.100988 0.883367 -0.388004
1777802238.345289230 -0.786606 0.038270 -0.007771 -0.243403 -0.101388 0.882760 -0.388858
1777802238.445043325 -0.772144 0.027549 -0.007933 -0.242112 -0.101856 0.882440 -0.390266
1777802238.545042992 -0.755122 0.014067 -0.008111 -0.241609 -0.101786 0.881965 -0.391666
1777802238.645079374 -0.737855 -0.005084 -0.008560 -0.242105 -0.102865 0.881247 -0.392693
1777802238.745083570 -0.720365 -0.018449 -0.008606 -0.242514 -0.103235 0.880540 -0.393928
1777802238.845054388 -0.703610 -0.029604 -0.008333 -0.242240 -0.102781 0.880256 -0.394849
1777802238.945039988 -0.685684 -0.045190 -0.008286 -0.241670 -0.103733 0.879739 -0.396100
1777802239.044791937 -0.665848 -0.061224 -0.008177 -0.241335 -0.104447 0.879803 -0.395974
1777802239.144753456 -0.648502 -0.070350 -0.008049 -0.240810 -0.103219 0.879177 -0.397999
1777802239.244883537 -0.631640 -0.084189 -0.008386 -0.241420 -0.103794 0.878548 -0.398870
1777802239.348317385 -0.612763 -0.100531 -0.010151 -0.241597 -0.105061 0.878694 -0.398108
1777802239.446531773 -0.596238 -0.107814 -0.009659 -0.240534 -0.103891 0.877651 -0.401346
1777802239.545123100 -0.576868 -0.124369 -0.009791 -0.240698 -0.104417 0.877477 -0.401493
1777802239.645040989 -0.555279 -0.139192 -0.009191 -0.240515 -0.105141 0.878252 -0.399714
1777802239.744821548 -0.542329 -0.140345 -0.008431 -0.239750 -0.103608 0.878268 -0.400539
1777802239.844796896 -0.539392 -0.147179 -0.008802 -0.240552 -0.104467 0.877659 -0.401170
1777802239.945068121 -0.537890 -0.150885 -0.009126 -0.240341 -0.104454 0.878040 -0.400465
1777802240.044773579 -0.536590 -0.147026 -0.009144 -0.239146 -0.104170 0.877793 -0.401793
1777802240.144989491 -0.537389 -0.148173 -0.009440 -0.239724 -0.104964 0.877246 -0.402436
1777802240.244915247 -0.536985 -0.148693 -0.009533 -0.239894 -0.104679 0.877352 -0.402178
1777802240.344913483 -0.536091 -0.147374 -0.009641 -0.239364 -0.104741 0.877148 -0.402921
1777802240.444730043 -0.536577 -0.148501 -0.009686 -0.240418 -0.105074 0.877112 -0.402285
1777802240.544754028 -0.537139 -0.149993 -0.009760 -0.240737 -0.105354 0.877320 -0.401567
1777802240.644969702 -0.536180 -0.148682 -0.009710 -0.239911 -0.105051 0.877192 -0.402420
1777802240.745072603 -0.536397 -0.149337 -0.009675 -0.239844 -0.104960 0.877444 -0.401932
1777802240.845039129 -0.536317 -0.150286 -0.009637 -0.239306 -0.104818 0.877241 -0.402733
1777802240.944979906 -0.537122 -0.152616 -0.009591 -0.239724 -0.106028 0.874341 -0.408435
1777802241.044981718 -0.536086 -0.157174 -0.009538 -0.239469 -0.107691 0.871367 -0.414460
1777802241.144848347 -0.533475 -0.164090 -0.009409 -0.237370 -0.109174 0.869305 -0.419578
1777802241.244955540 -0.532668 -0.173186 -0.009243 -0.235848 -0.111925 0.864622 -0.429276
1777802241.445020199 -0.525193 -0.183368 -0.009261 -0.233074 -0.118127 0.851527 -0.454560
1777802241.544754267 -0.520619 -0.188077 -0.009695 -0.231317 -0.122419 0.843658 -0.468773
1777802241.645005226 -0.515816 -0.193158 -0.010135 -0.230132 -0.126405 0.836094 -0.481671
1777802241.744998693 -0.510682 -0.196500 -0.010471 -0.228228 -0.129574 0.829182 -0.493539
1777802241.844804764 -0.506554 -0.200305 -0.010804 0.226652 0.132477 -0.822973 0.503780
1777802241.944837570 -0.502484 -0.204152 -0.011129 0.225086 0.135501 -0.816014 0.514875
1777802242.044814348 -0.498128 -0.208042 -0.011373 0.223477 0.138964 -0.808575 0.526264
1777802242.145016432 -0.492745 -0.211134 -0.011512 0.221379 0.141817 -0.800904 0.537989
1777802242.245361805 -0.487963 -0.214758 -0.011626 0.219476 0.145252 -0.792600 0.550016
1777802242.344752312 -0.481983 -0.218477 -0.011558 0.217648 0.148880 -0.783559 0.562583
1777802242.445038795 -0.476148 -0.221443 -0.011488 0.215684 0.151949 -0.775368 0.573757
1777802242.544990540 -0.468021 -0.224154 -0.011182 0.212890 0.155607 -0.765446 0.586989
1777802242.644990683 -0.460935 -0.226843 -0.011055 0.210224 0.159136 -0.755452 0.599811
1777802242.745029926 -0.453293 -0.229622 -0.010802 0.207458 0.162915 -0.744522 0.613275
1777802242.844839096 -0.446184 -0.232040 -0.010586 0.204938 0.166532 -0.733752 0.626000
1777802242.944739580 -0.438853 -0.233745 -0.010189 0.202116 0.169556 -0.724375 0.636931
1777802243.044843435 -0.433377 -0.235852 -0.009982 0.200432 0.171909 -0.716297 0.645904
1777802243.144886732 -0.424877 -0.236504 -0.009480 0.197137 0.175249 -0.705343 0.657964
1777802243.244853973 -0.418943 -0.238714 -0.009369 0.194872 0.178321 -0.695357 0.668361
1777802243.345098972 -0.411601 -0.239535 -0.009139 0.192152 0.180951 -0.684685 0.679368
1777802243.445052862 -0.403672 -0.238806 -0.008751 0.188913 0.183699 -0.673279 0.690841
1777802243.544806480 -0.396532 -0.239630 -0.008632 0.186083 0.186660 -0.662176 0.701466
1777802243.644804239 -0.388644 -0.239596 -0.008343 0.182802 0.189487 -0.650694 0.712233
1777802243.745070934 -0.381862 -0.239332 -0.008158 0.180181 0.192115 -0.639972 0.721847
1777802243.845026970 -0.372549 -0.237644 -0.007851 0.176463 0.195270 -0.626619 0.733539
1777802243.944872141 -0.363838 -0.237542 -0.007791 0.172983 0.198927 -0.612153 0.745502
1777802244.045129061 -0.354972 -0.236490 -0.007631 0.169151 0.202276 -0.597479 0.757292
1777802244.144791603 -0.345260 -0.233745 -0.007317 0.164970 0.205520 -0.582649 0.768808
1777802244.245070696 -0.335459 -0.230874 -0.007143 0.160553 0.208856 -0.566815 0.780591
1777802244.345257044 -0.326186 -0.228484 -0.007071 0.156153 0.212206 -0.550601 0.792100
1777802244.444806337 -0.316847 -0.225723 -0.007075 0.151660 0.215463 -0.534010 0.803373
1777802244.545079947 -0.307738 -0.221351 -0.006983 0.146808 0.218492 -0.516804 0.814630
1777802244.645010471 -0.299885 -0.216435 -0.006762 0.141997 0.220915 -0.500250 0.825096
1777802244.744876146 -0.291901 -0.212990 -0.006748 0.137889 0.223866 -0.484194 0.834522
1777802244.845067739 -0.284470 -0.209834 -0.006767 0.133689 0.226576 -0.467851 0.843745
1777802244.944787025 -0.278348 -0.206528 -0.006830 0.129743 0.228772 -0.452544 0.852076
1777802245.045065880 -0.271935 -0.201471 -0.006565 0.125340 0.230750 -0.437240 0.860154
1777802245.144839048 -0.267451 -0.198126 -0.006321 0.122016 0.232307 -0.425190 0.866233
1777802245.244781494 -0.261662 -0.194940 -0.006288 0.118743 0.234156 -0.413293 0.871929
1777802245.344891310 -0.256060 -0.190205 -0.006289 0.114780 0.235711 -0.399554 0.878420
1777802245.445060492 -0.251145 -0.185068 -0.006140 0.110773 0.237092 -0.385819 0.884681
1777802245.544861078 -0.245358 -0.179559 -0.006170 0.106601 0.238999 -0.369446 0.891642
1777802245.644832850 -0.239850 -0.173425 -0.006225 0.102016 0.240772 -0.353330 0.898209
1777802245.744849205 -0.233689 -0.167388 -0.006382 0.097442 0.242857 -0.336151 0.904725
1777802245.845084429 -0.230540 -0.162987 -0.006412 0.093987 0.244161 -0.323005 0.909516
1777802245.944881439 -0.225318 -0.156025 -0.006351 0.090024 0.245905 -0.308732 0.914391
1777802246.044825554 -0.220848 -0.148862 -0.006338 0.085845 0.247272 -0.293258 0.919504
1777802246.144868612 -0.215874 -0.141814 -0.006277 0.081342 0.248620 -0.277237 0.924506
1777802246.244821072 -0.211693 -0.134744 -0.006171 0.076670 0.250000 -0.259903 0.929555
1777802246.344878912 -0.208479 -0.126478 -0.005901 0.071833 0.250959 -0.242924 0.934263
1777802246.444859505 -0.206103 -0.120797 -0.005643 0.068228 0.251648 -0.229954 0.937624
1777802246.545046568 -0.206928 -0.115511 -0.004628 0.065944 0.250768 -0.223970 0.939470
1777802246.645018578 -0.208657 -0.112357 -0.003804 0.063497 0.250015 -0.214030 0.942153
1777802246.745048761 -0.203473 -0.111775 -0.003294 0.060167 0.253143 -0.201468 0.944303
1777802246.845092773 -0.202340 -0.111945 -0.002443 0.057578 0.252425 -0.186769 0.947673
1777802246.944900751 -0.194870 -0.108511 -0.001834 0.055528 0.252961 -0.180784 0.948812
1777802247.045119762 -0.188849 -0.101515 -0.001611 0.050859 0.252869 -0.166749 0.951664
1777802247.144828558 -0.184093 -0.094843 -0.001669 0.045306 0.253744 -0.148567 0.954719
1777802247.244909048 -0.179785 -0.088496 -0.001681 0.041352 0.254442 -0.134398 0.956810
1777802247.345135689 -0.175816 -0.081845 -0.001669 0.036863 0.255336 -0.118122 0.958901
1777802247.445098400 -0.172289 -0.074695 -0.001695 0.031778 0.256294 -0.100262 0.960860
1777802247.544857025 -0.169309 -0.067966 -0.001791 0.027614 0.256839 -0.085062 0.962307
1777802247.645087242 -0.166993 -0.061001 -0.001832 0.023378 0.257308 -0.069583 0.963537
1777802247.744835615 -0.164230 -0.053841 -0.001901 0.018872 0.258141 -0.053140 0.964460
1777802247.844867229 -0.161861 -0.047994 -0.001902 0.015069 0.258828 -0.039599 0.964994
1777802247.944829702 -0.160508 -0.041344 -0.002003 0.011574 0.258948 -0.026330 0.965463
1777802248.044844389 -0.159886 -0.034473 -0.002147 0.007602 0.258922 -0.012101 0.965793
1777802248.144756079 -0.156691 -0.029077 -0.002287 0.004778 0.259855 -0.000889 0.965635
1777802248.244829655 -0.157201 -0.022966 -0.002273 0.003123 0.259683 0.007123 0.965663
1777802248.345118761 -0.161094 -0.015797 -0.001630 -0.001120 0.258391 0.020556 0.965821
1777802248.445098877 -0.153369 -0.011972 -0.002058 -0.006696 0.262013 0.041384 0.964153
1777802248.545076847 -0.161184 -0.004801 -0.002329 -0.009690 0.258662 0.053016 0.964463
1777802248.644857168 -0.158839 0.001528 -0.002762 -0.013786 0.259220 0.066064 0.963458
1777802248.745129108 -0.155937 0.008819 -0.003105 -0.017281 0.260462 0.079073 0.962085
1777802248.844811440 -0.158979 0.016505 -0.003182 -0.021552 0.259655 0.092654 0.961005
1777802248.944840193 -0.159284 0.023462 -0.003512 -0.025903 0.259263 0.108783 0.959311
1777802249.045049906 -0.157140 0.029962 -0.004025 -0.030005 0.259698 0.124270 0.957191
1777802249.144845486 -0.158257 0.035889 -0.004457 -0.033627 0.259436 0.137722 0.955298
1777802249.244788170 -0.160689 0.040336 -0.004924 -0.036727 0.258752 0.148959 0.953682
1777802249.344761610 -0.161065 0.044851 -0.005260 -0.039522 0.259034 0.159627 0.951766
1777802249.444980621 -0.166711 0.050092 -0.004778 -0.043038 0.256593 0.167522 0.950918
1777802249.544881344 -0.162419 0.052056 -0.004913 -0.047505 0.256818 0.185962 0.947210
1777802249.644895792 -0.168417 0.052959 -0.005031 -0.046063 0.253115 0.186124 0.948245
1777802249.744798660 -0.173033 0.056959 -0.004901 -0.048634 0.251760 0.197362 0.946203
1777802249.845131397 -0.169445 0.062642 -0.005472 -0.052604 0.252969 0.211292 0.942653
1777802249.944835663 -0.170662 0.067746 -0.006052 -0.055454 0.253013 0.223752 0.939598
1777802250.044874430 -0.172838 0.072308 -0.006736 -0.059153 0.252080 0.236694 0.936447
1777802250.144795656 -0.173054 0.078311 -0.007249 -0.062610 0.252017 0.250310 0.932691
1777802250.244769573 -0.176425 0.084008 -0.007614 -0.066541 0.250889 0.263936 0.928959
1777802250.344841003 -0.178954 0.088844 -0.008047 -0.069671 0.250120 0.274900 0.925751
1777802250.444861412 -0.180225 0.094794 -0.008046 -0.072415 0.250032 0.284710 0.922594
1777802250.544786453 -0.184713 0.098649 -0.007996 -0.073319 0.248622 0.291093 0.920911
1777802250.644822121 -0.192046 0.102687 -0.007503 -0.076848 0.245908 0.302491 0.917673
1777802250.744774580 -0.189192 0.110672 -0.007735 -0.083850 0.247534 0.320712 0.910407
1777802250.844866276 -0.197774 0.113354 -0.007759 -0.086044 0.244650 0.333677 0.906312
1777802250.944927931 -0.200298 0.120279 -0.008245 -0.090778 0.243195 0.350120 0.900017
1777802251.044862032 -0.204386 0.126575 -0.008767 -0.094748 0.241894 0.364915 0.894062
1777802251.144853592 -0.211193 0.131874 -0.008840 -0.098938 0.239530 0.379220 0.888273
1777802251.244775295 -0.214735 0.137749 -0.009173 -0.102336 0.238506 0.391601 0.882775
1777802251.344933271 -0.219606 0.142230 -0.009421 -0.105859 0.236706 0.405285 0.876646
1777802251.444864273 -0.224786 0.146744 -0.009592 -0.109268 0.234762 0.418028 0.870747
1777802251.544782877 -0.229965 0.152007 -0.009734 -0.113012 0.233173 0.431980 0.863859
1777802251.644799232 -0.235798 0.156686 -0.009751 -0.117004 0.231072 0.446005 0.856735
1777802251.744838715 -0.242099 0.162037 -0.009921 -0.121420 0.229086 0.461595 0.848355
1777802251.844841957 -0.249077 0.166578 -0.009857 -0.125691 0.226602 0.476237 0.840269
1777802251.945130825 -0.254178 0.170773 -0.009919 -0.129129 0.224812 0.488703 0.833039
1777802252.044761419 -0.258066 0.173391 -0.010006 -0.131656 0.223430 0.498132 0.827412
1777802252.144906759 -0.262652 0.172652 -0.009542 -0.132262 0.221154 0.502002 0.825586
1777802252.244879484 -0.262658 0.173199 -0.009226 -0.133425 0.220768 0.505126 0.823594
1777802252.344759464 -0.260648 0.178040 -0.009296 -0.135358 0.222308 0.506311 0.822135
1777802252.444761753 -0.262149 0.175356 -0.009326 -0.134817 0.220732 0.506368 0.822614
1777802252.545688629 -0.261788 0.175234 -0.009393 -0.134296 0.220841 0.506321 0.822699
1777802252.645598650 -0.261038 0.176968 -0.009596 -0.134526 0.220865 0.506380 0.822618
1777802252.744782686 -0.261866 0.175208 -0.009617 -0.134093 0.220158 0.506234 0.822968
1777802252.844969988 -0.261354 0.176079 -0.009663 -0.134128 0.221019 0.505805 0.822995
1777802252.944825649 -0.261218 0.176389 -0.009746 -0.134514 0.221187 0.506059 0.822731
1777802253.044887304 -0.261454 0.175960 -0.009734 -0.134398 0.221289 0.506031 0.822740
1777802253.144950628 -0.261065 0.176909 -0.009791 -0.134548 0.221803 0.505992 0.822601
1777802253.244818449 -0.261814 0.175924 -0.009771 -0.134550 0.221251 0.505936 0.822784
1777802253.344990015 -0.261389 0.176521 -0.009821 -0.134501 0.221647 0.506030 0.822627
1777802253.444800615 -0.261999 0.175766 -0.009801 -0.134342 0.221202 0.505902 0.822852
1777802253.544802904 -0.261849 0.175957 -0.009832 -0.134421 0.221275 0.506076 0.822712
1777802253.644899845 -0.262148 0.175657 -0.009793 -0.134071 0.221223 0.505845 0.822925
1777802253.744858503 -0.262132 0.175523 -0.009771 -0.134267 0.221143 0.506152 0.822726
1777802253.844922781 -0.262313 0.175477 -0.009767 -0.134160 0.221252 0.505839 0.822907
1777802253.944792032 -0.262301 0.175363 -0.009693 -0.134176 0.221238 0.506112 0.822740
1777802254.044807434 -0.262468 0.175080 -0.009622 -0.134199 0.221242 0.506016 0.822794
1777802254.144953012 -0.262390 0.175150 -0.009531 -0.134215 0.221402 0.505967 0.822779
1777802254.244916439 -0.262585 0.174473 -0.009392 -0.134210 0.221205 0.506151 0.822719
1777802254.344867468 -0.262495 0.174401 -0.009260 -0.134230 0.221376 0.506024 0.822748
1777802254.444922447 -0.261745 0.174789 -0.008850 -0.134570 0.221868 0.505445 0.822916
1777802254.544803858 -0.260127 0.175429 -0.008404 -0.133574 0.221814 0.501848 0.825291
1777802254.644811392 -0.255060 0.174722 -0.007780 -0.130102 0.223169 0.492825 0.830898
1777802254.744889021 -0.248393 0.174777 -0.007292 -0.127578 0.225381 0.481561 0.837273
1777802254.844952583 -0.242534 0.172724 -0.006824 -0.124298 0.228185 0.468340 0.844476
1777802254.944815159 -0.237661 0.166899 -0.006370 -0.118934 0.229504 0.452659 0.853395
1777802255.044953108 -0.232435 0.162597 -0.005974 -0.114998 0.231486 0.437525 0.861256
1777802255.144828320 -0.224946 0.157315 -0.005881 -0.111487 0.233500 0.422656 0.868568
1777802255.244806290 -0.219848 0.153022 -0.005401 -0.107049 0.236309 0.404389 0.877023
1777802255.344812870 -0.216751 0.147435 -0.004944 -0.102209 0.237936 0.388333 0.884385
1777802255.444793701 -0.212361 0.139026 -0.004724 -0.098609 0.237670 0.374735 0.890709
1777802255.544932127 -0.206374 0.134252 -0.004343 -0.094484 0.240757 0.359601 0.896547
1777802255.644870520 -0.204251 0.127836 -0.003956 -0.089293 0.242189 0.342445 0.903384
1777802255.744923353 -0.202734 0.120047 -0.003637 -0.085882 0.242927 0.328565 0.908656
1777802255.844962835 -0.199416 0.114038 -0.003246 -0.081505 0.244029 0.314253 0.913812
1777802255.944924355 -0.197840 0.107260 -0.003009 -0.077299 0.244124 0.298886 0.919291
1777802256.044799805 -0.192448 0.101788 -0.002783 -0.073758 0.246198 0.284251 0.923660
1777802256.144916534 -0.186227 0.095784 -0.002608 -0.069572 0.248885 0.267440 0.928274
1777802256.244910717 -0.182461 0.089151 -0.002284 -0.064371 0.250668 0.248437 0.933435
1777802256.344861031 -0.180506 0.082922 -0.002007 -0.060270 0.251373 0.233137 0.937457
1777802256.444918394 -0.178988 0.076096 -0.001793 -0.056309 0.251974 0.218007 0.941176
1777802256.544918060 -0.179719 0.068707 -0.001552 -0.051509 0.251483 0.202079 0.945128
1777802256.644925594 -0.180096 0.063525 -0.001388 -0.048764 0.251538 0.191421 0.947475
1777802256.744844675 -0.179103 0.058373 -0.001102 -0.045635 0.252449 0.178534 0.949901
1777802256.844901085 -0.176760 0.052394 -0.000898 -0.041906 0.253371 0.164507 0.952357
1777802256.944926739 -0.175930 0.045318 -0.000586 -0.037540 0.253801 0.147983 0.955132
1777802257.044886112 -0.175081 0.038663 -0.000424 -0.033309 0.253726 0.132137 0.957629
1777802257.144835949 -0.173352 0.031000 -0.000044 -0.029023 0.254577 0.115503 0.959691
1777802257.244932890 -0.172162 0.023272 0.000217 -0.024172 0.255411 0.097540 0.961596
1777802257.344988823 -0.171444 0.015043 0.000553 -0.019716 0.255825 0.081661 0.963066
1777802257.444996119 -0.172157 0.006601 0.000887 -0.014527 0.255362 0.063407 0.964655
1777802257.544922113 -0.171141 -0.002915 0.001258 -0.009624 0.256158 0.046129 0.965486
1777802257.644944429 -0.171630 -0.010148 0.001223 -0.005649 0.256378 0.031343 0.966052
1777802257.745015860 -0.171804 -0.018231 0.000963 -0.001724 0.256633 0.016925 0.966359
1777802257.844812632 -0.172994 -0.025937 0.000985 0.002762 0.256369 0.001142 0.966574
1777802257.944948912 -0.174384 -0.034880 0.000804 0.007675 0.255764 -0.016540 0.966567
1777802258.044883728 -0.175774 -0.042588 0.000735 0.012433 0.255715 -0.034246 0.966065
1777802258.144882917 -0.177498 -0.050733 0.000687 0.017258 0.255576 -0.053017 0.965180
1777802258.244998693 -0.179718 -0.058588 0.000680 0.022507 0.255637 -0.072953 0.963754
1777802258.345030785 -0.181926 -0.067191 0.000512 0.027694 0.255337 -0.092166 0.962051
1777802258.445007563 -0.185064 -0.076241 0.000490 0.032994 0.254712 -0.111379 0.960015
1777802258.544831038 -0.188754 -0.084957 0.000380 0.038393 0.253601 -0.130891 0.957643
1777802258.644888878 -0.191749 -0.092157 0.000062 0.042728 0.252809 -0.146453 0.955413
1777802258.744959593 -0.194599 -0.098770 0.000020 0.046834 0.252698 -0.160739 0.952950
1777802258.844820738 -0.196746 -0.104605 -0.000119 0.050447 0.252572 -0.172895 0.950668
1777802258.944952488 -0.199947 -0.108781 -0.000332 0.053446 0.251231 -0.184221 0.948730
1777802259.044903994 -0.202938 -0.111873 -0.000730 0.056076 0.250378 -0.190865 0.947490
1777802259.144888639 -0.201453 -0.115882 -0.001208 0.056730 0.251937 -0.191825 0.946844
1777802259.244909048 -0.200433 -0.115816 -0.001468 0.056950 0.252186 -0.192047 0.946719
1777802259.344903469 -0.203120 -0.114995 -0.001516 0.056620 0.250579 -0.191586 0.947259
1777802259.444905758 -0.202783 -0.115329 -0.001633 0.056698 0.251120 -0.191509 0.947126
1777802259.545004845 -0.203527 -0.114872 -0.001618 0.056873 0.251192 -0.192643 0.946867
1777802259.645019531 -0.203139 -0.115423 -0.001477 0.057122 0.251728 -0.191802 0.946880
1777802259.744880915 -0.203729 -0.115036 -0.001346 0.057004 0.251486 -0.192346 0.946841
1777802259.844863415 -0.203956 -0.115103 -0.001166 0.057076 0.251422 -0.191823 0.946960
1777802259.945047617 -0.204311 -0.114809 -0.000967 0.057066 0.251200 -0.192212 0.946941
1777802260.044897795 -0.204258 -0.114916 -0.000764 0.057038 0.251252 -0.192002 0.946971
1777802260.144974232 -0.204672 -0.114686 -0.000516 0.057138 0.250995 -0.192118 0.947010
1777802260.244948387 -0.204269 -0.114849 -0.000272 0.057105 0.251223 -0.192048 0.946966
1777802260.344957590 -0.204598 -0.114654 0.000023 0.057078 0.250985 -0.192077 0.947024
1777802260.444966793 -0.204102 -0.114964 0.000310 0.057132 0.251113 -0.191938 0.947015
1777802260.544904232 -0.204235 -0.114843 0.000606 0.057083 0.251035 -0.192088 0.947009
1777802260.644916296 -0.203830 -0.115232 0.000881 0.057157 0.251069 -0.191837 0.947046
1777802260.745036840 -0.203871 -0.115195 0.001149 0.056998 0.250998 -0.192051 0.947031
1777802260.845023870 -0.203574 -0.115433 0.001248 0.057060 0.251026 -0.191838 0.947063
1777802260.944973707 -0.203750 -0.115356 0.001322 0.057042 0.250915 -0.191963 0.947068
1777802261.044886589 -0.203424 -0.115604 0.001441 0.057067 0.251077 -0.191872 0.947042
1777802261.145048141 -0.203649 -0.115469 0.001545 0.057080 0.250912 -0.191938 0.947072
1777802261.244919777 -0.203457 -0.115677 0.001752 0.057033 0.251032 -0.191846 0.947061
1777802261.344909191 -0.203516 -0.115627 0.001746 0.057081 0.250911 -0.191956 0.947068
1777802261.445026636 -0.203440 -0.115767 0.001876 0.057017 0.251002 -0.191817 0.947076
1777802261.544941187 -0.203434 -0.115663 0.001808 0.057067 0.250973 -0.191914 0.947061
1777802261.644989729 -0.203353 -0.115752 0.001876 0.057076 0.250974 -0.191926 0.947058
1777802261.744909525 -0.203464 -0.115631 0.000811 0.057043 0.250959 -0.191984 0.947052
1777802261.844980240 -0.203445 -0.115644 0.000976 0.057082 0.250960 -0.192023 0.947042
1777802261.945061922 -0.203544 -0.115731 -0.000426 0.057063 0.250943 -0.192085 0.947035
1777802262.045032024 -0.203605 -0.115711 -0.000509 0.057079 0.250920 -0.192073 0.947042
1777802262.145019293 -0.203630 -0.115695 -0.000629 0.057038 0.250949 -0.192072 0.947037
1777802262.245031357 -0.203799 -0.115587 -0.000801 0.057032 0.250942 -0.192092 0.947035
1777802262.344997168 -0.203868 -0.115505 -0.000996 0.057090 0.251017 -0.192052 0.947020
1777802262.444971561 -0.204025 -0.115350 -0.001187 0.057078 0.251032 -0.192093 0.947009
1777802262.545000792 -0.204114 -0.115249 -0.001392 0.057107 0.251105 -0.192056 0.946995
1777802262.644881725 -0.204247 -0.115089 -0.001612 0.057120 0.251161 -0.192109 0.946969
1777802262.744931698 -0.204273 -0.114967 -0.001829 0.057088 0.251335 -0.192066 0.946933
1777802262.845203400 -0.204294 -0.114818 -0.002047 0.057139 0.251334 -0.192086 0.946926
1777802262.945079327 -0.204159 -0.114756 -0.002240 0.057108 0.251409 -0.192052 0.946915
1777802263.044888735 -0.203966 -0.114696 -0.002393 0.057111 0.251412 -0.192052 0.946914
1777802263.145081758 -0.203484 -0.114367 -0.002422 0.056803 0.251294 -0.191171 0.947142
1777802263.244984150 -0.198405 -0.115001 -0.002194 0.056140 0.254343 -0.185584 0.947479
1777802263.345037699 -0.200723 -0.109509 -0.001965 0.054242 0.250725 -0.179356 0.949751
1777802263.444906235 -0.196430 -0.105002 -0.001972 0.051794 0.250288 -0.170484 0.951634
1777802263.544906855 -0.187471 -0.103064 -0.001865 0.049445 0.252009 -0.161514 0.952869
1777802263.645048618 -0.182544 -0.098953 -0.001769 0.047450 0.253024 -0.152790 0.954140
1777802263.744967937 -0.182580 -0.093853 -0.001603 0.044392 0.252495 -0.143403 0.955882
1777802263.844874620 -0.177151 -0.090067 -0.001465 0.040896 0.254348 -0.129947 0.957470
1777802263.945008755 -0.173746 -0.083816 -0.001330 0.036941 0.254949 -0.115618 0.959306
1777802264.045050144 -0.171869 -0.076804 -0.001264 0.032061 0.255243 -0.098601 0.961302
1777802264.144908667 -0.167621 -0.070255 -0.001289 0.027576 0.256116 -0.081210 0.962834
1777802264.244899035 -0.166017 -0.064837 -0.001265 0.023536 0.256453 -0.066921 0.963950
1777802264.345064163 -0.165172 -0.061095 -0.001087 0.021537 0.257236 -0.058606 0.964330
1777802264.445082188 -0.164146 -0.058986 -0.000785 0.019725 0.257319 -0.054094 0.964610
1777802264.544977188 -0.162536 -0.058484 -0.000591 0.018181 0.256708 -0.051420 0.964949
1777802264.645047426 -0.161777 -0.058747 -0.000388 0.018814 0.256989 -0.051387 0.964864
1777802264.744925976 -0.162683 -0.058756 -0.000211 0.018334 0.256982 -0.051964 0.964844
1777802264.844935894 -0.159833 -0.059164 -0.000218 0.018682 0.257583 -0.050848 0.964736
1777802264.945039988 -0.160260 -0.058889 -0.000126 0.018568 0.257383 -0.051587 0.964753
1777802265.045000553 -0.160385 -0.058823 -0.000101 0.018290 0.257492 -0.051607 0.964728
1777802265.144950151 -0.159487 -0.059158 -0.000117 0.018617 0.257773 -0.051092 0.964674
1777802265.244940281 -0.160796 -0.058819 -0.000081 0.018301 0.257362 -0.051628 0.964761
1777802265.344955444 -0.159981 -0.058886 -0.000140 0.018292 0.257576 -0.051346 0.964719
1777802265.444992065 -0.160970 -0.058753 -0.000141 0.018299 0.257063 -0.051582 0.964844
1777802265.544905901 -0.160836 -0.058861 -0.000192 0.018285 0.257160 -0.051456 0.964825
1777802265.644925356 -0.160859 -0.058791 -0.000241 0.018357 0.257229 -0.051628 0.964796
1777802265.744956493 -0.161249 -0.058808 -0.000281 0.018302 0.257172 -0.051437 0.964822
1777802265.844968081 -0.160948 -0.058820 -0.000332 0.018415 0.257460 -0.051471 0.964741
1777802265.944934368 -0.161297 -0.058723 -0.000374 0.018366 0.257533 -0.051559 0.964718
1777802266.044966936 -0.161244 -0.058766 -0.000453 0.018351 0.257584 -0.051343 0.964716
1777802266.145017862 -0.161461 -0.058663 -0.000515 0.018415 0.257563 -0.051600 0.964707
1777802266.244979382 -0.161451 -0.058754 -0.000579 0.018373 0.257595 -0.051421 0.964709
1777802266.345049620 -0.161648 -0.058736 -0.000658 0.018415 0.257384 -0.051572 0.964756
1777802266.444994450 -0.161580 -0.058794 -0.000744 0.018343 0.257456 -0.051510 0.964742
1777802266.545088530 -0.161812 -0.058824 -0.000788 0.018394 0.257335 -0.051517 0.964773
1777802266.644905090 -0.161722 -0.058885 -0.000806 0.018382 0.257418 -0.051535 0.964750
1777802266.745045900 -0.162027 -0.058868 -0.000813 0.018376 0.257321 -0.051528 0.964776
1777802266.845072031 -0.161939 -0.058938 -0.000806 0.018372 0.257372 -0.051534 0.964762
1777802266.944967031 -0.162061 -0.058934 -0.000780 0.018332 0.257331 -0.051555 0.964773
1777802267.044908762 -0.162023 -0.058942 -0.000760 0.018360 0.257378 -0.051504 0.964762
1777802267.145068407 -0.162037 -0.058938 -0.000743 0.018374 0.257392 -0.051555 0.964756
1777802267.245088339 -0.162061 -0.058929 -0.000734 0.018349 0.257465 -0.051505 0.964740
1777802267.344983816 -0.162063 -0.058923 -0.000749 0.018387 0.257448 -0.051551 0.964741
1777802267.445025206 -0.162079 -0.058882 -0.000773 0.018395 0.257483 -0.051529 0.964733
1777802267.545113802 -0.162144 -0.058821 -0.000771 0.018429 0.257525 -0.051528 0.964721
1777802267.645118713 -0.162011 -0.058831 -0.000789 0.018441 0.257485 -0.051569 0.964729
1777802267.745047808 -0.162081 -0.058815 -0.000803 0.018418 0.257494 -0.051545 0.964728
1777802267.845080376 -0.161967 -0.058846 -0.000839 0.018413 0.257526 -0.051555 0.964719
1777802267.944953203 -0.161966 -0.058870 -0.000851 0.018394 0.257533 -0.051565 0.964717
1777802268.045149088 -0.161858 -0.058925 -0.000858 0.018411 0.257481 -0.051553 0.964731
1777802268.145077467 -0.161738 -0.058951 -0.000860 0.018403 0.257485 -0.051577 0.964729
1777802268.245033264 -0.161628 -0.059027 -0.000847 0.018391 0.257452 -0.051551 0.964740
1777802268.345003366 -0.161472 -0.059102 -0.000827 0.018389 0.257402 -0.051546 0.964753
1777802268.445051908 -0.161380 -0.059147 -0.000855 0.018324 0.257422 -0.051526 0.964750
1777802268.545010567 -0.161323 -0.059175 -0.000889 0.018328 0.257363 -0.051511 0.964767
1777802268.644961119 -0.161289 -0.059183 -0.000897 0.018353 0.257356 -0.051523 0.964768
1777802268.745036602 -0.161285 -0.059175 -0.000882 0.018322 0.257347 -0.051509 0.964771
1777802268.845040560 -0.161239 -0.059148 -0.000856 0.018387 0.257394 -0.051515 0.964757
1777802268.945000648 -0.161246 -0.059134 -0.000813 0.018404 0.257366 -0.051513 0.964765
1777802269.045155764 -0.161258 -0.059129 -0.000796 0.018365 0.257411 -0.051510 0.964753
1777802269.145064592 -0.161257 -0.059096 -0.000750 0.018459 0.257442 -0.051505 0.964744
1777802269.245068073 -0.161252 -0.059128 -0.000706 0.018416 0.257406 -0.051483 0.964755
1777802269.345068932 -0.161185 -0.059152 -0.000640 0.018376 0.257393 -0.051489 0.964759
1777802269.445032597 -0.161168 -0.059179 -0.000586 0.018362 0.257372 -0.051483 0.964765
1777802269.545009851 -0.161149 -0.059205 -0.000522 0.018328 0.257389 -0.051500 0.964761
1777802269.645020247 -0.161130 -0.059275 -0.000477 0.018349 0.257352 -0.051510 0.964769
1777802269.745090723 -0.161126 -0.059335 -0.000421 0.018313 0.257392 -0.051498 0.964760
1777802269.845057964 -0.161074 -0.059402 -0.000358 0.018341 0.257361 -0.051515 0.964767
1777802269.945012808 -0.161062 -0.059361 0.000756 0.018348 0.257330 -0.051453 0.964778
1777802270.045133352 -0.161020 -0.059404 0.001046 0.018353 0.257382 -0.051435 0.964765
1777802270.145087004 -0.161005 -0.059472 0.001322 0.018401 0.257358 -0.051441 0.964770
1777802270.245116949 -0.161030 -0.059521 0.001608 0.018316 0.257388 -0.051426 0.964765
1777802270.345070601 -0.160978 -0.059476 -0.000034 0.018364 0.257327 -0.051536 0.964775
1777802270.444948912 -0.161016 -0.059342 0.000395 0.018398 0.257345 -0.051521 0.964770
1777802270.544973612 -0.161016 -0.059346 0.001118 0.018395 0.257355 -0.051484 0.964769
1777802270.645100355 -0.161036 -0.059356 0.001334 0.018395 0.257338 -0.051459 0.964775
1777802270.744989395 -0.161041 -0.059358 0.001567 0.018361 0.257372 -0.051416 0.964769
1777802270.845099211 -0.161028 -0.059411 0.001784 0.018388 0.257307 -0.051400 0.964787
1777802270.945087671 -0.161051 -0.059430 0.001993 0.018340 0.257322 -0.051374 0.964785
1777802271.045120955 -0.161056 -0.059493 0.002161 0.018302 0.257303 -0.051365 0.964791
1777802271.145029068 -0.161195 -0.059289 0.001749 0.018378 0.257300 -0.051425 0.964787
1777802271.244962692 -0.161282 -0.059335 0.001947 0.018288 0.257303 -0.051385 0.964790
1777802271.345159531 -0.161376 -0.059351 0.002109 0.018319 0.257281 -0.051363 0.964797
1777802271.444996834 -0.161410 -0.058982 0.000506 0.018384 0.257333 -0.051473 0.964776
1777802271.545059919 -0.161503 -0.059296 0.002163 0.018292 0.257334 -0.051386 0.964782
1777802271.645107269 -0.161629 -0.059350 0.002218 0.018294 0.257361 -0.051341 0.964777
1777802271.745152950 -0.161721 -0.058906 0.000814 0.018387 0.257389 -0.051462 0.964761
1777802271.845054150 -0.161871 -0.059098 0.001780 0.018353 0.257425 -0.051401 0.964756
1777802271.945095062 -0.162009 -0.059193 0.001824 0.018324 0.257452 -0.051404 0.964749
1777802272.045126915 -0.162149 -0.058965 0.000861 0.018367 0.257447 -0.051475 0.964746
1777802272.144992590 -0.162309 -0.059005 0.000955 0.018415 0.257419 -0.051456 0.964753
1777802272.245049715 -0.162418 -0.059044 0.001050 0.018422 0.257400 -0.051428 0.964760
1777802272.345134258 -0.162524 -0.059117 0.001121 0.018418 0.257435 -0.051423 0.964751
1777802272.445154667 -0.162499 -0.059031 0.000459 0.018464 0.257360 -0.051454 0.964768
1777802272.545034409 -0.162580 -0.059059 0.000541 0.018422 0.257456 -0.051449 0.964743
1777802272.645077705 -0.162652 -0.059123 0.000624 0.018456 0.257473 -0.051442 0.964739
1777802272.745003462 -0.162721 -0.059212 0.000691 0.018414 0.257502 -0.051427 0.964733
1777802272.845000744 -0.162773 -0.059316 0.000737 0.018354 0.257531 -0.051398 0.964727
1777802272.945072651 -0.162794 -0.059442 0.000736 0.018307 0.257546 -0.051389 0.964725
1777802273.045056343 -0.162803 -0.059562 0.000655 0.018169 0.257574 -0.051376 0.964721
1777802273.145023584 -0.162796 -0.059647 0.000447 0.018094 0.257563 -0.051341 0.964727
1777802273.245178938 -0.162723 -0.059716 0.000058 0.017973 0.257544 -0.051335 0.964735
1777802273.345148325 -0.162629 -0.059673 -0.000538 0.017861 0.257523 -0.051293 0.964745
1777802273.445003271 -0.162522 -0.059547 -0.001406 0.017753 0.257482 -0.051239 0.964760
1777802273.545031071 -0.162398 -0.059318 -0.002589 0.017525 0.257454 -0.051166 0.964776
1777802273.645131826 -0.162275 -0.058901 -0.004141 0.017399 0.257496 -0.051105 0.964770
1777802273.745185852 -0.162100 -0.058316 -0.006120 0.017158 0.257469 -0.051003 0.964787
1777802273.845083475 -0.161921 -0.057537 -0.008533 0.016935 0.257456 -0.050886 0.964801
