1777802186.045822859 -0.009947 0.011165 -0.002843 0.001116 0.256902 0.005093 0.966423
1777802186.144851923 -0.009675 0.010607 -0.001061 0.001241 0.256929 0.005132 0.966416
1777802186.245849133 -0.009443 0.010254 0.000399 0.001313 0.256969 0.005170 0.966405
1777802186.345007896 -0.009329 0.010028 0.001486 0.001430 0.257021 0.005197 0.966391
1777802186.445787191 -0.009248 0.009974 0.002232 0.001529 0.257042 0.005210 0.966385
1777802186.546084881 -0.009217 0.009918 0.002654 0.001642 0.257058 0.005211 0.966381
1777802186.644815207 -0.009201 0.010028 0.002814 0.001741 0.257059 0.005223 0.966380
1777802186.745840073 -0.009291 0.010116 0.002753 0.001781 0.257152 0.005244 0.966355
1777802186.845802069 -0.009230 0.010368 0.002426 0.001914 0.257146 0.005231 0.966357
1777802186.945791006 -0.009274 0.010374 0.002231 0.001876 0.257195 0.005243 0.966343
1777802187.045869589 -0.009320 0.010486 0.001806 0.001950 0.257205 0.005214 0.966341
1777802187.144930601 -0.009431 0.010560 0.001450 0.001917 0.257216 0.005186 0.966338
1777802187.245923758 -0.009439 0.010606 0.001147 0.001965 0.257200 0.005196 0.966342
1777802187.345935583 -0.009480 0.010702 0.000831 0.001949 0.257211 0.005183 0.966339
1777802187.445875883 -0.009509 0.010743 0.000562 0.002009 0.257226 0.005180 0.966335
1777802187.546007633 -0.009640 0.010820 0.000351 0.001984 0.257263 0.005154 0.966326
1777802187.645822287 -0.009696 0.010836 0.000168 0.002064 0.257286 0.005155 0.966319
1777802187.744987726 -0.009782 0.010890 -0.000025 0.002075 0.257307 0.005158 0.966314
1777802187.846028328 -0.009900 0.010792 -0.000069 0.002032 0.257331 0.005186 0.966307
1777802187.944802046 -0.009991 0.010751 -0.000259 0.002020 0.257349 0.005146 0.966303
1777802188.045906067 -0.010088 0.010717 -0.000348 0.001964 0.257387 0.005137 0.966293
1777802188.145810843 -0.010075 0.010764 -0.000398 0.002010 0.257345 0.005153 0.966304
1777802188.245801687 -0.010161 0.010657 -0.000484 0.001925 0.257363 0.005123 0.966299
1777802188.344764948 -0.010193 0.010675 -0.000511 0.001963 0.257370 0.005146 0.966297
1777802188.444791079 -0.010113 0.010653 -0.000566 0.001928 0.257345 0.005121 0.966304
1777802188.545979023 -0.010129 0.010711 -0.000587 0.001968 0.257326 0.005153 0.966309
1777802188.644995689 -0.010083 0.010711 -0.000641 0.001942 0.257314 0.005150 0.966312
1777802188.744936705 -0.010110 0.010739 -0.000699 0.001990 0.257326 0.005161 0.966309
1777802188.844707966 -0.009995 0.010803 -0.000814 0.002011 0.257268 0.005172 0.966324
1777802188.945880651 -0.010056 0.010755 -0.000892 0.002009 0.257282 0.005169 0.966320
1777802189.046073198 -0.009961 0.010794 -0.001017 0.002028 0.257267 0.005188 0.966324
1777802189.146055222 -0.010051 0.010708 -0.001098 0.001965 0.257290 0.005196 0.966318
1777802189.245844841 -0.010050 0.010785 -0.001186 0.001984 0.257279 0.005212 0.966321
1777802189.344481945 -0.010058 0.010757 -0.001197 0.001979 0.257270 0.005226 0.966323
1777802189.445052862 -0.010014 0.010802 -0.001196 0.002011 0.257277 0.005209 0.966322
1777802189.544893503 -0.009965 0.010820 -0.001179 0.002032 0.257248 0.005211 0.966329
1777802189.645855665 -0.009972 0.010791 -0.001137 0.001984 0.257263 0.005204 0.966325
1777802189.745865583 -0.009943 0.010830 -0.001109 0.001977 0.257272 0.005215 0.966323
1777802189.845037460 -0.009899 0.010738 -0.000942 0.001910 0.257294 0.005221 0.966317
1777802189.944915771 -0.009855 0.010809 -0.000941 0.001963 0.257267 0.005195 0.966324
1777802190.044832945 -0.009793 0.010725 -0.000752 0.001909 0.257259 0.005199 0.966327
1777802190.144805908 -0.009773 0.010832 -0.000765 0.001974 0.257265 0.005193 0.966325
1777802190.245871067 -0.009694 0.010870 -0.000762 0.001989 0.257261 0.005214 0.966326
1777802190.345849991 -0.009589 0.010861 -0.000680 0.001987 0.257209 0.005245 0.966339
1777802190.446062565 -0.009496 0.010780 -0.000496 0.001898 0.257228 0.005275 0.966334
1777802190.544898272 -0.009440 0.010839 -0.000544 0.001959 0.257240 0.005252 0.966331
1777802190.644833326 -0.009333 0.010844 -0.000453 0.001956 0.257237 0.005226 0.966332
1777802190.744787455 -0.009264 0.010873 -0.000566 0.001996 0.257222 0.005204 0.966336
1777802190.845870256 -0.009195 0.011011 -0.001155 0.002001 0.257204 0.005154 0.966341
1777802190.945049047 -0.009131 0.010950 -0.000860 0.002011 0.257200 0.005198 0.966342
1777802191.045904160 -0.009059 0.010873 -0.002311 0.001996 0.257191 0.005098 0.966345
1777802191.145882130 -0.009015 0.010867 -0.002245 0.002042 0.257175 0.005087 0.966349
1777802191.245879412 -0.009010 0.010847 -0.002233 0.002042 0.257193 0.005057 0.966345
1777802191.344945669 -0.009033 0.010831 -0.002250 0.002031 0.257154 0.005057 0.966355
1777802191.444920063 -0.009080 0.010804 -0.002266 0.002005 0.257172 0.005071 0.966350
1777802191.546138048 -0.009145 0.010755 -0.002270 0.001956 0.257231 0.005048 0.966335
1777802191.644814253 -0.009186 0.010706 -0.002264 0.001988 0.257245 0.005054 0.966331
1777802191.745855331 -0.009257 0.010679 -0.002259 0.001960 0.257264 0.005047 0.966326
1777802191.845034361 -0.009307 0.010668 -0.002230 0.002012 0.257273 0.005040 0.966323
1777802191.946080923 -0.009358 0.010653 -0.002198 0.001984 0.257282 0.005017 0.966321
1777802192.045845032 -0.009392 0.010661 -0.002174 0.002013 0.257294 0.005014 0.966318
1777802192.145987034 -0.009409 0.010606 -0.002173 0.001980 0.257240 0.004997 0.966333
1777802192.245867729 -0.009443 0.010611 -0.002175 0.002010 0.257249 0.005005 0.966330
1777802192.345862150 -0.009455 0.010593 -0.002180 0.001993 0.257266 0.004985 0.966326
1777802192.444790363 -0.009483 0.010591 -0.002192 0.002023 0.257248 0.005023 0.966330
1777802192.546076059 -0.009498 0.010616 -0.002216 0.002006 0.257254 0.005009 0.966329
1777802192.644997597 -0.009542 0.010660 -0.002266 0.002027 0.257289 0.005013 0.966319
1777802192.745006561 -0.009575 0.010707 -0.002317 0.002015 0.257341 0.004998 0.966306
1777802192.844891787 -0.009582 0.010734 -0.002357 0.002056 0.257324 0.004997 0.966310
1777802192.944842339 -0.009629 0.010786 -0.002411 0.002086 0.257347 0.005014 0.966304
1777802193.046010494 -0.009648 0.010819 -0.002462 0.002104 0.257352 0.005019 0.966302
1777802193.145893574 -0.009674 0.010842 -0.002509 0.002108 0.257337 0.005025 0.966306
1777802193.245906353 -0.009688 0.010853 -0.002562 0.002105 0.257341 0.005024 0.966305
1777802193.346000671 -0.009716 0.010872 -0.002630 0.002073 0.257363 0.005015 0.966300
1777802193.444906235 -0.009712 0.010851 -0.002701 0.002067 0.257337 0.005011 0.966307
1777802193.546098471 -0.009713 0.010880 -0.002791 0.002075 0.257368 0.005013 0.966298
1777802193.645924568 -0.009684 0.010856 -0.002872 0.002081 0.257336 0.005006 0.966307
1777802193.745896578 -0.009658 0.010835 -0.002940 0.002037 0.257341 0.005011 0.966305
1777802193.844856024 -0.009630 0.010804 -0.002998 0.002026 0.257319 0.005022 0.966311
1777802193.945900679 -0.009612 0.010782 -0.003046 0.002027 0.257333 0.005021 0.966308
1777802194.045932055 -0.009588 0.010786 -0.003100 0.002041 0.257299 0.005016 0.966317
1777802194.145882130 -0.009591 0.010802 -0.003141 0.002033 0.257318 0.005004 0.966312
1777802194.244937420 -0.009606 0.010826 -0.003187 0.002069 0.257320 0.005024 0.966311
1777802194.344956636 -0.009592 0.010825 -0.003222 0.002043 0.257307 0.005027 0.966314
1777802194.545107841 -0.009579 0.010883 -0.003248 0.002037 0.257317 0.005035 0.966312
1777802194.644813061 -0.009541 0.010916 -0.003228 0.002023 0.257291 0.005010 0.966319
1777802194.745916128 -0.009478 0.010970 -0.003170 0.002007 0.257258 0.005016 0.966328
1777802194.845965385 -0.009435 0.011014 -0.003134 0.002021 0.257237 0.005021 0.966333
1777802194.945925951 -0.009407 0.011081 -0.003089 0.002032 0.257231 0.005053 0.966334
1777802195.045908451 -0.009364 0.011128 -0.003036 0.002011 0.257249 0.005070 0.966330
1777802195.144984007 -0.009346 0.011168 -0.002965 0.002027 0.257249 0.005063 0.966330
1777802195.244994164 -0.009323 0.011218 -0.002847 0.002012 0.257273 0.005080 0.966323
1777802195.344949722 -0.009320 0.011253 -0.002727 0.002053 0.257248 0.005094 0.966330
1777802195.444944143 -0.009312 0.011303 -0.002580 0.002044 0.257280 0.005101 0.966321
1777802195.544890642 -0.009292 0.011355 -0.002405 0.002086 0.257304 0.005106 0.966315
1777802195.644817591 -0.009256 0.011396 -0.002203 0.002068 0.257260 0.005125 0.966326
1777802195.745087624 -0.010965 0.011124 -0.002067 0.002230 0.258480 0.005670 0.965997
1777802195.845089674 -0.025076 0.011981 -0.001616 0.002064 0.257391 0.005034 0.966292
1777802195.944972038 -0.040845 0.012124 -0.001251 0.001944 0.257277 0.004987 0.966323
1777802196.044930220 -0.057626 0.011958 -0.000969 0.002135 0.258231 0.004663 0.966070
1777802196.145940304 -0.077513 0.011800 -0.000706 0.002192 0.256509 0.003419 0.966533
1777802196.245899677 -0.090924 0.010096 -0.000653 0.002835 0.257902 0.004720 0.966155
1777802196.345008850 -0.106687 0.009846 -0.000506 0.002753 0.258280 0.002925 0.966062
1777802196.444962740 -0.122252 0.008879 -0.000421 0.003060 0.258265 0.003549 0.966063
1777802196.544951677 -0.143089 0.007976 -0.000320 0.003596 0.257236 0.002654 0.966338
1777802196.644838095 -0.162822 0.007311 -0.000452 0.003552 0.257800 0.002291 0.966189
1777802196.745910406 -0.183167 0.007316 -0.000428 0.003694 0.257247 0.001524 0.966337
1777802196.844948292 -0.194330 0.007042 -0.000654 0.003881 0.257849 0.000785 0.966177
1777802196.944991827 -0.200262 0.006758 -0.000852 0.004369 0.258234 0.000636 0.966072
1777802197.045947313 -0.204268 0.006970 -0.000956 0.004152 0.257671 0.000646 0.966223
1777802197.144569874 -0.200653 0.007180 -0.000950 0.004146 0.259099 0.000864 0.965841
1777802197.245030165 -0.199955 0.007487 -0.000976 0.004256 0.259258 0.000596 0.965799
1777802197.345051050 -0.202221 0.008333 -0.001057 0.003550 0.258131 0.003115 0.966098
1777802197.444889307 -0.196004 0.008713 -0.001068 0.002541 0.260773 0.009715 0.965348
1777802197.546105385 -0.195292 0.012211 -0.001965 0.001779 0.258461 0.013644 0.965924
1777802197.644611597 -0.193009 0.018998 -0.001802 -0.001422 0.256101 0.023986 0.966351
1777802197.745025396 -0.186150 0.025465 -0.001527 -0.005213 0.256865 0.036370 0.965749
1777802197.845022202 -0.181321 0.032418 -0.003408 -0.009131 0.258021 0.050757 0.964762
1777802197.944935322 -0.183107 0.038845 -0.003645 -0.013108 0.257250 0.065187 0.964055
1777802198.044656277 -0.179770 0.045952 -0.003996 -0.018417 0.258519 0.082694 0.962284
1777802198.145109892 -0.179976 0.052296 -0.004362 -0.022472 0.258385 0.097820 0.960814
1777802198.244993448 -0.181268 0.058636 -0.004761 -0.026272 0.257681 0.112086 0.959347
1777802198.344959497 -0.180618 0.065350 -0.005129 -0.030736 0.257506 0.128560 0.957193
1777802198.444879293 -0.181884 0.071154 -0.005531 -0.034777 0.256881 0.143159 0.955148
1777802198.545059204 -0.182453 0.077411 -0.005903 -0.038379 0.256531 0.156185 0.953061
1777802198.644961596 -0.182983 0.083775 -0.006249 -0.042517 0.256284 0.171023 0.950401
1777802198.745092869 -0.185153 0.090554 -0.006636 -0.047213 0.255492 0.188403 0.947100
1777802198.844914198 -0.187713 0.097830 -0.007007 -0.051951 0.254682 0.205595 0.943487
1777802198.945056200 -0.190365 0.105534 -0.007306 -0.056783 0.253949 0.223121 0.939416
1777802199.045948982 -0.192105 0.114291 -0.007452 -0.060470 0.253934 0.238108 0.935503
1777802199.144907713 -0.197579 0.124056 -0.007267 -0.065848 0.252846 0.255369 0.930871
1777802199.245059252 -0.199563 0.130637 -0.007815 -0.070678 0.252536 0.271116 0.926135
1777802199.346003771 -0.202463 0.136253 -0.008171 -0.075184 0.251485 0.287189 0.921208
1777802199.446030617 -0.208182 0.138377 -0.008463 -0.077996 0.248823 0.300391 0.917480
1777802199.545075655 -0.212605 0.141524 -0.008688 -0.080792 0.247484 0.311634 0.913843
1777802199.745221376 -0.221667 0.149912 -0.008971 -0.087840 0.244445 0.338019 0.904585
1777802199.845988512 -0.225837 0.152297 -0.008963 -0.090427 0.243095 0.349150 0.900456
1777802199.945140839 -0.228454 0.155444 -0.009068 -0.093175 0.242403 0.357872 0.896932
1777802200.045287848 -0.233626 0.154581 -0.008301 -0.094201 0.240797 0.361297 0.895884
1777802200.145069838 -0.234946 0.153458 -0.007894 -0.094957 0.239500 0.366683 0.893961
1777802200.245062590 -0.232265 0.156976 -0.007913 -0.095889 0.241148 0.366699 0.893412
1777802200.345032930 -0.233921 0.156295 -0.007957 -0.095708 0.240880 0.366276 0.893677
1777802200.444946051 -0.234295 0.155794 -0.008083 -0.095817 0.240149 0.367289 0.893446
1777802200.545010805 -0.232197 0.158011 -0.008186 -0.095767 0.240834 0.366959 0.893403
1777802200.644916534 -0.234350 0.156499 -0.008168 -0.095482 0.239845 0.366495 0.893890
1777802200.745250225 -0.234407 0.156661 -0.008193 -0.096047 0.239650 0.366992 0.893678
1777802200.845079184 -0.233034 0.157599 -0.008179 -0.095991 0.240475 0.366728 0.893570
1777802200.945003033 -0.233458 0.157137 -0.008107 -0.096246 0.240432 0.366621 0.893598
1777802201.044976234 -0.233468 0.156962 -0.008047 -0.096381 0.240461 0.367000 0.893421
1777802201.145956278 -0.233069 0.157390 -0.008031 -0.096251 0.240635 0.366551 0.893572
1777802201.245038986 -0.233432 0.157160 -0.007996 -0.096322 0.240390 0.366671 0.893581
1777802201.345007420 -0.233577 0.156872 -0.007950 -0.096275 0.240334 0.366964 0.893481
1777802201.444903851 -0.233547 0.157178 -0.007935 -0.096169 0.240364 0.366541 0.893658
1777802201.545095682 -0.233760 0.157098 -0.007971 -0.096274 0.240204 0.366837 0.893568
1777802201.644783020 -0.234128 0.156986 -0.008004 -0.096242 0.240091 0.366802 0.893616
1777802201.746010303 -0.235623 0.155162 -0.007835 -0.095419 0.238231 0.365994 0.894533
1777802201.844804764 -0.228657 0.164168 -0.007709 -0.096885 0.240152 0.367548 0.893224
1777802201.945111036 -0.223077 0.180057 -0.007829 -0.098471 0.240420 0.369592 0.892134
1777802202.045032263 -0.220840 0.198564 -0.008308 -0.099837 0.240461 0.371654 0.891114
1777802202.144957066 -0.225535 0.213528 -0.008648 -0.098154 0.240022 0.370706 0.891814
1777802202.244854212 -0.233576 0.230626 -0.008884 -0.098930 0.238826 0.374065 0.890646
1777802202.345052958 -0.242191 0.250477 -0.009506 -0.099369 0.239258 0.373757 0.890610
1777802202.445002794 -0.252928 0.269480 -0.009763 -0.099267 0.239343 0.375127 0.890023
1777802202.544622660 -0.263073 0.291234 -0.010213 -0.100087 0.239943 0.376466 0.889204
1777802202.645988941 -0.274528 0.312609 -0.010564 -0.100079 0.240442 0.377675 0.888557
1777802202.745022297 -0.289934 0.331455 -0.010552 -0.099637 0.239454 0.377888 0.888783
1777802202.845029116 -0.305151 0.348933 -0.010629 -0.099768 0.238488 0.378757 0.888658
1777802202.944787741 -0.318519 0.367239 -0.011087 -0.099871 0.238950 0.380801 0.887648
1777802203.045066595 -0.333805 0.388350 -0.011487 -0.100361 0.240013 0.381316 0.887085
1777802203.145008326 -0.350894 0.405127 -0.011314 -0.099987 0.239768 0.382499 0.886684
1777802203.244964361 -0.365993 0.419940 -0.011380 -0.099921 0.239071 0.382724 0.886783
1777802203.345203161 -0.377155 0.434540 -0.011844 -0.100300 0.239172 0.384185 0.886081
1777802203.444992781 -0.390132 0.450990 -0.012043 -0.099929 0.239376 0.384646 0.885867
1777802203.545992374 -0.405790 0.467791 -0.011817 -0.100032 0.239532 0.384664 0.885805
1777802203.645024776 -0.421104 0.483939 -0.011642 -0.100564 0.239146 0.384342 0.885989
1777802203.745176077 -0.434987 0.501530 -0.011992 -0.101374 0.239425 0.385587 0.885280
1777802203.844932318 -0.448134 0.517255 -0.012391 -0.100982 0.239579 0.386406 0.884927
1777802203.946029186 -0.463521 0.531565 -0.012425 -0.101278 0.239129 0.384481 0.885852
1777802204.045995474 -0.475424 0.541706 -0.012512 -0.100323 0.238202 0.385412 0.885806
1777802204.144951582 -0.483069 0.557851 -0.012509 -0.101121 0.238776 0.384696 0.885872
1777802204.245053291 -0.488715 0.579723 -0.012990 -0.101729 0.240412 0.386567 0.884545
1777802204.345088482 -0.506287 0.601000 -0.013500 -0.101325 0.237921 0.385161 0.885877
1777802204.444621325 -0.519481 0.611375 -0.013099 -0.099935 0.237167 0.388621 0.884725
1777802204.546015501 -0.529873 0.631785 -0.013866 -0.101592 0.238887 0.387612 0.884516
1777802204.644999504 -0.541787 0.644970 -0.014054 -0.101358 0.238824 0.388520 0.884162
1777802204.745030880 -0.554220 0.659505 -0.014159 -0.101440 0.239078 0.388806 0.883958
1777802204.845085621 -0.565046 0.673365 -0.014565 -0.101242 0.238993 0.387985 0.884364
1777802204.944926977 -0.576227 0.683428 -0.014501 -0.101097 0.238037 0.390072 0.883720
1777802205.045138597 -0.588527 0.701636 -0.014834 -0.101411 0.238527 0.389716 0.883710
1777802205.146002054 -0.601489 0.716311 -0.014696 -0.101090 0.238879 0.390383 0.883356
1777802205.244645596 -0.614473 0.728646 -0.014308 -0.101102 0.238180 0.390912 0.883310
1777802205.344788074 -0.626890 0.746347 -0.014361 -0.102126 0.238644 0.392023 0.882574
1777802205.445218086 -0.641635 0.764215 -0.014219 -0.102213 0.238946 0.392487 0.882276
1777802205.545054674 -0.657001 0.779664 -0.013835 -0.101561 0.238397 0.393322 0.882128
1777802205.644949913 -0.671571 0.798221 -0.014246 -0.101929 0.238310 0.393529 0.882017
1777802205.745193481 -0.685956 0.815491 -0.014346 -0.101529 0.238476 0.394344 0.881654
1777802205.845208406 -0.699279 0.829664 -0.014520 -0.101191 0.238269 0.394217 0.881805
1777802205.945003986 -0.710155 0.844239 -0.015019 -0.101948 0.238360 0.395266 0.881224
1777802206.044820309 -0.723339 0.861329 -0.015456 -0.102451 0.238873 0.394106 0.881546
1777802206.145078182 -0.733935 0.869220 -0.015277 -0.101426 0.238273 0.395121 0.881373
1777802206.245024681 -0.739401 0.875306 -0.015115 -0.102480 0.237849 0.394336 0.881717
1777802206.344997168 -0.740089 0.878482 -0.015147 -0.102355 0.237747 0.394970 0.881475
1777802206.445148468 -0.739378 0.877394 -0.015371 -0.102201 0.237926 0.394379 0.881710
1777802206.545100451 -0.739436 0.876752 -0.015797 -0.102432 0.237601 0.395311 0.881353
1777802206.644763470 -0.739150 0.878521 -0.015689 -0.102296 0.237259 0.396753 0.880813
1777802206.744854450 -0.742071 0.880050 -0.017171 -0.102696 0.235808 0.399665 0.879839
1777802206.845135927 -0.742873 0.884707 -0.017130 -0.104468 0.234878 0.408386 0.875865
1777802206.945102930 -0.742894 0.896023 -0.017217 -0.106370 0.234730 0.415403 0.872369
1777802207.045036793 -0.744128 0.905460 -0.017490 -0.109778 0.233662 0.426154 0.867031
1777802207.144852400 -0.748475 0.910615 -0.017717 -0.113151 0.231359 0.438470 0.861054
1777802207.245142221 -0.752453 0.917579 -0.018167 -0.117021 0.230420 0.452192 0.853660
1777802207.345113516 -0.757297 0.923253 -0.018836 -0.122220 0.228657 0.468446 0.844592
1777802207.445124626 -0.762309 0.927755 -0.019454 -0.125513 0.226938 0.480539 0.837752
1777802207.544997215 -0.767096 0.932766 -0.019784 -0.128993 0.225485 0.492921 0.830389
1777802207.644913673 -0.772813 0.937249 -0.020121 -0.133371 0.223360 0.506772 0.821891
1777802207.745114803 -0.777939 0.942121 -0.020427 -0.136862 0.221961 0.519432 0.813752
1777802207.845024347 -0.783091 0.945585 -0.020671 -0.140179 0.220020 0.531653 0.805783
1777802207.945067644 -0.789323 0.949275 -0.020883 -0.144023 0.217729 0.544239 0.797280
1777802208.044930220 -0.794649 0.952754 -0.020931 -0.147489 0.215875 0.555657 0.789234
1777802208.144904613 -0.801685 0.956136 -0.020902 -0.151397 0.213594 0.568300 0.780059
1777802208.245080948 -0.807619 0.958580 -0.020755 -0.155024 0.211249 0.580558 0.770904
1777802208.345099688 -0.811668 0.958373 -0.020285 -0.157090 0.209767 0.588717 0.764679
1777802208.444712162 -0.815672 0.955620 -0.019583 -0.159032 0.207438 0.595745 0.759451
1777802208.545128822 -0.815578 0.956721 -0.019328 -0.160640 0.205941 0.600224 0.755986
1777802208.645002604 -0.816067 0.955231 -0.019081 -0.159587 0.205270 0.601121 0.755678
1777802208.745081663 -0.816538 0.955967 -0.018992 -0.160209 0.204917 0.600931 0.755794
1777802208.845154047 -0.816173 0.957502 -0.018942 -0.160346 0.204868 0.601993 0.754933
1777802208.945108414 -0.816184 0.957323 -0.018831 -0.160327 0.204974 0.601511 0.755291
1777802209.044931650 -0.816038 0.957443 -0.018753 -0.160438 0.205286 0.601266 0.755378
1777802209.145143747 -0.815649 0.958120 -0.018793 -0.160705 0.205317 0.601742 0.754934
1777802209.245102167 -0.815829 0.957511 -0.018785 -0.160590 0.205315 0.601352 0.755269
1777802209.345266581 -0.815543 0.957813 -0.018877 -0.160628 0.205319 0.601426 0.755202
1777802209.444861412 -0.815711 0.958430 -0.018805 -0.160112 0.204705 0.599440 0.757055
1777802209.545082331 -0.812628 0.961987 -0.018487 -0.159546 0.206159 0.595677 0.759745
1777802209.645062208 -0.806579 0.963788 -0.017738 -0.158036 0.207770 0.589227 0.764636
1777802209.745111704 -0.802347 0.961961 -0.017451 -0.154018 0.207219 0.582628 0.770638
1777802209.844667673 -0.796293 0.963985 -0.017064 -0.152753 0.210168 0.574815 0.775941
1777802209.944963455 -0.790291 0.963472 -0.016651 -0.150503 0.213548 0.563667 0.783598
1777802210.045203209 -0.783838 0.959398 -0.016182 -0.145555 0.215699 0.550554 0.793207
1777802210.144945145 -0.778928 0.955694 -0.015818 -0.142166 0.216622 0.541651 0.799674
1777802210.245035887 -0.774926 0.949097 -0.015667 -0.137644 0.216774 0.532090 0.806811
1777802210.345021963 -0.768391 0.950261 -0.015816 -0.137467 0.218593 0.523337 0.812058
1777802210.445079803 -0.765114 0.948424 -0.015284 -0.133581 0.221827 0.509932 0.820316
1777802210.545106173 -0.762451 0.945754 -0.014851 -0.129051 0.223394 0.492626 0.831120
1777802210.644905329 -0.751825 0.942810 -0.014770 -0.126189 0.226277 0.480740 0.837714
1777802210.744750023 -0.746932 0.937695 -0.014503 -0.121349 0.228244 0.465130 0.846660
1777802210.844755173 -0.740593 0.934046 -0.014401 -0.116496 0.230316 0.448589 0.855658
1777802210.945024252 -0.735263 0.928693 -0.013979 -0.112568 0.231663 0.433799 0.863411
1777802211.044936895 -0.730833 0.924176 -0.013634 -0.108947 0.233320 0.421242 0.869625
1777802211.145105600 -0.726994 0.920205 -0.013320 -0.105987 0.234577 0.410431 0.874807
1777802211.245063543 -0.722142 0.915821 -0.012821 -0.103148 0.235951 0.399371 0.879881
1777802211.345188618 -0.716928 0.911341 -0.012379 -0.099397 0.237753 0.386022 0.885766
1777802211.445206404 -0.711854 0.905201 -0.011782 -0.094832 0.239192 0.370230 0.892594
1777802211.545133352 -0.706221 0.899058 -0.011289 -0.090119 0.240829 0.353287 0.899482
1777802211.644984484 -0.700801 0.892852 -0.011016 -0.085063 0.242081 0.335446 0.906442
1777802211.745181322 -0.695709 0.887121 -0.010952 -0.080507 0.243685 0.319140 0.912297
1777802211.845163107 -0.691201 0.881027 -0.010357 -0.076281 0.244819 0.303229 0.917767
1777802211.945138693 -0.686890 0.874816 -0.011674 -0.071781 0.245672 0.287306 0.923010
1777802212.045046329 -0.682918 0.868516 -0.011166 -0.067167 0.247221 0.270383 0.928043
1777802212.145234585 -0.679132 0.863312 -0.010934 -0.063079 0.248196 0.255154 0.932371
1777802212.245124102 -0.674938 0.857493 -0.010474 -0.059427 0.249748 0.239953 0.936225
1777802212.344912052 -0.671994 0.851900 -0.010092 -0.054777 0.251002 0.222724 0.940421
1777802212.444723129 -0.670048 0.846057 -0.009719 -0.050427 0.251239 0.207061 0.944173
1777802212.545140266 -0.667627 0.840238 -0.009388 -0.046252 0.252339 0.191115 0.947450
1777802212.645063877 -0.664127 0.833959 -0.009112 -0.042004 0.253460 0.174806 0.950493
1777802212.744897604 -0.661990 0.827753 -0.008642 -0.037970 0.254019 0.160242 0.953077
1777802212.845165968 -0.659894 0.821686 -0.008083 -0.033924 0.254625 0.145404 0.955444
1777802212.945139170 -0.658357 0.814681 -0.007764 -0.030157 0.255270 0.133720 0.957103
1777802213.045032263 -0.653797 0.808827 -0.007731 -0.026369 0.255772 0.117473 0.959211
1777802213.144935608 -0.646962 0.803806 -0.007777 -0.023093 0.256642 0.107835 0.960194
1777802213.245059013 -0.648759 0.801745 -0.007426 -0.018385 0.255495 0.088182 0.962605
1777802213.345238447 -0.644303 0.796077 -0.007151 -0.015973 0.257478 0.078690 0.962942
1777802213.444879532 -0.643096 0.789192 -0.006963 -0.012833 0.257368 0.067295 0.963882
1777802213.545197010 -0.643441 0.784293 -0.006621 -0.008659 0.257246 0.050270 0.964999
1777802213.644941330 -0.642341 0.777396 -0.006418 -0.004189 0.256891 0.033580 0.965848
1777802213.745116234 -0.641723 0.770498 -0.006213 -0.000310 0.257234 0.019259 0.966157
1777802213.845122337 -0.640488 0.763885 -0.006140 0.003813 0.257437 0.002608 0.966284
1777802213.945189714 -0.639824 0.756335 -0.006029 0.008372 0.257423 -0.013647 0.966166
1777802214.044924974 -0.640421 0.749898 -0.005946 0.012254 0.257125 -0.027964 0.965896
1777802214.145076275 -0.641211 0.743590 -0.005957 0.016162 0.256084 -0.043178 0.965555
1777802214.245087862 -0.641920 0.736570 -0.005854 0.020024 0.255969 -0.058230 0.964722
1777802214.345204353 -0.642415 0.729866 -0.005872 0.024674 0.255935 -0.076940 0.963311
1777802214.445120335 -0.642940 0.722517 -0.005858 0.029371 0.255988 -0.094456 0.961606
1777802214.545084000 -0.644366 0.713837 -0.005848 0.034203 0.255695 -0.112278 0.959606
1777802214.644963980 -0.645985 0.706378 -0.005907 0.039551 0.254694 -0.132569 0.957075
1777802214.745190620 -0.647934 0.698826 -0.005835 0.044364 0.254031 -0.150279 0.954419
1777802214.845078230 -0.650235 0.690528 -0.005881 0.048875 0.252999 -0.167175 0.951659
1777802214.945058584 -0.652584 0.681165 -0.005840 0.053800 0.252295 -0.185082 0.948260
1777802215.045217037 -0.655675 0.674053 -0.005871 0.058724 0.251083 -0.203114 0.944592
1777802215.144770861 -0.659365 0.665713 -0.005895 0.063813 0.249695 -0.222522 0.940247
1777802215.245095968 -0.662465 0.657671 -0.005977 0.068932 0.248680 -0.241300 0.935511
1777802215.345105886 -0.666264 0.652132 -0.006060 0.073271 0.247165 -0.259115 0.930806
1777802215.445203304 -0.669339 0.646056 -0.006191 0.077697 0.246270 -0.275321 0.926020
1777802215.544790983 -0.673227 0.639549 -0.006378 0.081880 0.245080 -0.291021 0.921161
1777802215.645090818 -0.677407 0.633177 -0.006531 0.086266 0.243975 -0.306400 0.916053
1777802215.745331287 -0.681224 0.627295 -0.006785 0.090876 0.242845 -0.321940 0.910562
1777802215.845190763 -0.686439 0.621023 -0.006994 0.095298 0.241030 -0.338363 0.904618
1777802215.945148706 -0.691157 0.616104 -0.007071 0.099616 0.239263 -0.354444 0.898442
1777802216.045111418 -0.695644 0.611661 -0.007293 0.103192 0.237366 -0.368916 0.892698
1777802216.145404100 -0.700077 0.606537 -0.007252 0.106878 0.236555 -0.382382 0.886793
1777802216.245139837 -0.704621 0.601425 -0.007212 0.110858 0.234925 -0.397307 0.880152
1777802216.345100403 -0.708981 0.597600 -0.007274 0.114487 0.232825 -0.411500 0.873701
1777802216.445268631 -0.714111 0.591846 -0.007156 0.118771 0.231533 -0.426191 0.866399
1777802216.545249701 -0.719015 0.587015 -0.007358 0.122701 0.229151 -0.441279 0.858899
1777802216.645105124 -0.722411 0.584806 -0.007478 0.125267 0.227885 -0.450808 0.853902
1777802216.745089293 -0.724608 0.583863 -0.008005 0.126138 0.226458 -0.457511 0.850582
1777802216.844930649 -0.726361 0.581304 -0.008446 0.126702 0.226537 -0.457211 0.850638
1777802216.945242167 -0.726450 0.580366 -0.008525 0.127288 0.227822 -0.455644 0.851049
1777802217.045150757 -0.728137 0.583059 -0.008452 0.126633 0.226972 -0.455407 0.851500
1777802217.145118237 -0.728811 0.582547 -0.008409 0.126741 0.227086 -0.454588 0.851891
1777802217.245060205 -0.729622 0.584379 -0.008255 0.126406 0.226196 -0.455961 0.851444
1777802217.344807386 -0.729121 0.582516 -0.008192 0.126778 0.226924 -0.454542 0.851954
1777802217.445125341 -0.729636 0.583976 -0.008027 0.126496 0.226382 -0.455296 0.851737
1777802217.545280933 -0.728895 0.582493 -0.007966 0.126900 0.227035 -0.454765 0.851787
1777802217.644772530 -0.729189 0.583747 -0.007881 0.126610 0.226533 -0.455057 0.851807
1777802217.745251894 -0.728483 0.582770 -0.007939 0.126800 0.226984 -0.454709 0.851845
1777802217.845154047 -0.729851 0.586550 -0.007893 0.127169 0.227192 -0.454943 0.851609
1777802217.945150614 -0.736053 0.599427 -0.007565 0.126589 0.226615 -0.454709 0.851975
1777802218.044865608 -0.744519 0.614541 -0.007281 0.126043 0.226231 -0.453711 0.852689
1777802218.144917727 -0.752183 0.630638 -0.007195 0.126054 0.225615 -0.453970 0.852713
1777802218.245149612 -0.762360 0.648464 -0.006856 0.126148 0.225577 -0.453812 0.852793
1777802218.345093489 -0.771716 0.665317 -0.006592 0.125771 0.225411 -0.452947 0.853352
1777802218.444862843 -0.775387 0.674186 -0.006401 0.126015 0.225812 -0.452472 0.853463
1777802218.545196056 -0.778730 0.680288 -0.006022 0.125965 0.225573 -0.453094 0.853203
1777802218.645070076 -0.779090 0.682145 -0.006021 0.125942 0.226364 -0.451274 0.853961
1777802218.745281696 -0.777111 0.679722 -0.006107 0.126312 0.226883 -0.452497 0.853121
1777802218.845242500 -0.778644 0.681494 -0.006105 0.125855 0.225953 -0.451952 0.853724
1777802218.945179462 -0.779286 0.681239 -0.006245 0.125564 0.225876 -0.451883 0.853824
1777802219.045040607 -0.778171 0.680626 -0.005943 0.125893 0.225976 -0.452392 0.853480
1777802219.145254850 -0.779581 0.680652 -0.007817 0.125321 0.225263 -0.452230 0.853838
1777802219.244888783 -0.774340 0.671715 -0.008186 0.125138 0.225610 -0.451770 0.854016
1777802219.345161438 -0.766428 0.657969 -0.008515 0.125989 0.226474 -0.452766 0.853135
1777802219.445125818 -0.758476 0.642561 -0.008920 0.126514 0.228005 -0.452111 0.852997
1777802219.544912815 -0.752573 0.632684 -0.009166 0.125580 0.226333 -0.452521 0.853362
1777802219.644838095 -0.745104 0.619029 -0.009369 0.126428 0.227805 -0.452128 0.853054
1777802219.745215416 -0.738770 0.609271 -0.009312 0.126170 0.227900 -0.451220 0.853547
1777802219.845178127 -0.730913 0.596861 -0.009482 0.125709 0.227683 -0.451730 0.853404
1777802219.944920063 -0.721639 0.580704 -0.009851 0.125819 0.227463 -0.451962 0.853323
1777802220.044872046 -0.712841 0.562354 -0.010353 0.126844 0.228714 -0.452098 0.852765
1777802220.145174980 -0.704826 0.546737 -0.010752 0.126768 0.228171 -0.452751 0.852575
1777802220.245051384 -0.695067 0.526682 -0.011265 0.127180 0.228243 -0.453398 0.852151
1777802220.344985247 -0.685994 0.507130 -0.011518 0.127432 0.228022 -0.453528 0.852103
1777802220.444880247 -0.675298 0.485629 -0.011822 0.128335 0.229796 -0.452351 0.852116
1777802220.545204878 -0.666770 0.468810 -0.011810 0.127663 0.228773 -0.453148 0.852069
1777802220.644793749 -0.659189 0.451016 -0.011612 0.127606 0.228035 -0.453694 0.851985
1777802220.744911432 -0.651054 0.430953 -0.011206 0.127610 0.227216 -0.456162 0.850884
1777802220.844890594 -0.641647 0.405267 -0.011153 0.129391 0.227695 -0.460862 0.847950
1777802220.946482658 -0.635744 0.380731 -0.010854 0.131640 0.224790 -0.468512 0.844178
1777802221.044824362 -0.629483 0.349282 -0.011221 0.137249 0.226088 -0.480542 0.836138
1777802221.144906521 -0.629588 0.337603 -0.010977 0.138103 0.220979 -0.494847 0.828988
1777802221.245199919 -0.629210 0.317104 -0.010818 0.142432 0.220166 -0.504201 0.822813
1777802221.344825745 -0.628460 0.298742 -0.010844 0.145169 0.219529 -0.513522 0.816718
1777802221.445137024 -0.628807 0.280421 -0.010461 0.148596 0.217065 -0.526945 0.808165
1777802221.545165539 -0.630511 0.263341 -0.010444 0.150347 0.213059 -0.537725 0.801781
1777802221.644884586 -0.631238 0.242099 -0.010525 0.153728 0.211231 -0.549594 0.793534
1777802221.744931698 -0.632579 0.219527 -0.010414 0.158173 0.209955 -0.562644 0.783793
1777802221.844945431 -0.635560 0.195868 -0.010647 0.161601 0.206900 -0.575774 0.774314
1777802221.945169210 -0.639330 0.176024 -0.010928 0.164528 0.204510 -0.586743 0.766054
1777802222.045031309 -0.642725 0.156726 -0.011036 0.167730 0.202622 -0.599051 0.756273
1777802222.144871712 -0.647171 0.133891 -0.011347 0.171102 0.200020 -0.611063 0.746538
1777802222.245203257 -0.653404 0.112821 -0.011499 0.173663 0.196218 -0.624312 0.735918
1777802222.345087528 -0.658819 0.088265 -0.011736 0.178078 0.194654 -0.636511 0.724742
1777802222.444905281 -0.664021 0.069247 -0.011775 0.180841 0.192657 -0.646851 0.715377
1777802222.545213461 -0.669418 0.056613 -0.011915 0.182317 0.189675 -0.655219 0.708147
1777802222.644893408 -0.671853 0.051394 -0.011510 0.182952 0.187591 -0.663298 0.700981
1777802222.745010853 -0.673222 0.048293 -0.011346 0.183860 0.187176 -0.663332 0.700822
1777802222.845030785 -0.672597 0.049753 -0.010918 0.183934 0.187603 -0.663082 0.700925
1777802222.944860697 -0.671654 0.053758 -0.010512 0.182894 0.186625 -0.664273 0.700330
1777802223.045249939 -0.672407 0.049637 -0.010484 0.184078 0.187293 -0.662803 0.701233
1777802223.145181894 -0.671412 0.052320 -0.010124 0.183186 0.186514 -0.663714 0.700813
1777802223.244859934 -0.671038 0.051839 -0.009999 0.182993 0.186721 -0.663115 0.701375
1777802223.344941378 -0.670773 0.051356 -0.009867 0.183370 0.186290 -0.663377 0.701144
1777802223.445175886 -0.670269 0.051877 -0.009813 0.183186 0.186323 -0.663163 0.701385
1777802223.545246363 -0.670511 0.052131 -0.009966 0.183290 0.186399 -0.662931 0.701558
1777802223.644917727 -0.669965 0.051849 -0.009938 0.183584 0.186214 -0.663204 0.701271
1777802223.744822025 -0.669943 0.052117 -0.010110 0.183251 0.186489 -0.662935 0.701540
1777802223.844939709 -0.669834 0.052539 -0.010142 0.183414 0.186299 -0.663117 0.701376
1777802223.945180416 -0.669820 0.052175 -0.010143 0.183614 0.186391 -0.663031 0.701380
1777802224.045208454 -0.669918 0.053063 -0.010180 0.183459 0.186239 -0.662968 0.701520
1777802224.144782543 -0.670228 0.052714 -0.010461 0.183516 0.186464 -0.662951 0.701462
1777802224.244884491 -0.670451 0.053269 -0.010607 0.183417 0.186349 -0.663131 0.701348
1777802224.344884634 -0.671010 0.053744 -0.010972 0.183211 0.186430 -0.662977 0.701526
1777802224.445190430 -0.672133 0.054094 -0.012120 0.183126 0.186468 -0.663229 0.701300
1777802224.544773817 -0.672421 0.054581 -0.012120 0.183046 0.186479 -0.663296 0.701255
1777802224.644799948 -0.672948 0.052415 -0.012899 0.184222 0.187143 -0.665466 0.698710
1777802224.745191336 -0.675758 0.051472 -0.012631 0.184838 0.185028 -0.670503 0.694281
1777802224.844875097 -0.681062 0.048235 -0.012477 0.186286 0.182348 -0.677758 0.687525
1777802224.944951057 -0.686614 0.043781 -0.012260 0.188965 0.180720 -0.684194 0.680817
1777802225.045067549 -0.693301 0.041977 -0.012036 0.192504 0.178392 -0.694956 0.669443
1777802225.145047665 -0.700179 0.044675 -0.011789 0.195499 0.173329 -0.708756 0.655288
1777802225.244912863 -0.706213 0.045820 -0.011638 0.197834 0.170262 -0.718287 0.644932
1777802225.344877005 -0.711756 0.047585 -0.011635 0.199602 0.167394 -0.727652 0.634556
1777802225.444869995 -0.717881 0.048755 -0.011627 0.202194 0.164287 -0.737569 0.622992
1777802225.545207262 -0.723508 0.050033 -0.011634 0.204693 0.161205 -0.747048 0.611583
1777802225.644833803 -0.731526 0.050540 -0.011679 0.208053 0.158408 -0.757322 0.598401
1777802225.744942427 -0.738528 0.052848 -0.011669 0.210566 0.154266 -0.768532 0.584143
1777802225.844866514 -0.745381 0.055188 -0.011646 0.212995 0.149848 -0.779886 0.569172
1777802225.945013762 -0.752776 0.056869 -0.011630 0.215529 0.145947 -0.790125 0.554931
1777802226.045118570 -0.759116 0.058014 -0.011656 0.218335 0.142666 -0.799410 0.541220
1777802226.145012140 -0.763330 0.059335 -0.011855 0.220218 0.140378 -0.805075 0.532590
1777802226.244948626 -0.764552 0.061058 -0.012129 0.219888 0.138331 -0.809394 0.526684
1777802226.345253944 -0.768361 0.060572 -0.012506 0.220965 0.138468 -0.808778 0.527143
1777802226.444839716 -0.769399 0.060539 -0.012601 0.222038 0.138910 -0.807728 0.528184
1777802226.545135021 -0.767498 0.063314 -0.012588 0.220959 0.138573 -0.807981 0.528338
1777802226.644793987 -0.767980 0.063360 -0.012735 0.221029 0.138564 -0.807611 0.528877
1777802226.744852066 -0.766656 0.065562 -0.012777 0.220158 0.137892 -0.808688 0.527769
1777802226.844876289 -0.768250 0.064039 -0.012941 0.221102 0.138202 -0.807573 0.528998
1777802226.945248604 -0.767408 0.065555 -0.013083 0.220700 0.138028 -0.808162 0.528312
1777802227.044843674 -0.768145 0.064505 -0.013179 0.220669 0.137861 -0.808628 0.527656
1777802227.144955397 -0.767696 0.066013 -0.012788 0.220257 0.136922 -0.810463 0.525251
1777802227.244977474 -0.771755 0.063019 -0.012705 0.222787 0.136655 -0.812809 0.520609
1777802227.344906092 -0.777585 0.060786 -0.012390 0.224741 0.135293 -0.817350 0.512958
1777802227.444978237 -0.783627 0.061672 -0.012037 0.225514 0.131736 -0.823375 0.503828
1777802227.544821024 -0.789240 0.063522 -0.011611 -0.227395 -0.127859 0.831779 -0.489986
1777802227.644878149 -0.794114 0.065357 -0.011246 -0.229481 -0.124237 0.840511 -0.474810
1777802227.744852066 -0.800958 0.067098 -0.011122 -0.232247 -0.121608 0.846850 -0.462728
1777802227.844961882 -0.802865 0.069007 -0.011234 -0.232456 -0.119165 0.852507 -0.452764
1777802227.945267916 -0.805861 0.070764 -0.011517 -0.231886 -0.117597 0.854493 -0.449713
1777802228.045003891 -0.807520 0.069593 -0.011539 -0.233879 -0.117593 0.854439 -0.448784
1777802228.144958258 -0.805536 0.072165 -0.011507 -0.233065 -0.117594 0.854315 -0.449443
1777802228.244881153 -0.806147 0.072252 -0.011687 -0.233379 -0.118051 0.853900 -0.449947
1777802228.344799995 -0.804771 0.073197 -0.011773 -0.232705 -0.117063 0.854941 -0.448577
1777802228.445097208 -0.806097 0.072974 -0.012014 -0.232826 -0.117477 0.854189 -0.449836
1777802228.544949532 -0.804998 0.074037 -0.012083 -0.232329 -0.117069 0.854670 -0.449285
1777802228.644907713 -0.806408 0.072672 -0.012261 -0.233114 -0.117421 0.854310 -0.449472
1777802228.744811058 -0.805207 0.074038 -0.012356 -0.232346 -0.117244 0.854518 -0.449519
1777802228.844853401 -0.806254 0.072944 -0.012521 -0.232997 -0.117476 0.854307 -0.449523
1777802228.944939852 -0.805533 0.073531 -0.012578 -0.232588 -0.117310 0.854504 -0.449404
1777802229.044921875 -0.806057 0.073328 -0.012714 -0.232740 -0.117541 0.854275 -0.449700
1777802229.145098448 -0.805872 0.073312 -0.012809 -0.232746 -0.117349 0.854508 -0.449304
1777802229.244963884 -0.806093 0.073446 -0.012931 -0.232669 -0.117459 0.854308 -0.449695
1777802229.344985485 -0.805822 0.073547 -0.013022 -0.232636 -0.117335 0.854482 -0.449415
1777802229.445241213 -0.806076 0.073267 -0.013132 -0.232801 -0.117325 0.854390 -0.449506
1777802229.544945240 -0.805630 0.073762 -0.013178 -0.232519 -0.117325 0.854461 -0.449518
1777802229.644849300 -0.805925 0.073283 -0.013235 -0.232830 -0.117308 0.854400 -0.449478
1777802229.744889259 -0.805599 0.073651 -0.013203 -0.232608 -0.117332 0.854431 -0.449527
1777802229.844985723 -0.805672 0.073533 -0.013181 -0.232748 -0.117316 0.854383 -0.449549
1777802229.945261717 -0.805575 0.073509 -0.013080 -0.232768 -0.117332 0.854427 -0.449452
1777802230.045149088 -0.805493 0.073703 -0.012983 -0.232717 -0.117355 0.854369 -0.449582
1777802230.144834042 -0.805460 0.073584 -0.012845 -0.232829 -0.117358 0.854411 -0.449444
1777802230.245015860 -0.805376 0.073670 -0.012657 -0.232785 -0.117367 0.854389 -0.449506
1777802230.345050573 -0.805192 0.073770 -0.012469 -0.232746 -0.117393 0.854396 -0.449506
1777802230.444991350 -0.805171 0.073634 -0.012229 -0.232787 -0.117407 0.854408 -0.449459
1777802230.544966936 -0.804907 0.073803 -0.012015 -0.232675 -0.117379 0.854396 -0.449546
1777802230.644980669 -0.804809 0.073701 -0.011725 -0.232730 -0.117362 0.854416 -0.449485
1777802230.744957209 -0.804617 0.073602 -0.011438 -0.232766 -0.117326 0.854366 -0.449571
1777802230.844976902 -0.804377 0.073643 -0.011102 -0.232721 -0.117315 0.854372 -0.449584
1777802230.944883585 -0.804212 0.073399 -0.010800 -0.232826 -0.117257 0.854348 -0.449592
1777802231.044915199 -0.803855 0.073496 -0.010511 -0.232802 -0.117182 0.854330 -0.449657
1777802231.145111561 -0.803709 0.073325 -0.010258 -0.232922 -0.117167 0.854266 -0.449721
1777802231.244984150 -0.803643 0.073342 -0.010170 -0.232897 -0.117074 0.854288 -0.449716
1777802231.345052242 -0.803613 0.073508 -0.010092 -0.232889 -0.117180 0.854232 -0.449798
1777802231.444933653 -0.803422 0.073432 -0.009929 -0.233035 -0.117048 0.854221 -0.449779
1777802231.544997454 -0.803520 0.073365 -0.009847 -0.232915 -0.117070 0.854213 -0.449850
1777802231.645074606 -0.803758 0.073386 -0.009907 -0.232799 -0.116964 0.854276 -0.449818
1777802231.745006800 -0.803889 0.073480 -0.009873 -0.232813 -0.116941 0.854253 -0.449861
1777802231.844896555 -0.803829 0.073797 -0.009878 -0.232787 -0.116934 0.854223 -0.449933
1777802231.944814444 -0.803789 0.073910 -0.009759 -0.232881 -0.116753 0.854206 -0.449964
1777802232.045373440 -0.804344 0.074489 -0.010000 -0.232675 -0.116855 0.854267 -0.449929
1777802232.144766331 -0.804818 0.075163 -0.010198 -0.232693 -0.116820 0.854343 -0.449783
1777802232.244933844 -0.806150 0.073670 -0.009969 -0.233237 -0.116911 0.855446 -0.447376
1777802232.345111609 -0.808927 0.075063 -0.011629 -0.232793 -0.115650 0.856708 -0.445516
1777802232.444957733 -0.816467 0.073099 -0.011485 -0.234386 -0.114257 0.859555 -0.439516
1777802232.545275211 -0.826536 0.070320 -0.011146 -0.237710 -0.112470 0.863756 -0.429850
1777802232.644932747 -0.832550 0.072400 -0.010870 -0.238623 -0.108919 0.870078 -0.417325
1777802232.744889975 -0.835704 0.076672 -0.010640 -0.239133 -0.104043 0.877806 -0.401805
1777802232.844952106 -0.840006 0.078811 -0.010620 -0.240179 -0.100843 0.883325 -0.389720
1777802232.944995642 -0.842627 0.081582 -0.010599 -0.241718 -0.099173 0.886402 -0.382136
1777802233.045014620 -0.846937 0.079205 -0.011083 -0.243470 -0.099345 0.887144 -0.379248
1777802233.145030975 -0.847327 0.080516 -0.011669 -0.240838 -0.098601 0.887794 -0.379601
1777802233.244981050 -0.845752 0.082516 -0.011581 -0.240190 -0.097936 0.887657 -0.380502
1777802233.344936609 -0.846511 0.082803 -0.011637 -0.241187 -0.098558 0.886925 -0.381417
1777802233.445067883 -0.846420 0.083133 -0.011654 -0.241748 -0.098941 0.886667 -0.381563
1777802233.544992208 -0.845493 0.083387 -0.011710 -0.241322 -0.098723 0.886944 -0.381244
1777802233.645046711 -0.846024 0.082994 -0.011784 -0.241440 -0.098856 0.886909 -0.381217
1777802233.745123863 -0.844988 0.083908 -0.011764 -0.240887 -0.098559 0.887032 -0.381359
1777802233.844884872 -0.845804 0.083289 -0.011809 -0.241311 -0.098667 0.886938 -0.381281
1777802233.944999218 -0.845123 0.083782 -0.011768 -0.241067 -0.098448 0.887067 -0.381191
1777802234.044956923 -0.845632 0.083527 -0.011806 -0.241296 -0.098550 0.886878 -0.381461
1777802234.144949675 -0.845191 0.083555 -0.011786 -0.241170 -0.098468 0.887070 -0.381114
1777802234.244988203 -0.845402 0.083496 -0.011861 -0.241370 -0.098585 0.886868 -0.381428
1777802234.344929934 -0.844964 0.083694 -0.011921 -0.241247 -0.098541 0.887018 -0.381169
1777802234.445027590 -0.845267 0.083497 -0.012007 -0.241402 -0.098647 0.886913 -0.381286
1777802234.545299768 -0.844761 0.083866 -0.012044 -0.241168 -0.098590 0.886986 -0.381280
1777802234.645066977 -0.844970 0.083601 -0.012134 -0.241379 -0.098698 0.886929 -0.381250
1777802234.744995356 -0.844602 0.083829 -0.012158 -0.241181 -0.098575 0.887005 -0.381231
1777802234.845118761 -0.844664 0.083755 -0.012230 -0.241254 -0.098669 0.886947 -0.381297
1777802234.945315599 -0.844412 0.083734 -0.012273 -0.241247 -0.098542 0.887013 -0.381179
1777802235.045000076 -0.844383 0.083711 -0.012328 -0.241230 -0.098525 0.886965 -0.381305
1777802235.144803286 -0.844116 0.083739 -0.012408 -0.241205 -0.098478 0.887029 -0.381185
1777802235.244826555 -0.844158 0.083639 -0.012486 -0.241328 -0.098548 0.886953 -0.381265
1777802235.345016241 -0.843906 0.083772 -0.012575 -0.241241 -0.098549 0.886998 -0.381217
1777802235.444928885 -0.844001 0.083629 -0.012670 -0.241278 -0.098608 0.886980 -0.381219
1777802235.544826984 -0.843832 0.083675 -0.012785 -0.241206 -0.098630 0.886998 -0.381217
1777802235.644821167 -0.843813 0.083610 -0.012946 -0.241223 -0.098649 0.886984 -0.381234
1777802235.745039225 -0.843707 0.083508 -0.013178 -0.241372 -0.098734 0.886933 -0.381236
1777802235.844996691 -0.841601 0.084957 -0.013450 -0.241395 -0.098664 0.887113 -0.380821
1777802235.944787264 -0.835798 0.089562 -0.013612 -0.241476 -0.098763 0.886843 -0.381371
1777802236.044743061 -0.825796 0.098160 -0.013561 -0.241295 -0.098990 0.886625 -0.381934
1777802236.144898176 -0.812182 0.109667 -0.013226 -0.240442 -0.098811 0.886702 -0.382340
1777802236.244995594 -0.800581 0.119718 -0.012959 -0.240590 -0.099222 0.886529 -0.382540
1777802236.345008850 -0.785808 0.131152 -0.012136 -0.239712 -0.099080 0.886483 -0.383234
1777802236.444916010 -0.779288 0.137958 -0.011817 -0.239261 -0.099347 0.885961 -0.384652
1777802236.545006990 -0.775233 0.139689 -0.011719 -0.239474 -0.099608 0.885372 -0.385808
1777802236.644915819 -0.773940 0.141362 -0.011579 -0.239004 -0.099460 0.885699 -0.385384
1777802236.744845629 -0.775622 0.140473 -0.011579 -0.239353 -0.099624 0.885113 -0.386470
1777802236.844965458 -0.775171 0.140563 -0.011448 -0.239291 -0.099374 0.885612 -0.385430
1777802236.945091724 -0.775429 0.140951 -0.011321 -0.239310 -0.099572 0.885323 -0.386031
1777802237.045388460 -0.775611 0.140753 -0.011149 -0.239576 -0.099521 0.885282 -0.385973
1777802237.145658255 -0.775575 0.140682 -0.010925 -0.239625 -0.099584 0.885416 -0.385618
1777802237.245552540 -0.775702 0.141005 -0.010673 -0.239529 -0.099652 0.885210 -0.386132
1777802237.345514059 -0.775659 0.140699 -0.010316 -0.239599 -0.099621 0.885400 -0.385661
1777802237.444990873 -0.775798 0.140866 -0.009948 -0.239532 -0.099684 0.885283 -0.385956
1777802237.544999838 -0.775588 0.140918 -0.009434 -0.239450 -0.099609 0.885351 -0.385869
1777802237.644777536 -0.776234 0.140345 -0.008858 -0.239430 -0.099506 0.885493 -0.385583
1777802237.745024443 -0.781285 0.135672 -0.008783 -0.239248 -0.099269 0.886036 -0.384508
1777802237.844929695 -0.792100 0.120291 -0.009140 -0.241169 -0.100756 0.884790 -0.385789
1777802237.945091963 -0.797244 0.105141 -0.009746 -0.241227 -0.100919 0.884697 -0.385924
1777802238.044983625 -0.798376 0.086414 -0.010429 -0.242339 -0.101316 0.884235 -0.386181
1777802238.144803762 -0.794318 0.071497 -0.010825 -0.242144 -0.101249 0.883830 -0.387247
1777802238.244845152 -0.784730 0.054915 -0.011029 -0.242729 -0.100988 0.883367 -0.388004
1777802238.345289230 -0.771494 0.036916 -0.011483 -0.243403 -0.101388 0.882760 -0.388858
1777802238.445043325 -0.757036 0.026240 -0.011678 -0.242112 -0.101856 0.882440 -0.390266
1777802238.545042992 -0.740011 0.012798 -0.011859 -0.241609 -0.101786 0.881965 -0.391666
1777802238.645079374 -0.722739 -0.006304 -0.012301 -0.242105 -0.102865 0.881247 -0.392693
1777802238.745083570 -0.705241 -0.019624 -0.012333 -0.242514 -0.103235 0.880540 -0.393928
1777802238.845054388 -0.688483 -0.030758 -0.012055 -0.242240 -0.102781 0.880256 -0.394849
1777802238.945039988 -0.670558 -0.046294 -0.012027 -0.241670 -0.103733 0.879739 -0.396100
1777802239.044791937 -0.650727 -0.062321 -0.011939 -0.241335 -0.104447 0.879803 -0.395974
1777802239.144753456 -0.633374 -0.071407 -0.011795 -0.240810 -0.103219 0.879177 -0.397999
1777802239.244883537 -0.616506 -0.085208 -0.012116 -0.241420 -0.103794 0.878548 -0.398870
1777802239.348317385 -0.597633 -0.101554 -0.013898 -0.241597 -0.105061 0.878694 -0.398108
1777802239.446531773 -0.581101 -0.108759 -0.013399 -0.240534 -0.103891 0.877651 -0.401346
1777802239.545123100 -0.561730 -0.125300 -0.013531 -0.240698 -0.104417 0.877477 -0.401493
1777802239.645040989 -0.540151 -0.140167 -0.012959 -0.240515 -0.105141 0.878252 -0.399714
1777802239.744821548 -0.527200 -0.141322 -0.012194 -0.239750 -0.103608 0.878268 -0.400539
1777802239.844796896 -0.524257 -0.148120 -0.012550 -0.240552 -0.104467 0.877659 -0.401170
1777802239.945068121 -0.522759 -0.151848 -0.012884 -0.240341 -0.104454 0.878040 -0.400465
1777802240.044773579 -0.521462 -0.147957 -0.012923 -0.239146 -0.104170 0.877793 -0.401793
1777802240.144989491 -0.522256 -0.149071 -0.013208 -0.239724 -0.104964 0.877246 -0.402436
1777802240.244915247 -0.521852 -0.149602 -0.013295 -0.239894 -0.104679 0.877352 -0.402178
1777802240.344913483 -0.520959 -0.148261 -0.013413 -0.239364 -0.104741 0.877148 -0.402921
1777802240.444730043 -0.521440 -0.149399 -0.013438 -0.240418 -0.105074 0.877112 -0.402285
1777802240.544754028 -0.522003 -0.150907 -0.013511 -0.240737 -0.105354 0.877320 -0.401567
1777802240.644969702 -0.521046 -0.149578 -0.013474 -0.239911 -0.105051 0.877192 -0.402420
1777802240.745072603 -0.521265 -0.150249 -0.013443 -0.239844 -0.104960 0.877444 -0.401932
1777802240.845039129 -0.521186 -0.151178 -0.013413 -0.239306 -0.104818 0.877241 -0.402733
1777802240.944979906 -0.521972 -0.153312 -0.013332 -0.239724 -0.106028 0.874341 -0.408435
1777802241.044981718 -0.520925 -0.157659 -0.013265 -0.239469 -0.107691 0.871367 -0.414460
1777802241.144848347 -0.518319 -0.164401 -0.013178 -0.237370 -0.109174 0.869305 -0.419578
1777802241.244955540 -0.517512 -0.173157 -0.013021 -0.235848 -0.111925 0.864622 -0.429276
1777802241.445020199 -0.510058 -0.182455 -0.013014 -0.233074 -0.118127 0.851527 -0.454560
1777802241.544754267 -0.505523 -0.186650 -0.013445 -0.231317 -0.122419 0.843658 -0.468773
1777802241.645005226 -0.500768 -0.191258 -0.013868 -0.230132 -0.126405 0.836094 -0.481671
1777802241.744998693 -0.495694 -0.194174 -0.014206 -0.228228 -0.129574 0.829182 -0.493539
1777802241.844804764 -0.491629 -0.197606 -0.014539 0.226652 0.132477 -0.822973 0.503780
1777802241.944837570 -0.487635 -0.201050 -0.014855 0.225086 0.135501 -0.816014 0.514875
1777802242.044814348 -0.483371 -0.204518 -0.015093 0.223477 0.138964 -0.808575 0.526264
1777802242.145016432 -0.478095 -0.207188 -0.015231 0.221379 0.141817 -0.800904 0.537989
1777802242.245361805 -0.473438 -0.210369 -0.015337 0.219476 0.145252 -0.792600 0.550016
1777802242.344752312 -0.467604 -0.213622 -0.015255 0.217648 0.148880 -0.783559 0.562583
1777802242.445038795 -0.461913 -0.216178 -0.015179 0.215684 0.151949 -0.775368 0.573757
1777802242.544990540 -0.453975 -0.218404 -0.014877 0.212890 0.155607 -0.765446 0.586989
1777802242.644990683 -0.447091 -0.220624 -0.014751 0.210224 0.159136 -0.755452 0.599811
1777802242.745029926 -0.439680 -0.222909 -0.014494 0.207458 0.162915 -0.744522 0.613275
1777802242.844839096 -0.432810 -0.224859 -0.014269 0.204938 0.166532 -0.733752 0.626000
1777802242.944739580 -0.425702 -0.226169 -0.013880 0.202116 0.169556 -0.724375 0.636931
1777802243.044843435 -0.420414 -0.227950 -0.013659 0.200432 0.171909 -0.716297 0.645904
1777802243.144886732 -0.412191 -0.228169 -0.013169 0.197137 0.175249 -0.705343 0.657964
1777802243.244853973 -0.406510 -0.230002 -0.013047 0.194872 0.178321 -0.695357 0.668361
1777802243.345098972 -0.399447 -0.230436 -0.012811 0.192152 0.180951 -0.684685 0.679368
1777802243.445052862 -0.391826 -0.229310 -0.012427 0.188913 0.183699 -0.673279 0.690841
1777802243.544806480 -0.384994 -0.229761 -0.012304 0.186083 0.186660 -0.662176 0.701466
1777802243.644804239 -0.377434 -0.229358 -0.012021 0.182802 0.189487 -0.650694 0.712233
1777802243.745070934 -0.370961 -0.228764 -0.011830 0.180181 0.192115 -0.639972 0.721847
1777802243.845026970 -0.362044 -0.226683 -0.011527 0.176463 0.195270 -0.626619 0.733539
1777802243.944872141 -0.353766 -0.226178 -0.011456 0.172983 0.198927 -0.612153 0.745502
1777802244.045129061 -0.345351 -0.224742 -0.011294 0.169151 0.202276 -0.597479 0.757292
1777802244.144791603 -0.336105 -0.221632 -0.010986 0.164970 0.205520 -0.582649 0.768808
1777802244.245070696 -0.326809 -0.218397 -0.010817 0.160553 0.208856 -0.566815 0.780591
1777802244.345257044 -0.318059 -0.215660 -0.010747 0.156153 0.212206 -0.550601 0.792100
1777802244.444806337 -0.309261 -0.212572 -0.010752 0.151660 0.215463 -0.534010 0.803373
1777802244.545079947 -0.300720 -0.207891 -0.010667 0.146808 0.218492 -0.516804 0.814630
1777802244.645010471 -0.293418 -0.202705 -0.010459 0.141997 0.220915 -0.500250 0.825096
1777802244.744876146 -0.285969 -0.199019 -0.010438 0.137889 0.223866 -0.484194 0.834522
1777802244.845067739 -0.279084 -0.195642 -0.010452 0.133689 0.226576 -0.467851 0.843745
1777802244.944787025 -0.273475 -0.192151 -0.010511 0.129743 0.228772 -0.452544 0.852076
1777802245.045065880 -0.267581 -0.186931 -0.010256 0.125340 0.230750 -0.437240 0.860154
1777802245.144839048 -0.263504 -0.183471 -0.010015 0.122016 0.232307 -0.425190 0.866233
1777802245.244781494 -0.258120 -0.180182 -0.009984 0.118743 0.234156 -0.413293 0.871929
1777802245.344891310 -0.252984 -0.175345 -0.009995 0.114780 0.235711 -0.399554 0.878420
1777802245.445060492 -0.248534 -0.170123 -0.009858 0.110773 0.237092 -0.385819 0.884681
1777802245.544861078 -0.243297 -0.164526 -0.009883 0.106601 0.238999 -0.369446 0.891642
1777802245.644832850 -0.238334 -0.158330 -0.009945 0.102016 0.240772 -0.353330 0.898209
1777802245.744849205 -0.232750 -0.152246 -0.010100 0.097442 0.242857 -0.336151 0.904725
1777802245.845084429 -0.230038 -0.147823 -0.010128 0.093987 0.244161 -0.323005 0.909516
1777802245.944881439 -0.225295 -0.140853 -0.010068 0.090024 0.245905 -0.308732 0.914391
1777802246.044825554 -0.221336 -0.133699 -0.010057 0.085845 0.247272 -0.293258 0.919504
1777802246.144868612 -0.216890 -0.126678 -0.010003 0.081342 0.248620 -0.277237 0.924506
1777802246.244821072 -0.213274 -0.119657 -0.009898 0.076670 0.250000 -0.259903 0.929555
1777802246.344878912 -0.210608 -0.111462 -0.009641 0.071833 0.250959 -0.242924 0.934263
1777802246.444859505 -0.208646 -0.105847 -0.009389 0.068228 0.251648 -0.229954 0.937624
1777802246.545046568 -0.209658 -0.100603 -0.008409 0.065944 0.250768 -0.223970 0.939470
1777802246.645018578 -0.211688 -0.097510 -0.007598 0.063497 0.250015 -0.214030 0.942153
1777802246.745048761 -0.206916 -0.097011 -0.007057 0.060167 0.253143 -0.201468 0.944303
1777802246.845092773 -0.206216 -0.097284 -0.006193 0.057578 0.252425 -0.186769 0.947673
1777802246.944900751 -0.198936 -0.093905 -0.005593 0.055528 0.252961 -0.180784 0.948812
1777802247.045119762 -0.193346 -0.087046 -0.005407 0.050859 0.252869 -0.166749 0.951664
1777802247.144828558 -0.189144 -0.080562 -0.005485 0.045306 0.253744 -0.148567 0.954719
1777802247.244909048 -0.185259 -0.074373 -0.005501 0.041352 0.254442 -0.134398 0.956810
1777802247.345135689 -0.181770 -0.067918 -0.005489 0.036863 0.255336 -0.118122 0.958901
1777802247.445098400 -0.178762 -0.061002 -0.005519 0.031778 0.256294 -0.100262 0.960860
1777802247.544857025 -0.176213 -0.054486 -0.005616 0.027614 0.256839 -0.085062 0.962307
1777802247.645087242 -0.174328 -0.047751 -0.005658 0.023378 0.257308 -0.069583 0.963537
1777802247.744835615 -0.172017 -0.040850 -0.005721 0.018872 0.258141 -0.053140 0.964460
1777802247.844867229 -0.170015 -0.035229 -0.005719 0.015069 0.258828 -0.039599 0.964994
1777802247.944829702 -0.169008 -0.028807 -0.005819 0.011574 0.258948 -0.026330 0.965463
1777802248.044844389 -0.168752 -0.022193 -0.005971 0.007602 0.258922 -0.012101 0.965793
1777802248.144756079 -0.165845 -0.017005 -0.006090 0.004778 0.259855 -0.000889 0.965635
1777802248.244829655 -0.166550 -0.011041 -0.006068 0.003123 0.259683 0.007123 0.965663
1777802248.345118761 -0.170764 -0.004145 -0.005465 -0.001120 0.258391 0.020556 0.965821
1777802248.445098877 -0.163562 -0.000749 -0.005818 -0.006696 0.262013 0.041384 0.964153
1777802248.545076847 -0.171618 0.006177 -0.006153 -0.009690 0.258662 0.053016 0.964463
1777802248.644857168 -0.169575 0.012212 -0.006584 -0.013786 0.259220 0.066064 0.963458
1777802248.745129108 -0.166969 0.019207 -0.006896 -0.017281 0.260462 0.079073 0.962085
1777802248.844811440 -0.170299 0.026570 -0.006998 -0.021552 0.259655 0.092654 0.961005
1777802248.944840193 -0.170935 0.033142 -0.007327 -0.025903 0.259263 0.108783 0.959311
1777802249.045049906 -0.169104 0.039260 -0.007818 -0.030005 0.259698 0.124270 0.957191
1777802249.144845486 -0.170480 0.044847 -0.008246 -0.033627 0.259436 0.137722 0.955298
1777802249.244788170 -0.173118 0.049003 -0.008720 -0.036727 0.258752 0.148959 0.953682
1777802249.344761610 -0.173689 0.053238 -0.009037 -0.039522 0.259034 0.159627 0.951766
1777802249.444980621 -0.179461 0.058252 -0.008631 -0.043038 0.256593 0.167522 0.950918
1777802249.544881344 -0.175484 0.059720 -0.008730 -0.047505 0.256818 0.185962 0.947210
1777802249.644895792 -0.181451 0.060646 -0.008906 -0.046063 0.253115 0.186124 0.948245
1777802249.744798660 -0.186238 0.064342 -0.008787 -0.048634 0.251760 0.197362 0.946203
1777802249.845131397 -0.182878 0.069625 -0.009316 -0.052604 0.252969 0.211292 0.942653
1777802249.944835663 -0.184280 0.074376 -0.009869 -0.055454 0.253013 0.223752 0.939598
1777802250.044874430 -0.186634 0.078557 -0.010560 -0.059153 0.252080 0.236694 0.936447
1777802250.144795656 -0.187032 0.084157 -0.011049 -0.062610 0.252017 0.250310 0.932691
1777802250.244769573 -0.190567 0.089440 -0.011423 -0.066541 0.250889 0.263936 0.928959
1777802250.344841003 -0.193221 0.093937 -0.011858 -0.069671 0.250120 0.274900 0.925751
1777802250.444861412 -0.194602 0.099580 -0.011841 -0.072415 0.250032 0.284710 0.922594
1777802250.544786453 -0.199147 0.103250 -0.011801 -0.073319 0.248622 0.291093 0.920911
1777802250.644822121 -0.206577 0.106927 -0.011362 -0.076848 0.245908 0.302491 0.917673
1777802250.744774580 -0.203903 0.114288 -0.011542 -0.083850 0.247534 0.320712 0.910407
1777802250.844866276 -0.212571 0.116573 -0.011590 -0.086044 0.244650 0.333677 0.906312
1777802250.944927931 -0.215203 0.122953 -0.012077 -0.090778 0.243195 0.350120 0.900017
1777802251.044862032 -0.219373 0.128756 -0.012592 -0.094748 0.241894 0.364915 0.894062
1777802251.144853592 -0.226236 0.133571 -0.012691 -0.098938 0.239530 0.379220 0.888273
1777802251.244775295 -0.229823 0.139022 -0.013014 -0.102336 0.238506 0.391601 0.882775
1777802251.344933271 -0.234724 0.143036 -0.013265 -0.105859 0.236706 0.405285 0.876646
1777802251.444864273 -0.239919 0.147111 -0.013446 -0.109268 0.234762 0.418028 0.870747
1777802251.544782877 -0.245103 0.151886 -0.013582 -0.113012 0.233173 0.431980 0.863859
1777802251.644799232 -0.250922 0.156070 -0.013608 -0.117004 0.231072 0.446005 0.856735
1777802251.744838715 -0.257191 0.160864 -0.013775 -0.121420 0.229086 0.461595 0.848355
1777802251.844841957 -0.264115 0.164879 -0.013724 -0.125691 0.226602 0.476237 0.840269
1777802251.945130825 -0.269160 0.168625 -0.013784 -0.129129 0.224812 0.488703 0.833039
1777802252.044761419 -0.272996 0.170903 -0.013867 -0.131656 0.223430 0.498132 0.827412
1777802252.144906759 -0.277548 0.170038 -0.013448 -0.132262 0.221154 0.502002 0.825586
1777802252.244879484 -0.277533 0.170467 -0.013131 -0.133425 0.220768 0.505126 0.823594
1777802252.344759464 -0.275519 0.175233 -0.013166 -0.135358 0.222308 0.506311 0.822135
1777802252.444761753 -0.277012 0.172562 -0.013236 -0.134817 0.220732 0.506368 0.822614
1777802252.545688629 -0.276654 0.172449 -0.013296 -0.134296 0.220841 0.506321 0.822699
1777802252.645598650 -0.275903 0.174177 -0.013500 -0.134526 0.220865 0.506380 0.822618
1777802252.744782686 -0.276729 0.172432 -0.013538 -0.134093 0.220158 0.506234 0.822968
1777802252.844969988 -0.276225 0.173312 -0.013563 -0.134128 0.221019 0.505805 0.822995
1777802252.944825649 -0.276086 0.173607 -0.013643 -0.134514 0.221187 0.506059 0.822731
1777802253.044887304 -0.276324 0.173181 -0.013627 -0.134398 0.221289 0.506031 0.822740
1777802253.144950628 -0.275938 0.174127 -0.013670 -0.134548 0.221803 0.505992 0.822601
1777802253.244818449 -0.276684 0.173146 -0.013667 -0.134550 0.221251 0.505936 0.822784
1777802253.344990015 -0.276262 0.173739 -0.013704 -0.134501 0.221647 0.506030 0.822627
1777802253.444800615 -0.276869 0.172992 -0.013697 -0.134342 0.221202 0.505902 0.822852
1777802253.544802904 -0.276719 0.173176 -0.013725 -0.134421 0.221275 0.506076 0.822712
1777802253.644899845 -0.277021 0.172890 -0.013686 -0.134071 0.221223 0.505845 0.822925
1777802253.744858503 -0.277001 0.172743 -0.013666 -0.134267 0.221143 0.506152 0.822726
1777802253.844922781 -0.277185 0.172708 -0.013660 -0.134160 0.221252 0.505839 0.822907
1777802253.944792032 -0.277172 0.172585 -0.013584 -0.134176 0.221238 0.506112 0.822740
1777802254.044807434 -0.277339 0.172305 -0.013514 -0.134199 0.221242 0.506016 0.822794
1777802254.144953012 -0.277262 0.172375 -0.013420 -0.134215 0.221402 0.505967 0.822779
1777802254.244916439 -0.277455 0.171693 -0.013285 -0.134210 0.221205 0.506151 0.822719
1777802254.344867468 -0.277366 0.171624 -0.013148 -0.134230 0.221376 0.506024 0.822748
1777802254.444922447 -0.276621 0.172024 -0.012732 -0.134570 0.221868 0.505445 0.822916
1777802254.544803858 -0.275022 0.172797 -0.012304 -0.133574 0.221814 0.501848 0.825291
1777802254.644811392 -0.270014 0.172432 -0.011673 -0.130102 0.223169 0.492825 0.830898
1777802254.744889021 -0.263404 0.172881 -0.011176 -0.127578 0.225381 0.481561 0.837273
1777802254.844952583 -0.257602 0.171294 -0.010687 -0.124298 0.228185 0.468340 0.844476
1777802254.944815159 -0.252769 0.166047 -0.010247 -0.118934 0.229504 0.452659 0.853395
1777802255.044953108 -0.247563 0.162278 -0.009855 -0.114998 0.231486 0.437525 0.861256
1777802255.144828320 -0.240075 0.157509 -0.009766 -0.111487 0.233500 0.422656 0.868568
1777802255.244806290 -0.234958 0.153839 -0.009277 -0.107049 0.236309 0.404389 0.877023
1777802255.344812870 -0.231820 0.148811 -0.008822 -0.102209 0.237936 0.388333 0.884385
1777802255.444793701 -0.227367 0.140868 -0.008651 -0.098609 0.237670 0.374735 0.890709
1777802255.544932127 -0.221320 0.136598 -0.008230 -0.094484 0.240757 0.359601 0.896547
1777802255.644870520 -0.219095 0.130759 -0.007843 -0.089293 0.242189 0.342445 0.903384
1777802255.744923353 -0.217476 0.123421 -0.007544 -0.085882 0.242927 0.328565 0.908656
1777802255.844962835 -0.214044 0.117882 -0.007150 -0.081505 0.244029 0.314253 0.913812
1777802255.944924355 -0.212321 0.111597 -0.006944 -0.077299 0.244124 0.298886 0.919291
1777802256.044799805 -0.206791 0.106576 -0.006701 -0.073758 0.246198 0.284251 0.923660
1777802256.144916534 -0.200398 0.101082 -0.006497 -0.069572 0.248885 0.267440 0.928274
1777802256.244910717 -0.196407 0.095023 -0.006160 -0.064371 0.250668 0.248437 0.933435
1777802256.344861031 -0.194250 0.089248 -0.005891 -0.060270 0.251373 0.233137 0.937457
1777802256.444918394 -0.192519 0.082860 -0.005687 -0.056309 0.251974 0.218007 0.941176
1777802256.544918060 -0.193001 0.075935 -0.005469 -0.051509 0.251483 0.202079 0.945128
1777802256.644925594 -0.193209 0.071050 -0.005319 -0.048764 0.251538 0.191421 0.947475
1777802256.744844675 -0.192009 0.066247 -0.005032 -0.045635 0.252449 0.178534 0.949901
1777802256.844901085 -0.189430 0.060645 -0.004822 -0.041906 0.253371 0.164507 0.952357
1777802256.944926739 -0.188305 0.054002 -0.004516 -0.037540 0.253801 0.147983 0.955132
1777802257.044886112 -0.187156 0.047754 -0.004368 -0.033309 0.253726 0.132137 0.957629
1777802257.144835949 -0.185108 0.040502 -0.003984 -0.029023 0.254577 0.115503 0.959691
1777802257.244932890 -0.183556 0.033208 -0.003715 -0.024172 0.255411 0.097540 0.961596
1777802257.344988823 -0.182503 0.025352 -0.003372 -0.019716 0.255825 0.081661 0.963066
1777802257.444996119 -0.182810 0.017326 -0.003047 -0.014527 0.255362 0.063407 0.964655
1777802257.544922113 -0.181406 0.008189 -0.002657 -0.009624 0.256158 0.046129 0.965486
1777802257.644944429 -0.181551 0.001266 -0.002689 -0.005649 0.256378 0.031343 0.966052
1777802257.745015860 -0.181381 -0.006525 -0.002943 -0.001724 0.256633 0.016925 0.966359
1777802257.844812632 -0.182180 -0.013921 -0.002919 0.002762 0.256369 0.001142 0.966574
1777802257.944948912 -0.183118 -0.022534 -0.003103 0.007675 0.255764 -0.016540 0.966567
1777802258.044883728 -0.184051 -0.029929 -0.003169 0.012433 0.255715 -0.034246 0.966065
1777802258.144882917 -0.185278 -0.037764 -0.003217 0.017258 0.255576 -0.053017 0.965180
1777802258.244998693 -0.186960 -0.045308 -0.003218 0.022507 0.255637 -0.072953 0.963754
1777802258.345030785 -0.188633 -0.053631 -0.003380 0.027694 0.255337 -0.092166 0.962051
1777802258.445007563 -0.191222 -0.062422 -0.003397 0.032994 0.254712 -0.111379 0.960015
1777802258.544831038 -0.194340 -0.070897 -0.003507 0.038393 0.253601 -0.130891 0.957643
1777802258.644888878 -0.196872 -0.077920 -0.003821 0.042728 0.252809 -0.146453 0.955413
1777802258.744959593 -0.199295 -0.084382 -0.003847 0.046834 0.252698 -0.160739 0.952950
1777802258.844820738 -0.201074 -0.090098 -0.003968 0.050447 0.252572 -0.172895 0.950668
1777802258.944952488 -0.203921 -0.094176 -0.004192 0.053446 0.251231 -0.184221 0.948730
1777802259.044903994 -0.206696 -0.097207 -0.004573 0.056076 0.250378 -0.190865 0.947490
1777802259.144888639 -0.205191 -0.101202 -0.005019 0.056730 0.251937 -0.191825 0.946844
1777802259.244909048 -0.204164 -0.101132 -0.005271 0.056950 0.252186 -0.192047 0.946719
1777802259.344903469 -0.206854 -0.100319 -0.005346 0.056620 0.250579 -0.191586 0.947259
1777802259.444905758 -0.206523 -0.100652 -0.005453 0.056698 0.251120 -0.191509 0.947126
1777802259.545004845 -0.207234 -0.100187 -0.005440 0.056873 0.251192 -0.192643 0.946867
1777802259.645019531 -0.206872 -0.100739 -0.005280 0.057122 0.251728 -0.191802 0.946880
1777802259.744880915 -0.207445 -0.100351 -0.005159 0.057004 0.251486 -0.192346 0.946841
1777802259.844863415 -0.207686 -0.100420 -0.004974 0.057076 0.251422 -0.191823 0.946960
1777802259.945047617 -0.208029 -0.100125 -0.004782 0.057066 0.251200 -0.192212 0.946941
1777802260.044897795 -0.207982 -0.100233 -0.004577 0.057038 0.251252 -0.192002 0.946971
1777802260.144974232 -0.208390 -0.100002 -0.004330 0.057138 0.250995 -0.192118 0.947010
1777802260.244948387 -0.207991 -0.100165 -0.004083 0.057105 0.251223 -0.192048 0.946966
1777802260.344957590 -0.208318 -0.099971 -0.003793 0.057078 0.250985 -0.192077 0.947024
1777802260.444966793 -0.207826 -0.100280 -0.003502 0.057132 0.251113 -0.191938 0.947015
1777802260.544904232 -0.207955 -0.100159 -0.003210 0.057083 0.251035 -0.192088 0.947009
1777802260.644916296 -0.207557 -0.100549 -0.002930 0.057157 0.251069 -0.191837 0.947046
1777802260.745036840 -0.207592 -0.100512 -0.002669 0.056998 0.250998 -0.192051 0.947031
1777802260.845023870 -0.207300 -0.100751 -0.002566 0.057060 0.251026 -0.191838 0.947063
1777802260.944973707 -0.207473 -0.100674 -0.002496 0.057042 0.250915 -0.191963 0.947068
1777802261.044886589 -0.207150 -0.100921 -0.002372 0.057067 0.251077 -0.191872 0.947042
1777802261.145048141 -0.207372 -0.100786 -0.002271 0.057080 0.250912 -0.191938 0.947072
1777802261.244919777 -0.207184 -0.100995 -0.002063 0.057033 0.251032 -0.191846 0.947061
1777802261.344909191 -0.207238 -0.100944 -0.002070 0.057081 0.250911 -0.191956 0.947068
1777802261.445026636 -0.207167 -0.101085 -0.001939 0.057017 0.251002 -0.191817 0.947076
1777802261.544941187 -0.207158 -0.100980 -0.002007 0.057067 0.250973 -0.191914 0.947061
1777802261.644989729 -0.207076 -0.101070 -0.001939 0.057076 0.250974 -0.191926 0.947058
1777802261.744909525 -0.207186 -0.100948 -0.003006 0.057043 0.250959 -0.191984 0.947052
1777802261.844980240 -0.207165 -0.100961 -0.002840 0.057082 0.250960 -0.192023 0.947042
1777802261.945061922 -0.207263 -0.101048 -0.004242 0.057063 0.250943 -0.192085 0.947035
1777802262.045032024 -0.207324 -0.101027 -0.004326 0.057079 0.250920 -0.192073 0.947042
1777802262.145019293 -0.207350 -0.101012 -0.004446 0.057038 0.250949 -0.192072 0.947037
1777802262.245031357 -0.207518 -0.100904 -0.004619 0.057032 0.250942 -0.192092 0.947035
1777802262.344997168 -0.207588 -0.100822 -0.004811 0.057090 0.251017 -0.192052 0.947020
1777802262.444971561 -0.207745 -0.100666 -0.005002 0.057078 0.251032 -0.192093 0.947009
1777802262.545000792 -0.207835 -0.100565 -0.005205 0.057107 0.251105 -0.192056 0.946995
1777802262.644881725 -0.207967 -0.100405 -0.005424 0.057120 0.251161 -0.192109 0.946969
1777802262.744931698 -0.207995 -0.100283 -0.005640 0.057088 0.251335 -0.192066 0.946933
1777802262.845203400 -0.208015 -0.100133 -0.005856 0.057139 0.251334 -0.192086 0.946926
1777802262.945079327 -0.207882 -0.100072 -0.006050 0.057108 0.251409 -0.192052 0.946915
1777802263.044888735 -0.207689 -0.100012 -0.006202 0.057111 0.251412 -0.192052 0.946914
1777802263.145081758 -0.207234 -0.099691 -0.006235 0.056803 0.251294 -0.191171 0.947142
1777802263.244984150 -0.202342 -0.100358 -0.005948 0.056140 0.254343 -0.185584 0.947479
1777802263.345037699 -0.204823 -0.094927 -0.005781 0.054242 0.250725 -0.179356 0.949751
1777802263.444906235 -0.200794 -0.090502 -0.005804 0.051794 0.250288 -0.170484 0.951634
1777802263.544906855 -0.192118 -0.088646 -0.005679 0.049445 0.252009 -0.161514 0.952869
1777802263.645048618 -0.187456 -0.084619 -0.005566 0.047450 0.253024 -0.152790 0.954140
1777802263.744967937 -0.187769 -0.079625 -0.005430 0.044392 0.252495 -0.143403 0.955882
1777802263.844874620 -0.182748 -0.075989 -0.005271 0.040896 0.254348 -0.129947 0.957470
1777802263.945008755 -0.179763 -0.069913 -0.005139 0.036941 0.254949 -0.115618 0.959306
1777802264.045050144 -0.178374 -0.063127 -0.005087 0.032061 0.255243 -0.098601 0.961302
1777802264.144908667 -0.174618 -0.056821 -0.005103 0.027576 0.256116 -0.081210 0.962834
1777802264.244899035 -0.173411 -0.051619 -0.005086 0.023536 0.256453 -0.066921 0.963950
1777802264.345064163 -0.172796 -0.048003 -0.004892 0.021537 0.257236 -0.058606 0.964330
1777802264.445082188 -0.171897 -0.045973 -0.004605 0.019725 0.257319 -0.054094 0.964610
1777802264.544977188 -0.170359 -0.045524 -0.004444 0.018181 0.256708 -0.051420 0.964949
1777802264.645047426 -0.169599 -0.045780 -0.004220 0.018814 0.256989 -0.051387 0.964864
1777802264.744925976 -0.170494 -0.045787 -0.004058 0.018334 0.256982 -0.051964 0.964844
1777802264.844935894 -0.167674 -0.046205 -0.004039 0.018682 0.257583 -0.050848 0.964736
1777802264.945039988 -0.168081 -0.045922 -0.003958 0.018568 0.257383 -0.051587 0.964753
1777802265.045000553 -0.168209 -0.045859 -0.003938 0.018290 0.257492 -0.051607 0.964728
1777802265.144950151 -0.167324 -0.046198 -0.003938 0.018617 0.257773 -0.051092 0.964674
1777802265.244940281 -0.168618 -0.045854 -0.003920 0.018301 0.257362 -0.051628 0.964761
1777802265.344955444 -0.167812 -0.045926 -0.003974 0.018292 0.257576 -0.051346 0.964719
1777802265.444992065 -0.168791 -0.045790 -0.003985 0.018299 0.257063 -0.051582 0.964844
1777802265.544905901 -0.168661 -0.045900 -0.004035 0.018285 0.257160 -0.051456 0.964825
1777802265.644925356 -0.168680 -0.045826 -0.004081 0.018357 0.257229 -0.051628 0.964796
1777802265.744956493 -0.169074 -0.045846 -0.004123 0.018302 0.257172 -0.051437 0.964822
1777802265.844968081 -0.168775 -0.045857 -0.004166 0.018415 0.257460 -0.051471 0.964741
1777802265.944934368 -0.169122 -0.045759 -0.004208 0.018366 0.257533 -0.051559 0.964718
1777802266.044966936 -0.169075 -0.045804 -0.004285 0.018351 0.257584 -0.051343 0.964716
1777802266.145017862 -0.169285 -0.045697 -0.004348 0.018415 0.257563 -0.051600 0.964707
1777802266.244979382 -0.169280 -0.045791 -0.004411 0.018373 0.257595 -0.051421 0.964709
1777802266.345049620 -0.169472 -0.045771 -0.004494 0.018415 0.257384 -0.051572 0.964756
1777802266.444994450 -0.169406 -0.045831 -0.004580 0.018343 0.257456 -0.051510 0.964742
1777802266.545088530 -0.169636 -0.045860 -0.004624 0.018394 0.257335 -0.051517 0.964773
1777802266.644905090 -0.169546 -0.045921 -0.004642 0.018382 0.257418 -0.051535 0.964750
1777802266.745045900 -0.169851 -0.045904 -0.004650 0.018376 0.257321 -0.051528 0.964776
1777802266.845072031 -0.169763 -0.045974 -0.004643 0.018372 0.257372 -0.051534 0.964762
1777802266.944967031 -0.169885 -0.045971 -0.004619 0.018332 0.257331 -0.051555 0.964773
1777802267.044908762 -0.169848 -0.045979 -0.004597 0.018360 0.257378 -0.051504 0.964762
1777802267.145068407 -0.169861 -0.045974 -0.004580 0.018374 0.257392 -0.051555 0.964756
1777802267.245088339 -0.169887 -0.045966 -0.004570 0.018349 0.257465 -0.051505 0.964740
1777802267.344983816 -0.169887 -0.045959 -0.004584 0.018387 0.257448 -0.051551 0.964741
1777802267.445025206 -0.169904 -0.045918 -0.004607 0.018395 0.257483 -0.051529 0.964733
1777802267.545113802 -0.169969 -0.045857 -0.004604 0.018429 0.257525 -0.051528 0.964721
1777802267.645118713 -0.169835 -0.045865 -0.004622 0.018441 0.257485 -0.051569 0.964729
1777802267.745047808 -0.169906 -0.045850 -0.004637 0.018418 0.257494 -0.051545 0.964728
1777802267.845080376 -0.169792 -0.045881 -0.004672 0.018413 0.257526 -0.051555 0.964719
1777802267.944953203 -0.169790 -0.045905 -0.004685 0.018394 0.257533 -0.051565 0.964717
1777802268.045149088 -0.169683 -0.045961 -0.004692 0.018411 0.257481 -0.051553 0.964731
1777802268.145077467 -0.169562 -0.045986 -0.004695 0.018403 0.257485 -0.051577 0.964729
1777802268.245033264 -0.169452 -0.046063 -0.004681 0.018391 0.257452 -0.051551 0.964740
1777802268.345003366 -0.169296 -0.046138 -0.004663 0.018389 0.257402 -0.051546 0.964753
1777802268.445051908 -0.169205 -0.046184 -0.004692 0.018324 0.257422 -0.051526 0.964750
1777802268.545010567 -0.169148 -0.046212 -0.004726 0.018328 0.257363 -0.051511 0.964767
1777802268.644961119 -0.169114 -0.046220 -0.004735 0.018353 0.257356 -0.051523 0.964768
1777802268.745036602 -0.169110 -0.046212 -0.004721 0.018322 0.257347 -0.051509 0.964771
1777802268.845040560 -0.169064 -0.046184 -0.004692 0.018387 0.257394 -0.051515 0.964757
1777802268.945000648 -0.169070 -0.046170 -0.004649 0.018404 0.257366 -0.051513 0.964765
1777802269.045155764 -0.169083 -0.046165 -0.004632 0.018365 0.257411 -0.051510 0.964753
1777802269.145064592 -0.169082 -0.046132 -0.004583 0.018459 0.257442 -0.051505 0.964744
1777802269.245068073 -0.169077 -0.046164 -0.004540 0.018416 0.257406 -0.051483 0.964755
1777802269.345068932 -0.169011 -0.046189 -0.004476 0.018376 0.257393 -0.051489 0.964759
1777802269.445032597 -0.168993 -0.046216 -0.004422 0.018362 0.257372 -0.051483 0.964765
1777802269.545009851 -0.168974 -0.046242 -0.004359 0.018328 0.257389 -0.051500 0.964761
1777802269.645020247 -0.168955 -0.046312 -0.004315 0.018349 0.257352 -0.051510 0.964769
1777802269.745090723 -0.168951 -0.046372 -0.004258 0.018313 0.257392 -0.051498 0.964760
1777802269.845057964 -0.168899 -0.046438 -0.004195 0.018341 0.257361 -0.051515 0.964767
1777802269.945012808 -0.168888 -0.046398 -0.003082 0.018348 0.257330 -0.051453 0.964778
1777802270.045133352 -0.168847 -0.046441 -0.002790 0.018353 0.257382 -0.051435 0.964765
1777802270.145087004 -0.168831 -0.046509 -0.002514 0.018401 0.257358 -0.051441 0.964770
1777802270.245116949 -0.168857 -0.046559 -0.002229 0.018316 0.257388 -0.051426 0.964765
1777802270.345070601 -0.168801 -0.046512 -0.003871 0.018364 0.257327 -0.051536 0.964775
1777802270.444948912 -0.168840 -0.046379 -0.003442 0.018398 0.257345 -0.051521 0.964770
1777802270.544973612 -0.168841 -0.046382 -0.002718 0.018395 0.257355 -0.051484 0.964769
1777802270.645100355 -0.168861 -0.046393 -0.002502 0.018395 0.257338 -0.051459 0.964775
1777802270.744989395 -0.168868 -0.046396 -0.002269 0.018361 0.257372 -0.051416 0.964769
1777802270.845099211 -0.168855 -0.046449 -0.002053 0.018388 0.257307 -0.051400 0.964787
1777802270.945087671 -0.168879 -0.046469 -0.001844 0.018340 0.257322 -0.051374 0.964785
1777802271.045120955 -0.168885 -0.046532 -0.001677 0.018302 0.257303 -0.051365 0.964791
1777802271.145029068 -0.169021 -0.046326 -0.002088 0.018378 0.257300 -0.051425 0.964787
1777802271.244962692 -0.169110 -0.046374 -0.001892 0.018288 0.257303 -0.051385 0.964790
1777802271.345159531 -0.169204 -0.046390 -0.001730 0.018319 0.257281 -0.051363 0.964797
1777802271.444996834 -0.169235 -0.046019 -0.003330 0.018384 0.257333 -0.051473 0.964776
1777802271.545059919 -0.169332 -0.046335 -0.001675 0.018292 0.257334 -0.051386 0.964782
1777802271.645107269 -0.169458 -0.046389 -0.001620 0.018294 0.257361 -0.051341 0.964777
1777802271.745152950 -0.169547 -0.045943 -0.003021 0.018387 0.257389 -0.051462 0.964761
1777802271.845054150 -0.169699 -0.046136 -0.002055 0.018353 0.257425 -0.051401 0.964756
1777802271.945095062 -0.169838 -0.046231 -0.002012 0.018324 0.257452 -0.051404 0.964749
1777802272.045126915 -0.169976 -0.046002 -0.002975 0.018367 0.257447 -0.051475 0.964746
1777802272.144992590 -0.170135 -0.046042 -0.002880 0.018415 0.257419 -0.051456 0.964753
1777802272.245049715 -0.170245 -0.046081 -0.002784 0.018422 0.257400 -0.051428 0.964760
1777802272.345134258 -0.170351 -0.046154 -0.002713 0.018418 0.257435 -0.051423 0.964751
1777802272.445154667 -0.170325 -0.046067 -0.003375 0.018464 0.257360 -0.051454 0.964768
1777802272.545034409 -0.170407 -0.046096 -0.003292 0.018422 0.257456 -0.051449 0.964743
1777802272.645077705 -0.170479 -0.046159 -0.003208 0.018456 0.257473 -0.051442 0.964739
1777802272.745003462 -0.170549 -0.046249 -0.003142 0.018414 0.257502 -0.051427 0.964733
1777802272.845000744 -0.170602 -0.046354 -0.003096 0.018354 0.257531 -0.051398 0.964727
1777802272.945072651 -0.170624 -0.046480 -0.003098 0.018307 0.257546 -0.051389 0.964725
1777802273.045056343 -0.170635 -0.046603 -0.003182 0.018169 0.257574 -0.051376 0.964721
1777802273.145023584 -0.170628 -0.046689 -0.003392 0.018094 0.257563 -0.051341 0.964727
1777802273.245178938 -0.170557 -0.046760 -0.003784 0.017973 0.257544 -0.051335 0.964735
1777802273.345148325 -0.170464 -0.046718 -0.004383 0.017861 0.257523 -0.051293 0.964745
1777802273.445003271 -0.170358 -0.046594 -0.005254 0.017753 0.257482 -0.051239 0.964760
1777802273.545031071 -0.170238 -0.046369 -0.006443 0.017525 0.257454 -0.051166 0.964776
1777802273.645131826 -0.170118 -0.045954 -0.007997 0.017399 0.257496 -0.051105 0.964770
1777802273.745185852 -0.169946 -0.045373 -0.009981 0.017158 0.257469 -0.051003 0.964787
1777802273.845083475 -0.169773 -0.044598 -0.012399 0.016935 0.257456 -0.050886 0.964801
